4400 8800
1871 2559
2548 3050
1674 2365
1950 2986
3137 3802
2811 2875
3815 3899
358 614
1861 1875
4149 4292
4033 4376
818 3569
1924 2603
2064 4069
3977 4181
71 3826
2796 3548
1679 3819
291 1259
516 2893
2432 3351
2002 2840
4250 4301
3264 3414
1163 3560
1814 1872
560 2643
291 467
1888 4042
2671 3313
1804 2848
3708 3720
2087 2489
401 1866
2077 2264
2076 3049
3323 4195
975 4366
4055 4316
2325 3533
103 715
3338 3493
2548 3773
2055 2261
1547 3257
828 2226
3061 3198
1255 3512
4318 4320
460 1277
1458 3348
3484 3874
3319 4072
3748 4301
3302 3489
2197 2510
912 4347
2857 3400
962 2740
3446 3789
2565 3596
3562 4006
1063 4015
3974 4021
2956 3229
1176 3538
1729 4147
946 2815
2796 3364
1861 1980
4015 4218
359 1677
4128 4261
4188 4220
4066 4106
2931 3310
719 2912
4352 4368
716 1948
1344 3248
656 1098
444 2213
2739 4345
3340 3912
1060 2765
385 4008
3043 4252
2396 4093
341 2398
1008 1395
2641 3223
2429 3649
2494 2751
1231 3517
2621 3065
1890 3882
2615 3869
652 2893
3083 3513
2410 3112
2786 2888
2273 3355
2250 3212
835 2924
1849 4397
15 2579
2726 4233
1818 1971
1005 1084
163 1882
4152 4370
856 3862
3255 4091
1558 1741
1484 3359
4346 4390
2256 3759
2848 3390
175 2395
316 1901
3144 4053
1870 3406
3998 4053
3530 3663
1465 1854
1401 4162
3054 3993
1100 3034
3148 3434
4177 4224
1744 2280
211 4054
285 2097
775 1344
4337 4394
1164 1300
1481 2269
1749 1827
1369 1417
2356 3595
2219 3875
2993 3191
1924 4231
1806 1891
3170 3224
1324 1410
2500 4286
4090 4192
1072 2307
1377 3088
2580 4310
2590 2975
254 305
344 3291
2918 4071
2297 3350
4087 4273
466 2620
3402 3440
3858 4046
2838 3611
2659 4300
2790 3749
3578 3619
1528 2267
2621 3574
2377 2925
2373 2497
1952 3954
784 3312
665 4135
4239 4337
1024 2755
2578 3738
3353 4021
2748 3257
438 2824
3463 4137
4005 4136
1169 1580
4078 4239
921 2178
2155 2193
1592 2895
132 3984
668 3193
2418 3042
2329 3783
798 1032
1849 2674
513 2885
1045 2340
2479 3473
3272 3904
4264 4346
3176 3709
694 1089
972 3567
1049 2636
563 3460
3451 4121
379 973
1438 4162
754 1936
1026 2541
1370 4290
3586 3986
476 1379
3411 3454
1712 2499
1298 2653
836 2693
2406 3458
2036 3806
2813 4047
697 2151
2290 3555
2865 2911
206 785
3584 3651
4026 4221
2425 4389
3940 3961
247 2302
3624 4024
2659 3283
4168 4230
2065 3860
3024 3075
394 841
2370 2406
1536 2282
2624 3522
1791 1995
1300 2529
139 1403
3117 3742
3528 3572
2634 4125
305 3000
3622 4325
770 3145
75 3420
783 1275
1531 3168
554 4038
1265 3750
2190 3661
1727 2578
1636 1866
1836 2861
2601 3345
1949 4017
296 2066
1106 3092
2036 2139
3743 3785
3149 4150
2836 4264
852 1553
3751 4004
1509 2297
1170 1198
657 2245
1087 1943
4349 4367
2659 2814
1351 2688
1833 2096
1136 1178
2945 3898
1465 3007
1409 1672
3236 4148
1212 4118
2159 4038
1687 2542
3144 3691
2668 2827
3647 3956
2575 3168
3072 4161
2754 3223
887 4131
661 4379
99 1849
695 1555
1882 1986
159 3457
2705 3179
1662 3986
4298 4354
1128 3687
1955 3636
2687 4093
2099 4028
3730 3763
1234 4392
2923 3606
935 4367
52 4233
424 988
2584 4050
3520 3527
737 989
2116 3655
672 3720
1041 2481
3296 3399
1123 2483
877 3810
3347 3866
1508 2201
4342 4352
2747 4291
518 1760
898 2048
391 2790
300 2115
647 3154
9 3110
3949 4286
2368 3483
2602 3795
3037 3987
2498 3309
2805 4064
3322 3856
3627 4292
3273 4092
3471 4351
1191 1810
1484 3881
4119 4235
2457 3436
1840 3676
3807 3876
4238 4391
896 1102
2876 2906
2187 4001
494 1393
1291 4184
2658 3004
2246 3015
1708 4341
3540 4253
935 2856
1466 3254
999 1583
1688 2223
3066 3076
265 313
2065 2071
794 3529
2367 3223
3543 3702
1558 3239
711 746
1221 3078
3193 3793
1574 1903
706 2073
419 682
2528 2542
1192 2445
3034 4136
4111 4146
633 2129
2053 2379
4271 4366
4308 4382
2531 3886
379 1571
1949 3888
3936 4284
1001 1832
2726 3954
3293 3944
2492 2911
1823 3551
3816 3878
4308 4328
3462 4314
1431 1597
2847 3081
3546 3912
806 2951
2161 3459
1531 1732
916 2799
3967 4371
3707 4299
1279 3592
4052 4233
2370 4145
313 1112
3281 3729
3316 4369
1776 3886
4091 4149
915 1760
3815 4008
424 2356
4240 4295
1166 2427
4152 4311
4332 4368
3776 3881
3256 3646
1704 3677
1207 2366
2833 4125
1590 3294
1360 4094
1285 3129
3565 3889
1261 2905
758 3476
1789 4335
2188 4266
528 1405
4131 4265
3252 3375
2118 2427
945 2116
3721 4323
1127 1808
1181 1681
535 3500
2489 3684
4351 4358
3765 4153
2039 4374
3253 4374
1988 3848
2479 4122
4078 4136
3963 4081
3341 4148
3113 3460
2770 2984
3845 4216
3473 3616
3548 3639
177 599
3122 3781
2057 3214
2594 2912
3681 4371
3770 4344
3460 3621
3042 3748
3310 3982
2850 3759
1691 2883
835 1692
875 4246
611 993
639 1428
3306 3856
2972 3138
176 3698
3358 3438
1977 2141
2854 3815
4161 4351
308 3681
2754 3740
3762 3820
472 481
157 4290
758 4014
1753 3672
2731 2859
3423 3904
1855 3731
3146 3668
1688 1966
3733 4357
2205 2916
3336 4232
4155 4280
4204 4260
3207 4022
2942 3520
3233 4246
1367 3413
1864 3772
3841 4055
2518 4058
2076 2764
3885 4336
183 2212
138 328
2025 2103
1093 2788
660 2355
4262 4358
3033 3107
3359 3646
3740 4272
2536 2880
2823 3072
3299 3664
2844 2887
2794 4026
759 3492
3922 3945
451 600
3317 3808
436 1650
516 1448
189 3965
991 1097
2170 3295
2228 3270
3638 4112
3634 4041
4305 4324
3932 3986
2393 4322
271 3938
4366 4383
2470 3773
2161 3923
2259 3726
2503 3511
2753 4137
496 1111
558 4187
626 2426
2955 3328
415 2128
120 4381
1239 2236
2442 2599
3299 3610
3305 3881
643 1968
374 1427
2709 3591
4324 4393
1213 1576
1746 3549
2561 3493
2913 3529
699 1817
3554 4071
2946 3260
2313 4108
3817 4194
806 1169
1034 2238
2680 3294
3891 4102
2469 2852
3183 3910
878 1112
4240 4293
121 3861
3248 3852
3504 3726
3450 4302
3408 3706
2378 2550
3559 4274
1415 1655
2414 3779
3 275
1890 2770
2022 3279
212 4177
1875 2639
459 3365
3201 3870
525 3136
1411 3728
3128 4202
1417 2100
856 2993
867 1279
3008 4239
87 2452
1701 3047
1493 3607
3661 4293
3288 4020
1813 3628
3752 4052
1247 3050
3852 4108
2218 2633
89 3117
1833 3383
2233 3884
2443 3745
4338 4396
4065 4073
1587 4248
775 2246
2632 4033
1677 3124
3207 3442
551 2629
2722 3451
3053 3884
2116 4354
3973 4286
4364 4372
788 1525
2898 3582
1266 2512
1673 2003
761 1375
1292 2706
3419 4250
1622 2693
120 3231
3200 4190
3479 3798
1850 2389
1868 2172
1329 3211
1811 2607
1477 3826
2273 2722
3436 3840
1858 3704
1808 3910
2143 2518
617 926
1650 1683
368 1999
2781 3713
280 2646
140 713
1653 3352
852 3327
78 492
1204 1311
2477 4001
2181 2975
511 4183
3864 4022
62 754
897 1546
3456 3776
1430 1651
3944 4291
3283 4159
3999 4056
4113 4217
2531 3904
2694 3927
3458 4346
2114 4364
2839 3304
2953 3405
237 2431
3285 3723
1195 1918
3505 3810
717 1151
2666 2718
3814 3895
1621 3617
2012 3672
874 896
4129 4184
1266 2651
3434 3627
644 4281
2664 3198
3366 3545
331 1558
3915 4372
786 989
3559 4114
152 2008
4274 4324
819 2330
3580 4045
971 2039
2191 3977
3171 3258
1947 3132
3409 4340
981 3371
3480 3921
3928 4224
2526 3754
2991 3518
905 912
2218 2412
1365 2136
992 3911
545 4251
3871 3901
3160 3542
4249 4316
3259 3792
1229 3615
3977 4284
705 4389
462 962
3388 4007
1922 2389
981 4191
3524 3774
1237 2551
3989 4074
867 2272
1882 3685
2361 4311
1274 3650
1454 3783
4350 4360
1963 3094
3044 3283
226 3932
3601 4169
4310 4340
3714 4330
1050 2614
2717 2807
2790 4039
3635 4344
2491 4170
2716 3831
1561 2971
2497 3620
2785 2786
3242 4054
10 3358
1238 2426
2112 3028
2376 2618
968 3054
2907 3997
360 1885
4376 4394
3109 3785
1481 1644
3344 3440
3210 3994
3710 4300
2812 3945
3506 3693
2925 3714
319 1073
2590 3548
225 3693
4320 4321
1198 2360
2461 3349
3660 4238
82 739
4286 4385
4328 4330
1139 3695
4218 4235
3838 4397
2722 3096
840 2388
1496 3827
323 2867
1396 2831
360 2795
3259 3737
1275 2322
1715 4088
1567 4371
687 2612
1551 4087
1152 3097
1699 4270
4364 4390
1201 2714
360 4106
843 2508
3889 4084
4264 4364
736 3022
652 914
2333 3749
1291 2208
815 3220
1300 1892
3547 4022
1272 2480
521 2764
96 2921
1042 4263
1415 2731
3698 4307
26 1600
941 1243
4087 4367
2030 2131
713 2393
1143 3846
387 4394
859 2674
741 1121
57 2050
2928 3823
628 3688
942 4025
1905 2853
4048 4335
1667 3497
353 2852
26 165
819 4375
1052 2758
770 2830
1092 1922
1693 2007
2336 2570
3565 4356
3627 3931
449 4155
3975 4244
3466 3822
2820 4215
3327 3902
1075 4023
2959 4158
2105 4090
4199 4344
3683 3854
4337 4374
52 3213
3978 4261
30 4220
2723 2911
808 3242
2680 3566
3094 3474
2669 3390
4079 4158
584 648
3324 4079
3363 3707
4157 4224
2850 3275
3062 3739
1015 4090
528 4059
3880 4238
2295 2749
4226 4329
2992 4185
3032 4050
3727 4218
4095 4200
3517 4303
3106 3390
3253 3422
2862 4205
3931 3939
245 3174
3944 4006
1845 2207
1225 2876
183 3304
2056 2885
2762 4102
1530 4343
3131 3496
4345 4371
1019 3246
2874 3634
3608 4035
3756 4202
3708 3988
1436 2333
4372 4377
405 1351
3194 4077
4371 4377
3522 3779
715 3897
1260 2163
1113 3276
674 2315
4218 4304
3455 4208
2747 2752
300 1527
1126 4031
4055 4192
3068 3591
1118 3854
3335 3530
622 1636
2062 2890
500 2679
3635 4360
1383 2152
3008 4346
1243 2561
2051 3513
2871 4106
4256 4383
1640 1975
4197 4285
3079 3397
1229 2402
4088 4288
348 581
1226 3759
3866 4004
2410 2777
2221 3700
968 2132
3599 4237
2054 3044
4079 4243
1796 4225
3698 4097
4200 4373
3613 4065
1790 3804
2832 3397
599 1524
3254 3428
993 4252
1842 4002
742 2059
3332 3546
143 2513
2531 4118
1051 1871
2120 4043
1263 2485
1203 1474
4046 4389
3548 3980
508 3621
250 2876
67 3809
2302 3701
542 3726
3538 4235
1385 2850
330 3857
1843 3921
3738 3983
4012 4281
2611 3953
3547 4278
1308 2078
210 3346
1720 3548
2960 3425
1020 3219
1000 2860
3591 3714
1336 3715
1954 3748
4131 4397
897 4189
945 1250
433 545
1637 3187
1357 2766
3541 3773
2967 3439
4208 4356
641 2758
956 3810
101 1941
2445 3601
4358 4367
247 2114
4379 4381
1115 3476
3156 3295
2237 2701
2550 4375
2583 3167
3357 3434
4353 4390
3469 4269
4322 4372
2027 2844
3136 3503
1226 4245
338 844
2722 3161
1611 1753
1521 1985
814 1788
2152 2794
185 2248
2983 3242
3121 3560
585 1794
2302 4265
3924 4353
3622 3833
1329 2293
187 596
345 2673
3429 4295
4334 4396
3183 3553
3116 4087
3601 3858
645 1585
845 3936
1604 3234
2431 3863
1268 1835
3239 3954
1069 4092
3311 3864
2339 4099
3854 3862
126 2175
1490 3298
1878 2342
216 3411
2575 3407
3180 3657
170 1341
2121 4183
3073 4036
11 1412
2539 2885
1930 3400
2755 3000
3381 3399
4117 4291
3438 4365
1567 2042
2230 2925
1695 3068
456 3328
4032 4067
2547 3799
363 1067
2024 3603
3435 3789
3536 3738
2579 3107
1989 2130
2934 3108
2766 3562
4036 4180
804 1194
395 2241
4302 4364
3848 4286
188 3910
743 3133
2852 4284
1628 3682
1861 4240
597 4296
3816 4226
1388 2728
4029 4063
802 4027
1786 3698
497 1438
961 2040
49 2435
923 1324
3972 4285
2951 3222
3869 4242
2255 4185
3308 3536
2541 4290
3387 3987
856 3356
2326 4294
563 2717
496 888
1948 4210
2642 3438
3477 3844
1541 2455
2841 3876
1799 4287
4134 4295
1258 4322
3642 3989
2617 3583
1840 2638
3411 3704
666 3879
1971 2518
1130 2476
2357 2465
3956 4323
3916 4391
3002 3529
913 1842
2448 3275
239 3063
3652 3971
2674 4228
2295 2421
1837 3874
1823 3274
1306 2892
199 1834
359 2748
2922 3115
3390 3538
185 2148
3599 4303
503 3317
1226 1331
779 1502
3081 3096
4130 4247
4281 4321
3650 3879
2766 3020
3077 3732
4263 4264
2366 3119
418 1145
102 2899
1115 2187
2696 3288
2377 3319
854 1006
581 632
1106 2554
1441 1740
3907 3938
2123 3261
4180 4390
316 4204
4266 4290
1216 1825
830 1270
2455 2694
3108 3661
1329 2007
1989 3263
2760 3891
3974 4215
591 2882
3712 4022
988 4149
2388 3324
2777 3441
1607 3090
3583 4040
2764 3145
1065 3569
2288 3600
3927 4022
4269 4379
2994 3853
1958 3228
388 3091
3130 4306
2263 2740
4275 4303
144 634
3739 4227
1126 1287
539 2610
1139 1659
729 1023
4120 4340
1253 2502
2434 3585
1473 2111
550 1802
4251 4294
2056 4398
1800 3598
3968 3997
209 1576
2423 3484
1057 2449
4002 4088
3011 3050
367 4309
1832 2448
3652 4396
3262 4105
3119 3578
3671 3927
1429 2536
4031 4180
2130 3637
3570 3652
1851 3404
3270 3405
1839 2337
4081 4110
905 1416
1104 2946
4355 4394
1103 4188
167 588
3279 4384
2584 2653
528 1342
3187 3368
3276 3740
1776 3392
1494 4110
1557 2686
2418 2982
2023 2623
2184 2649
1833 3216
3936 4156
3511 4317
3829 4046
727 4170
2537 2827
1145 2173
2777 3173
2234 3145
3177 3385
3417 3656
2509 3582
3313 3758
1064 3161
685 3488
635 3217
506 1036
1495 3637
3333 3825
3139 3691
514 2200
748 3965
281 2543
3359 4074
3597 3823
3127 4372
372 3460
665 2369
1339 3845
500 2134
3064 3319
939 2042
302 2588
602 3125
3808 4168
2845 3565
2348 2831
36 4095
1285 3380
1851 3642
3395 4335
1574 2664
4374 4385
3442 4223
3608 4147
3534 3917
728 3002
3482 4264
3795 4209
4274 4296
1456 3405
1740 2540
4384 4393
654 955
1658 2337
1210 2816
440 2304
3773 4019
1974 2383
3117 4292
1980 3070
1953 3381
4244 4349
1573 2990
2984 3786
3875 4039
3836 4128
2033 2843
2693 3061
811 3264
1077 2522
1691 3793
3303 4095
2423 3381
101 2111
584 941
2395 2400
87 4016
2048 3869
684 2292
2745 2754
1146 1262
1779 3998
2311 3279
1737 4198
1787 3992
4036 4341
18 1077
199 3474
1920 3965
1266 4241
2005 2942
4361 4395
4174 4379
208 2342
4199 4389
2188 3435
1297 1763
2149 3247
996 2319
2906 3610
3979 3994
1258 1628
2379 4259
190 2588
1530 2039
3756 3850
2366 2777
1870 2914
3074 3076
203 4189
2683 3216
2564 3946
2912 4268
754 3403
1295 1549
315 3359
4263 4281
4229 4231
3702 4259
3842 4152
942 4100
27 969
1939 3839
1218 3695
2452 3519
1157 1365
3374 3611
4197 4327
1097 1443
3956 4346
1643 3182
1550 4018
3578 4164
3123 3873
947 1037
3787 3856
1756 3375
1929 4225
2683 3313
2625 3639
413 596
3379 3687
3110 4226
3690 3980
1391 3998
3753 4117
1574 4269
3956 4271
1261 3829
1366 2546
3140 3731
4216 4377
4198 4399
1019 3953
1284 2015
588 3883
2344 3062
2042 3630
2875 3295
1711 3163
2163 3171
2198 3051
4162 4329
388 4152
1848 2194
4369 4395
3856 3955
2359 3517
4184 4185
573 2614
2791 3196
2634 3085
1018 2924
3721 3739
2474 2758
2572 3768
4312 4382
3235 4353
71 2203
1971 3314
1538 3477
576 609
3667 4138
2964 4060
294 2111
4135 4175
3431 3913
1277 1324
3950 4081
3788 4018
2378 3663
693 1540
3715 4298
3031 4301
4292 4326
525 1200
2578 3608
1821 2353
3520 3950
2368 3211
4003 4130
3663 4149
246 2403
619 1109
1894 2179
2751 3146
4382 4385
1661 3841
3998 4109
3598 4337
2296 2497
1971 2535
2595 3824
256 2824
643 3035
3744 3778
1560 2165
828 2018
3275 3821
435 1340
985 2250
2875 2880
3651 4224
441 1114
1132 1323
900 3947
2712 4228
2934 3796
40 844
3585 3980
3130 3367
121 678
2701 3640
326 902
3728 4074
3612 4199
1927 3601
3834 3925
3824 4063
4184 4208
2917 3732
3537 3750
3518 4293
356 1517
1720 2628
4019 4174
3832 4020
2531 2663
2816 3434
3842 4146
3853 3993
1423 2556
1103 4114
2468 2705
341 566
3691 4064
1318 1756
3489 4188
2413 3002
1374 1772
2150 2564
1839 3048
1442 2510
727 1849
1265 1658
2302 2518
2344 4231
509 3320
1699 2874
1435 1604
3022 3525
105 537
1252 2137
1686 4012
197 1187
1733 2492
2306 2677
17 145
1068 3928
469 2426
2036 3120
3340 3987
2610 2884
1747 4168
1692 2743
1790 2374
1551 2419
114 2497
1148 1214
1416 3478
4034 4073
410 2090
2784 3446
2475 2770
1923 3194
1972 3569
2298 3597
495 2167
402 881
2780 3224
645 4164
3091 4367
251 1741
1774 3240
1745 4004
438 3134
653 2033
3570 3830
2677 3771
2826 3061
761 1508
2763 3955
4398 4399
2635 3754
3099 3724
832 3832
1288 3828
1244 1844
3492 3637
1645 3132
1859 1980
386 1963
1952 3212
3711 4393
2894 3203
249 3025
22 3661
4375 4386
2244 2725
3283 4281
2712 3090
2025 3145
4380 4388
3114 4387
6 4022
2207 3788
4030 4033
1066 3311
2604 3117
1443 1635
4136 4335
2517 3999
2757 3632
948 2867
238 3952
183 229
4359 4387
3071 3401
1874 2459
363 4324
1905 4329
444 3655
168 1638
215 3275
3215 4032
2571 3842
4285 4383
1236 2046
1646 2011
320 4225
3271 3282
3597 3949
745 3030
1039 1729
1149 3347
3277 3805
532 539
3226 3706
2712 4224
3046 3638
720 3616
3954 4042
3216 3615
1921 4252
2859 3791
3859 4181
3005 3944
3533 4051
1776 4048
178 877
2159 4096
1650 3040
511 4365
2929 3901
2873 3830
368 3116
29 748
2189 3918
4120 4250
2589 3836
659 3133
1170 1892
3461 3590
167 921
642 1529
878 1561
2311 4271
2064 3913
2383 3338
347 2122
4232 4361
2608 4012
1708 2972
1495 2351
260 3608
1860 2225
3809 4116
1343 2155
2114 3971
1552 3001
1251 2184
1915 2298
1915 2546
2520 3918
1652 2122
400 3665
1977 3663
885 2006
3182 3877
739 2907
285 795
2775 4153
911 1096
3865 4229
427 3144
3218 3629
1547 2966
152 2998
2473 3218
3135 3337
3785 4315
404 1727
1664 3250
3960 4129
3873 3964
4128 4242
2517 3076
432 1041
2120 3815
596 4083
1433 2778
3165 3814
3750 3958
2460 3978
2019 4001
1500 1665
2838 3420
1790 4218
3784 4314
1792 2499
2935 3016
532 2487
3278 4017
95 2777
1560 3701
2809 3518
67 3330
259 1763
3218 4073
2483 3391
775 950
1034 2398
2435 2737
430 2281
3173 3274
3795 4398
2430 4158
2413 3395
2143 2859
4097 4258
976 3664
4352 4391
568 1918
3136 3343
2729 2867
3303 4092
206 2996
2076 2680
2940 4019
3746 4387
1662 4026
2741 3175
89 4325
3390 4004
3267 3454
246 981
4300 4315
663 2646
1619 3961
2971 3222
1744 2128
3890 4065
1468 4229
3814 3988
3523 4256
2920 4177
3267 4354
3372 3443
78 4347
3991 4372
3651 3943
2610 3104
1683 2965
4092 4384
3098 4301
1931 3628
4100 4327
3215 3485
2269 4349
15 1931
775 978
103 3892
197 1800
2318 3288
1534 2890
671 1534
2371 3957
2933 4087
3618 3634
2424 3206
4058 4132
2911 3255
1457 1632
2606 2808
2049 2845
2756 3014
3723 3818
4368 4381
844 3249
3101 4120
399 1752
2360 4007
189 327
3708 4180
3586 4310
1367 2354
3543 3724
679 4031
2624 4395
1191 2122
2570 4332
941 1758
334 3903
2713 4184
192 4232
4010 4201
1635 1705
403 3712
162 2146
4057 4274
2598 4364
3693 4187
4122 4152
1023 4032
3453 3776
950 2342
2857 3628
3258 3306
499 1516
876 1349
3600 4139
1647 4136
2130 3578
1867 2870
4216 4311
530 1564
777 1443
4115 4295
2357 3795
2474 2970
3800 4246
147 2695
616 3855
579 2223
1536 4031
3810 4276
287 1684
708 1020
1387 2235
2072 2096
3422 3833
900 3550
3085 3402
1807 4381
1863 4101
888 2963
444 1802
3980 4241
3026 3619
4324 4356
2709 4124
2868 3367
803 2160
1672 3578
386 3742
2793 3068
3396 4071
3630 3882
576 845
3029 3521
2666 4371
580 1652
482 3560
537 1685
767 2606
617 1781
3099 3200
392 3779
1592 1692
1378 1427
2143 3704
3803 3804
1239 4220
1067 2949
3236 3790
3310 3420
2855 3363
1761 2168
2512 2805
980 1355
1511 3745
4230 4390
3431 4095
3467 3826
210 1608
2183 4387
3142 3694
1241 1917
2427 3864
774 1757
3175 3404
4033 4397
1538 2982
2255 4328
1953 3516
2754 3094
61 3117
851 1305
369 2981
676 2393
2556 3402
1838 2832
730 976
1498 3960
3512 3593
3315 3416
2602 2983
864 1867
4105 4382
81 2604
3527 3571
1351 3960
3123 3197
2654 3352
218 2616
1151 2436
2012 3022
4058 4268
2640 3098
2648 3921
3721 4218
3866 3897
2311 2712
2610 3537
4225 4293
2160 3988
1533 3619
1288 3748
2408 4145
995 3972
3425 3980
1376 3932
3695 3702
586 3623
2384 3173
3529 3620
1889 2960
1883 2021
2796 3718
680 1545
879 4267
3212 3963
2716 3806
3111 3378
2808 2878
3553 4228
437 3721
1287 3198
1531 1681
3674 4182
2587 4350
3865 4044
4278 4291
1236 2216
1069 3518
3300 4050
1257 1989
3390 4387
1785 2308
3119 4328
3617 3804
1416 2241
4339 4398
2858 3928
2681 4175
906 3248
3319 3696
1878 3996
3766 3864
473 3400
2049 3267
1779 2241
296 3495
2207 3585
3168 4193
1423 4217
2963 3741
237 2053
2474 2715
3374 4366
2975 4131
2303 4365
1155 4128
4312 4399
2974 4071
2847 3441
3540 4117
29 691
821 1357
2036 4351
2831 3504
2547 3200
346 2052
2900 3555
2035 2498
2291 2411
3366 3955
3096 3145
433 2892
1634 2416
1802 2941
1453 2475
933 3570
577 1234
3361 3934
1417 1447
883 1245
4197 4268
3716 4249
3780 4024
852 2666
216 4376
3570 4105
3605 4088
48 1064
2540 2864
231 875
209 3648
1119 2370
542 1761
2428 4193
1896 3719
3959 4051
562 4212
3120 3628
622 2011
121 1814
535 3732
3248 3486
2711 3865
1243 1536
4033 4215
2241 3967
524 2873
2917 3879
1797 3561
1187 4256
4354 4372
3347 4181
176 2697
602 3602
1801 2127
2090 3150
1651 3886
550 2563
3384 4117
3058 3887
2770 3275
2071 4257
2131 2557
3220 4367
1487 2149
96 2346
3535 3566
3091 4132
1135 4392
762 2685
2806 4053
2685 3145
3244 3907
3780 3881
919 1091
436 3047
3567 4367
1934 1966
1783 4094
2282 3808
2339 2497
1233 1965
1669 3293
1843 2936
4362 4374
4037 4110
2867 3178
3651 3924
2392 3929
2223 2319
814 1244
22 4202
2875 3428
2850 2940
3657 4000
3934 4347
178 2197
231 885
866 988
1507 2413
1397 4386
2164 2340
3984 4344
3107 3716
1891 3466
309 2701
4033 4159
2036 3842
4171 4294
2168 2903
3054 3576
664 2072
594 2251
3450 3791
30 4200
2684 2869
2811 3248
1580 2723
3538 3602
3357 4277
3716 4300
1815 3555
540 3289
2617 2812
702 3804
4110 4291
790 2136
1589 3530
2078 3585
2598 3731
3793 4171
2022 3571
4239 4338
1681 3422
3435 3990
3456 4115
2871 3448
2045 2132
4368 4377
2392 3391
1091 2745
4265 4335
113 4153
4303 4359
2840 3663
3678 3775
3032 3658
4142 4143
1611 3182
1444 3196
4337 4358
2692 3278
3083 3867
2260 3423
3832 3945
3525 3757
617 1494
2248 3919
942 973
1141 4183
1239 1478
821 4218
458 3838
4374 4384
2487 4249
518 2778
3239 4375
4274 4324
3593 3918
532 4203
3048 4248
1186 3256
1694 2856
4087 4267
455 815
461 1982
1546 3473
799 848
1015 2768
2893 4360
751 3048
4092 4381
1893 3530
2481 3791
3278 3557
3778 3817
1785 3416
316 3434
1266 3060
2118 2770
3438 4136
4221 4372
3773 3988
2728 2993
2094 3727
2872 3856
1589 2356
4206 4332
2676 3486
1439 3791
4201 4290
3029 3992
950 1373
3628 3993
4222 4261
3623 4152
3479 4218
2838 3248
2159 2851
3880 4145
147 2496
1201 1354
1142 1689
3042 4051
1805 2730
2018 2674
3205 3498
4313 4377
1453 4306
2156 3757
1582 2141
2219 2352
629 2270
1441 3381
1096 2435
1346 3672
3664 3876
2804 2863
2063 4079
2037 3259
3039 3750
3201 3271
2557 3658
1526 3521
1127 4386
132 606
785 3941
4212 4222
1282 3547
3643 4325
3009 3106
4035 4181
2905 3896
4031 4032
4346 4381
4323 4357
2210 4056
3321 4164
4351 4394
1597 1754
1232 2592
1750 2889
1958 4399
1982 2754
3998 4172
3326 3400
2738 3203
2440 2872
1672 2522
4037 4162
3737 4259
1338 2136
3000 3911
866 3881
2407 3518
3764 4382
715 1256
2099 4261
3974 4018
312 2063
790 3180
1629 2335
2901 3180
4099 4159
3260 4064
4026 4257
2542 3343
2488 3317
3845 3904
2751 2787
289 3997
2170 2395
1872 3892
936 3814
491 2767
1004 1791
3316 3986
3107 3959
2510 3552
3331 3397
2335 3015
3258 4071
112 3864
3478 4102
1388 4265
1067 3262
1614 3752
3095 4029
2696 4377
1521 4080
1684 3328
2666 3785
3842 4029
1896 3438
1724 2560
3466 4193
1812 3676
825 3430
460 1563
2861 2914
1127 2998
2778 3508
843 4120
3482 3958
3207 3556
4084 4320
3167 4248
1398 2570
1017 4040
3796 4031
788 2462
487 1205
23 2868
4182 4214
2548 4019
157 1059
2638 3632
3211 4131
1291 4205
2438 3661
3937 4162
439 2806
2167 4350
2879 3936
892 1699
596 3958
94 397
4164 4227
1507 3953
526 4187
3630 3702
666 2207
3808 4043
3061 4010
3575 3990
1630 3087
1114 2314
3570 4314
3045 3400
2099 2891
1930 2106
2435 3925
3524 3897
419 3530
1299 4068
915 3826
724 885
1662 4293
3574 3595
3311 4379
1862 3574
1513 2739
3843 4244
375 1434
453 1634
1524 3128
4095 4170
2863 3699
4269 4323
2456 4068
3141 3502
669 2436
2445 3408
3810 4255
2197 4116
312 1389
455 1689
2970 3164
2375 3502
101 593
3858 4361
1745 4241
2368 4286
2687 3328
4395 4396
1410 3908
2830 4363
3713 4076
2067 4314
1834 3647
4238 4365
4268 4374
2863 3647
1910 3586
2483 2591
3035 3666
2697 2850
1904 2837
3460 3874
1396 3392
1752 4074
594 3601
2044 2681
3547 4318
2360 2549
1918 4130
1796 4085
2968 4385
91 2916
3847 4229
177 2603
1165 1922
45 3894
3823 4367
1009 1554
374 2200
1194 3121
1306 3345
622 3729
3899 4141
4118 4204
3210 3969
2928 3560
4149 4343
1357 3054
16 3106
3552 4269
273 3492
1177 1941
3498 3974
2611 3678
513 973
3004 3803
779 4178
963 3060
532 3185
2586 3741
1784 2981
1929 1943
1240 2198
937 3958
4131 4382
3455 4083
919 968
1329 4006
1737 2573
212 3668
245 4276
2769 3890
4347 4352
3654 4283
1540 4058
2194 2529
435 3386
3477 3892
25 1928
757 1678
343 2429
3923 4031
4305 4381
2506 3386
2486 3017
4129 4152
1487 4025
423 1581
2119 2665
307 3609
2136 2417
1298 2718
3917 4303
125 351
2488 4041
857 2415
3692 4256
3065 3778
2988 4309
1907 3234
2834 3050
587 1727
4314 4335
3784 4023
207 3024
738 1870
2134 4399
499 2834
2735 3184
4297 4302
3184 4054
4303 4391
194 2765
1856 2244
872 3985
2096 4367
429 699
2608 4217
1500 4329
3613 3625
2091 4157
1376 2399
1627 3483
3721 4182
1509 3386
3586 3684
300 349
2732 3558
1135 3649
3165 3533
1959 3421
91 3306
3075 3931
1024 4152
1695 2087
3564 4045
1401 4301
1509 1533
2335 2948
3475 4041
264 778
3614 4374
2087 2437
3497 4165
3522 3817
1790 4102
4125 4136
2280 2816
3507 4326
3902 4359
436 941
410 4293
263 1771
2616 3625
1539 3577
1912 1983
437 1323
2551 3050
218 311
1495 2088
2067 3774
2504 2967
929 2825
3231 3427
1289 4200
1526 2438
1784 3248
2317 2877
544 1267
3069 3820
1439 2472
3944 4397
3204 3514
1166 3880
3119 3851
1081 4185
2174 2573
1524 3905
139 3399
3090 3809
3517 4256
373 1485
3260 3684
2550 3773
2110 3464
1557 2539
264 999
2480 3483
3747 3907
650 1643
3615 4178
3149 3488
882 4037
1892 2527
4156 4361
2827 3417
3346 3794
3457 4184
2313 3358
343 772
3147 4133
1473 2808
1600 1823
2147 2740
3610 3736
1090 1136
630 2885
3025 3258
3042 4221
3336 4062
4152 4240
739 2442
395 3711
2475 3519
641 2478
1763 2917
4289 4303
2657 3972
4068 4131
251 1677
3217 4253
4260 4330
276 1082
216 874
189 3325
1040 1153
4345 4376
1984 2495
1126 2846
3672 4109
3654 3913
692 1411
1934 3528
2583 2927
1181 4389
3651 3737
348 990
2024 2603
2871 2877
2763 4269
411 3870
309 694
2797 2990
1361 3912
272 3486
4235 4288
516 520
2458 3900
814 4344
679 2188
1776 3842
3309 3886
3656 4121
3500 4070
125 1306
4167 4245
1182 3243
3237 3255
1917 2109
1676 3606
2428 2664
2717 3404
906 2761
2692 4101
1055 1643
4363 4370
4304 4379
3732 3904
4391 4392
1279 3516
2576 3113
859 3973
1070 3834
109 1333
1252 2706
936 3527
2587 3779
2929 3387
10 4355
2176 4198
2231 3229
3769 3953
2965 4360
222 1717
3625 4064
2468 3955
2088 3405
1984 2741
2036 3819
718 1427
119 650
2467 3258
3936 4072
3890 4355
554 585
4068 4394
1129 3939
2800 3584
3799 3876
1907 2036
131 3320
2761 3975
862 2634
1598 2853
3730 3798
795 837
2702 3801
2886 4027
3836 4308
3303 3861
2961 4023
989 3349
167 4171
1279 1424
4071 4187
3215 4159
3425 3509
2269 2855
81 2029
4151 4254
4151 4315
2937 3832
1443 3400
2561 2682
1928 2920
2554 4087
4299 4382
3051 3461
289 1576
59 3324
2223 3522
2309 3952
1859 3398
749 2461
3345 3569
2703 2727
978 2165
2367 2651
1419 4075
1544 1917
3244 3988
1405 4348
2987 4093
1904 2697
1739 4203
895 3442
2543 2663
3483 3828
1062 1944
2505 2773
358 3885
2500 4018
3475 3947
481 2016
4347 4366
2318 2838
3105 3515
1512 2918
3936 4036
3609 4260
2074 2279
1384 3260
185 1744
3109 3443
4234 4281
1234 4074
2727 2917
1256 1800
4282 4374
4037 4171
1593 3689
3505 3648
392 3265
1142 1178
3371 3936
4396 4398
3121 4055
2579 3786
184 2812
2461 3419
2589 3958
180 3754
3900 4145
825 4004
2436 3114
4179 4346
2782 3501
700 3894
3978 4177
1604 3740
159 2211
927 1727
1985 3707
4058 4249
2877 4135
8 796
2290 3663
759 3273
2277 3682
2745 3686
1744 2437
3432 4278
2586 2635
2512 3365
3689 4173
1986 3521
1100 2647
1261 2206
2806 3200
2116 3086
3891 3941
1791 3559
3587 3991
198 2482
3062 3632
1481 2339
3189 4064
4079 4294
4053 4118
4281 4311
89 2824
4104 4318
2809 3263
1446 3305
2576 3676
1057 2702
1202 1953
1832 2566
2948 3400
1641 3177
3358 3929
4016 4249
2738 3873
1059 3505
1773 4155
4346 4356
2132 2780
289 4348
3957 4153
2408 3924
3614 3815
1533 2065
993 2310
4331 4386
3372 3889
3867 4322
2574 3004
1337 2481
1092 2882
2123 3570
2056 2530
3428 3683
369 3961
3993 4350
2143 3334
1583 4296
858 3139
1339 2129
211 227
1623 3994
1574 3616
1330 3787
465 2409
1777 3521
1351 4151
4121 4367
499 1776
4397 4399
3290 3550
586 3939
1583 2257
2208 2580
1598 2603
734 1121
123 3967
3910 3981
204 4062
831 1094
2140 4315
2417 4021
924 2197
3201 3342
2333 4377
2015 2501
1708 3877
2122 4204
1913 3077
3150 3446
2539 2741
2924 3232
2145 3561
1573 3064
3578 3627
3763 4207
1588 2932
666 4236
3644 4201
2870 3565
3498 4224
641 3457
1632 2533
3620 4054
692 4111
171 2241
3604 4115
2238 3835
1935 3417
1254 2622
3142 4296
277 2613
1453 1621
3986 4115
2737 4158
4373 4384
2811 3201
2498 3841
4281 4332
1597 3997
2228 3099
2919 3187
413 994
2341 3570
3224 3759
419 4290
429 3782
1540 3148
2544 4140
291 1912
739 4123
2855 3407
58 3465
396 975
85 2760
3474 3607
3966 4136
2205 4045
1698 1958
3028 3489
604 2406
2322 4233
1391 4163
1092 2841
605 3204
3855 4367
1441 3401
1157 2127
4378 4389
3673 4048
916 1755
311 401
1192 2361
3856 4027
505 2384
543 2301
3628 4358
2071 4153
593 891
1438 2751
1654 3854
620 4033
1773 2419
1490 2206
2493 4031
471 1344
2835 3190
4028 4190
1935 2006
2987 3742
2631 2665
142 3888
1645 4184
646 3650
3083 3894
4178 4260
3811 4063
4205 4387
3669 3748
2616 4102
639 3904
4196 4270
1763 3507
736 2951
2983 3896
2211 2241
684 4098
2591 3943
2242 2378
3538 4120
1685 1695
1967 2720
1006 3941
817 2284
1730 2546
1741 3254
1455 3746
3252 4207
1154 2048
3434 3767
1110 3434
3527 3529
662 2655
336 1312
879 2505
1205 2711
2272 2617
2568 3627
3081 3430
3555 3651
2574 4165
1479 1554
1785 3577
2695 3985
806 3591
1168 3864
2748 2776
1225 1424
814 1664
714 4283
626 1516
1204 4182
2203 3174
1516 3204
2240 3537
883 2115
2052 3143
2859 3276
3114 4226
2535 3316
3321 3802
4134 4243
1379 4325
2125 3365
2407 3061
1323 3188
3863 4349
3306 3971
650 2730
186 1924
191 3392
3122 3592
4028 4128
821 4345
4079 4098
1201 2452
1386 1607
2730 2884
2198 4335
4230 4325
1001 3432
923 4321
3769 4077
3857 4335
3503 3932
259 2674
1812 2660
2852 3082
2503 3776
649 886
1215 2935
2412 2493
174 1281
3450 3785
2363 3064
458 1235
193 311
3791 4244
2495 3253
419 566
402 2369
667 2785
1825 2514
3724 3968
4215 4266
493 3205
4392 4397
1704 3524
2351 3965
2655 3194
1688 3867
2494 3224
594 3627
706 3841
1534 2403
4304 4339
2332 2478
3676 4299
4162 4382
3412 3770
2902 3746
3314 3638
1161 2885
1376 3750
1790 2208
61 3665
767 3331
542 3656
3353 3801
3800 3837
2704 3271
3934 4124
1886 3342
260 4281
1426 3844
4309 4351
3160 3878
1585 3969
582 2096
2076 3939
1050 3817
4080 4092
2404 3161
81 169
3503 3525
4166 4258
4061 4146
1743 1744
3960 4051
4198 4323
1732 4335
3370 3487
3246 3252
1903 3105
2905 3499
1558 1619
1745 3894
4231 4263
4242 4280
733 745
4066 4136
2443 2940
2349 3353
1806 3274
2929 3816
4331 4360
946 1374
2292 3020
458 2513
2631 3294
2599 2939
3467 3795
192 2747
3965 4061
2303 2386
1488 2272
1324 2070
3894 4032
2506 3219
3311 3699
977 4273
279 1611
2304 2494
488 609
4156 4210
1266 4357
1439 4038
1413 4267
821 4065
2651 3098
2566 3768
953 4336
390 1250
2861 3520
1091 2976
3332 3348
2191 3692
2889 2903
525 2534
1097 3160
2051 2963
1275 2007
3360 3937
2365 2870
4392 4397
2349 4165
659 2996
16 992
3020 3426
3623 4167
2409 3777
739 1266
1986 2153
3461 4323
3332 3437
1303 3787
2384 3856
2853 2878
2081 4383
19 2914
1085 1902
1502 4338
704 2855
1046 1262
406 564
3157 3246
1577 1692
3484 4338
1891 2291
1140 4009
1040 1489
2228 3185
2534 4144
559 3964
4345 4378
1105 1166
1176 4171
3997 4188
3020 3340
2959 4016
2799 3079
1386 1817
4379 4393
1098 2855
4393 4398
3812 3960
714 1657
554 3656
271 691
3272 3569
2077 2581
925 2702
1593 4106
2137 2194
825 1520
2577 4385
3299 3943
4246 4288
3000 4349
1511 3814
3345 4008
2198 2695
542 4205
3801 4113
950 1393
2768 4363
3842 4065
3032 4229
2176 4042
4066 4270
3537 3858
1528 2573
1970 4241
1011 4381
1425 4325
2163 2686
2707 3053
2093 2109
359 3556
2767 3825
2549 2552
2072 4003
960 3534
3467 3767
4388 4389
3578 3997
2217 2672
3647 3675
1463 3553
1174 2752
684 943
242 505
360 4101
94 2281
665 2260
1310 3527
1228 3149
40 3473
3660 3802
3815 4167
725 1676
899 4279
4095 4279
2798 3811
1492 3754
536 2066
4162 4219
1691 4087
2215 2679
1374 4385
1527 2433
2218 4300
2508 3393
2026 3504
4361 4369
931 3484
427 894
4063 4184
995 1487
2725 2906
2462 4397
1685 3788
3240 3827
3670 3873
2768 3078
2182 3290
3604 4206
2785 4161
2120 3948
729 2032
174 1295
1413 4273
2651 3447
3470 4198
1889 4015
169 3924
3561 4306
1025 2000
2733 2792
2300 3720
3678 3696
894 2531
3036 4372
3230 3350
3158 3511
290 717
29 1144
2440 3684
1871 2965
429 952
3115 3195
3234 3442
4208 4360
2414 2763
2964 3510
3154 3773
3957 4374
1869 2836
4036 4306
2947 3524
4081 4360
2955 3795
1116 1391
1118 3068
1687 3653
2983 3867
4376 4389
1441 1650
2115 4282
1741 3232
279 1535
3365 3457
2087 3050
1098 3759
330 2724
672 4231
2857 4005
3048 3915
3275 3497
3124 4260
3233 3664
1248 2642
1553 3872
1710 2076
1675 2437
266 1062
623 2746
4188 4256
2810 3125
4134 4241
2086 2622
86 735
3061 3659
3902 4024
2458 3194
99 3900
3073 3993
3601 4307
2362 3856
2075 2467
2870 3746
1769 1809
716 2861
2030 2179
2049 2426
4251 4389
4345 4379
1541 2850
919 2830
1875 2385
2414 2435
634 3255
2826 3853
674 3899
1858 3929
1405 2077
3719 4209
4341 4397
519 3543
2206 2211
3314 3503
3510 3831
3081 3741
1550 2132
823 4361
303 561
270 2850
2848 2937
3585 3926
2627 3717
1268 2571
607 3938
3859 4351
1313 3719
579 1580
1735 2606
4204 4322
2410 3150
2539 3279
528 3660
3197 3623
2546 4286
3239 4210
2225 2592
66 2063
1661 3819
2884 3643
3242 3285
3308 3631
1710 3341
2448 4372
648 1939
3658 3962
4353 4390
3583 4182
3704 4390
772 2516
529 3500
1182 2325
1544 1790
3537 3875
3094 3465
2477 4248
2481 2806
543 3538
4167 4207
3407 3566
681 3968
653 3857
3590 4022
1672 2276
1824 2457
3651 4182
1499 4178
1081 2339
3290 3839
1692 4121
2156 3890
563 851
842 1546
3672 4022
1740 4189
303 1048
934 2829
781 3431
2690 3207
2737 3200
3539 3573
2715 2941
3611 4072
4307 4376
828 3772
3877 3940
2215 4274
1763 3922
490 4312
260 1356
2393 2622
750 2367
2281 4393
4078 4079
1478 2680
425 2172
2822 4305
3352 3820
4242 4259
169 3679
1196 1299
3827 4018
67 1559
2855 3565
1747 3124
448 4383
1336 2919
968 3529
894 4287
1688 2494
357 3521
2349 3383
850 3906
3630 4269
4142 4266
3877 4357
4177 4365
4141 4374
1933 2551
3478 3807
1892 4142
1909 4233
4212 4321
2858 4023
3839 4096
2292 2360
1497 3048
2681 3289
805 935
2885 3833
3854 4223
3069 3478
3007 3534
2812 4055
2106 3622
4022 4156
2489 3821
3646 3903
1268 1477
2532 3007
2552 3434
2131 2397
2843 3479
1932 4053
4036 4059
3579 4073
3060 3803
3244 3249
2632 3336
4044 4234
3055 3082
1916 3319
2412 4292
3207 4149
3877 4233
3386 4363
3579 4386
1523 2555
4262 4303
3119 4240
1007 3630
964 3597
246 461
3120 3447
264 2989
3132 3353
3965 4237
3438 3806
3370 3685
907 1848
484 4318
2772 4333
793 3540
2860 4105
2105 3826
2328 2810
3958 4027
2293 2345
637 2859
1843 4018
225 344
2723 3169
2824 2890
1188 1379
375 2588
1081 2372
1307 2782
747 3742
3686 4292
4135 4167
630 1859
2220 4069
3656 4097
568 701
2699 3359
482 4062
1815 3208
2704 4352
3341 3352
571 977
1668 1996
499 1811
3848 4107
3232 3900
160 1008
3548 4209
4226 4293
2355 3104
456 3373
1227 1658
79 2763
3625 3638
236 1710
2052 3166
1279 4148
2273 3579
3112 3505
962 2405
2531 2945
1117 2170
2217 3304
3416 4315
3755 4173
6 2859
3461 3882
4125 4260
1709 2542
3149 3395
1835 2691
1776 3959
1261 1595
62 1461
2233 4059
1764 2739
2731 3466
2786 3254
3736 3803
2726 3371
3335 3512
2221 3013
4197 4251
676 3956
1794 2247
3803 4186
1547 4149
1586 2721
1622 2285
681 4134
211 3786
875 4262
4033 4199
738 3562
324 2560
2937 2950
2516 4036
2145 4217
2832 3344
1835 2626
2408 3610
1371 1780
1065 3059
1943 3492
1684 1835
2840 3599
2427 2741
3141 4124
123 1329
862 2534
3651 3863
295 3763
3143 4023
3709 4036
2579 4358
2049 2783
990 3466
3286 3296
3784 3886
267 2512
3159 3912
3442 3739
3190 3861
3841 4304
2089 2162
3404 3477
3494 4160
819 1269
3337 3454
2857 2952
2779 2916
1517 2042
3612 3926
2250 3141
697 4146
567 3381
2742 2894
2939 4322
3261 4324
3506 3997
2813 4367
1092 2967
3552 3562
1321 3516
2773 3874
931 2339
3846 3863
2945 4317
392 2978
43 2184
125 154
1460 4134
3714 3908
1981 4126
2327 3555
3569 4314
2977 3099
407 4200
780 2269
4150 4184
3130 3370
3995 4094
900 4000
4262 4306
4309 4323
1052 4155
1828 2414
4275 4332
2030 3961
79 4021
1524 1569
2364 2553
2299 3796
368 2511
2345 3880
1170 3916
3179 3608
2291 3411
2894 3294
2534 4232
3343 3972
432 1261
1758 3210
3817 4399
2653 3909
269 1709
2901 4201
4057 4166
665 3449
1003 3026
1007 2480
2855 2911
2052 2386
4071 4214
3741 4067
2953 3040
1152 3628
3142 4398
3527 4171
93 1006
2333 2918
1092 3622
4349 4369
660 1065
3445 4265
4085 4371
3256 3473
3353 3753
1112 2554
3110 4257
599 3975
3079 4047
981 1374
1976 4017
4083 4274
1376 4132
2324 3939
3364 3850
908 1954
2922 3954
2894 4195
2268 4177
1924 1957
2245 3465
3373 3959
4245 4368
1498 3311
4272 4370
1829 3179
1296 4382
1760 4210
1031 4154
3939 3951
2563 3711
1389 3903
1819 3042
2277 3581
3284 3988
4014 4019
3052 4367
161 1330
1582 3202
3519 4005
2652 3508
2882 3473
4039 4095
2151 3379
1360 2042
2943 3776
3495 3788
1484 4088
3056 3375
3933 4027
1122 1808
3876 4287
2135 2240
2952 4311
2717 3164
332 783
1036 3383
3232 3789
3012 3778
1181 4007
3481 4378
4234 4385
3100 3874
2662 3398
333 3484
161 849
2127 3586
1292 3149
37 3851
543 2804
469 1234
1278 4220
3410 3538
325 2086
1130 3964
754 2011
4318 4397
800 1700
3266 3920
1820 4299
1327 2260
255 2886
3872 3952
417 1493
1078 3584
257 2117
1252 1682
2441 2773
1720 2003
1718 3593
1062 3399
1402 3427
3615 4215
3440 3567
1963 3004
3223 4214
3504 3613
3808 4166
407 570
4174 4230
3213 3921
2190 3022
2034 2112
1247 1362
3465 4374
4014 4068
2587 4386
1752 2778
2288 3172
2466 3958
127 1208
2388 3469
3660 4115
3742 4042
2189 3917
2386 3374
1659 3644
3838 4169
3437 4010
390 4357
0 3534
3038 3737
899 1149
4282 4381
4143 4238
25 570
809 2825
1368 2304
1153 3356
3290 4393
2136 4361
2553 4344
1585 4140
4310 4388
4045 4294
1739 3314
1609 2101
2402 3710
1416 3386
1180 4252
571 1842
787 2256
1322 2817
1449 2960
1513 2402
1137 1294
3681 4019
1270 2362
3138 3997
3288 3310
812 3164
2458 4027
840 2607
840 2940
3560 3822
3943 3970
1524 3718
4265 4306
3298 4392
2364 3491
2162 2738
4127 4150
2242 3417
2688 3401
2398 2528
2788 3263
2541 3384
3409 3642
24 41
3274 3335
3740 3966
3506 3817
652 3996
1750 4237
2986 3787
4239 4267
3272 4188
2229 3439
2615 4161
360 3734
3312 3775
2712 3512
321 2568
2616 4243
1197 2254
3656 4207
2811 4289
3076 3996
984 4354
3838 3941
3419 3519
922 2015
1505 2789
1871 2969
4169 4377
225 3968
374 1430
904 2365
930 2153
2404 2874
4074 4253
3990 4159
1503 3095
2426 3461
3096 4214
2519 3784
2419 4384
2235 3725
197 3121
1347 2944
3298 3962
1076 1920
497 591
3216 3898
2930 3825
1263 1903
1624 4044
4069 4171
3025 3407
1348 4071
3946 4331
2053 3294
335 2788
488 4315
3381 3439
784 3027
3464 3781
3842 4266
298 1124
1049 3978
1164 2944
1229 3314
2798 3774
2807 3588
4278 4295
3391 4250
2811 4309
1563 1752
4113 4308
2738 4026
295 2941
4077 4134
1955 2345
220 4290
1074 1824
962 2731
1134 1548
1808 3036
2210 3630
1089 3395
3032 3205
122 3401
3734 4155
2761 3589
3771 4296
3223 4298
3796 4075
2151 4295
1831 2204
3333 4015
424 690
1703 4295
1999 2642
1364 3186
2295 4392
1195 2850
1128 2208
4180 4232
838 2602
720 2043
2834 4129
2444 2825
3604 4174
2494 3280
1214 3675
3548 3704
1831 4357
233 3560
4048 4275
2972 3445
769 3680
3656 4325
142 1818
193 1717
3689 4172
2558 4126
2071 2924
3115 3301
718 1353
2248 4146
1237 3877
3662 4151
136 425
2571 2974
1759 4127
3283 4044
3420 4380
2190 3140
4012 4244
2626 3763
1661 4251
1277 3375
3070 3399
1795 2710
3546 4044
2098 3670
878 2679
1996 4291
2132 4058
1085 3433
4216 4343
1816 2406
1442 3828
2904 2990
3942 4194
4152 4224
529 2852
3696 4019
3319 4307
2894 4371
1765 3474
2874 4005
906 4385
3882 4114
2997 3919
2418 2546
1531 3107
364 2070
192 2096
1114 1531
2132 3386
1543 3023
3216 4001
1739 1863
821 1275
11 2023
3523 3891
1224 1828
185 2461
2314 2436
1810 2716
3080 3798
3674 4125
837 2903
2484 4164
2276 3346
190 1688
3715 4358
1936 3758
1780 4328
4047 4354
2523 4158
457 3264
2122 3691
2587 2794
2438 4052
1876 2179
16 3044
425 3049
1126 1887
3844 3894
2809 4045
2547 3293
1210 4107
959 2584
2169 2349
1761 4375
3746 4272
1215 1248
1354 2553
4141 4247
504 4344
676 1134
3337 4027
2537 4206
2423 2857
4209 4273
3204 4249
653 1222
4187 4316
1328 3255
3936 4173
1482 3641
3888 3999
3102 3509
731 3838
1853 4290
1510 3669
130 2640
2067 2881
2942 3901
165 538
1101 4088
1207 3283
1577 3933
2699 2842
2982 3539
1102 4236
2489 3818
666 1245
1308 2187
576 3731
4312 4339
2360 4291
1778 4149
4135 4146
705 3549
2213 2490
1831 3425
1951 4175
1003 3286
1385 3868
4033 4202
201 1068
2386 2643
1648 2081
4197 4342
2191 3575
4209 4343
86 3382
591 1232
115 1121
1256 3628
2434 4302
3337 3861
1494 1656
2893 3750
1644 4289
173 2433
4389 4399
3010 4120
1693 2765
3657 4097
786 2417
2973 3636
454 1205
3723 4083
2698 4273
188 1212
2754 4152
3818 3905
2340 4232
1146 3169
2235 3261
2592 3454
255 1583
3338 4204
3476 4374
1728 4217
1277 1785
841 1324
669 3907
895 4121
683 1557
2225 4302
4266 4316
3566 4187
2792 3844
4155 4277
3039 4376
2798 4302
2154 3581
962 2099
3741 4178
2600 2993
291 2092
1411 2219
4332 4371
3397 4389
4165 4277
3697 3913
858 2475
689 2516
2833 3480
2492 3519
3742 3911
2082 2595
512 3357
4385 4398
4290 4374
998 1460
4233 4385
3169 3395
2129 3369
3926 4098
146 629
4295 4395
3170 3780
1242 4116
2193 2962
2758 3668
3540 3936
889 3445
2423 3600
666 1392
950 3529
4305 4356
46 4115
39 3339
3760 4347
2773 2911
4188 4310
3239 3783
2860 3634
113 3039
3565 4016
3932 4259
921 2734
2494 3566
4228 4319
609 2195
1874 2946
1493 2380
1628 1893
462 4136
3732 4084
3373 3895
2951 3164
1987 2117
1069 3060
452 3292
4366 4391
2108 3436
1326 3606
724 4292
1651 3372
2742 3915
3004 4189
232 3753
1941 3254
3762 4369
3543 4071
2616 3905
4256 4261
481 4397
825 3334
963 1686
1687 3672
2968 3666
1495 4249
2275 3241
1250 3369
1773 3428
4257 4381
181 2390
1204 2430
4166 4234
4002 4358
1056 1330
1429 3193
3681 4262
2813 3549
2315 2499
2314 3253
2562 4244
2314 2508
23 77
2351 4112
3069 4206
1841 3775
780 4121
3126 3234
1375 2967
821 4100
707 2266
418 2361
1791 3226
1217 3486
2984 3310
447 1375
276 2122
1428 2371
349 3820
2932 3684
3183 4176
498 3110
2406 3239
4275 4293
899 2857
2705 3361
306 1667
3036 3967
368 1101
4304 4373
378 3936
1146 1406
3411 4337
2784 3350
388 2489
1437 1744
2792 4048
370 1835
3821 4137
1814 3763
444 686
1432 3915
3369 4271
2031 2831
296 933
1207 2204
1877 3126
3554 3930
2874 3764
2299 3128
1260 4180
3750 4127
1154 3575
459 4394
2228 4331
1665 3396
2779 3314
1436 3481
3655 4302
3717 4236
2324 2828
342 3442
2962 4309
753 2791
2511 2516
202 481
314 2935
3673 4316
89 2120
1717 3350
983 1851
3194 3569
1013 2014
3971 4288
3610 4030
3428 3927
2248 4176
4042 4371
3585 4255
1736 3083
2070 4194
1000 2041
3463 3695
4306 4370
1740 2646
4303 4348
4152 4272
1287 1390
2153 3203
3880 3984
2789 4301
664 1773
2493 3097
1821 2770
3012 3572
1138 1504
3207 4131
4163 4199
3766 3850
3577 4310
1467 4346
1895 2629
688 729
4093 4294
3553 4356
1669 2033
601 2386
4387 4397
825 3780
3186 3735
1238 3441
4016 4383
4001 4101
354 3667
1352 2398
631 2032
911 2579
2142 2546
3687 3916
42 3733
1526 3055
840 4368
2410 3940
1091 1175
3508 3870
2807 3768
1732 4354
3972 4206
2685 4399
3126 4373
207 601
2300 3993
1617 3355
3400 3736
1607 4364
926 1971
53 3059
3999 4170
1103 3008
2067 4250
1641 3188
3373 4025
1671 4177
3445 3800
2960 3649
4070 4098
1992 2356
4074 4331
3678 3821
936 3228
1883 2422
3894 4380
373 2627
3338 3392
3438 3713
1406 3104
276 352
414 4174
2155 3150
111 1399
304 3631
3357 3833
1180 2151
3690 3880
2974 3396
4023 4124
4107 4387
3869 4242
2356 2919
2512 4343
1704 3459
327 3822
3622 3655
1316 3408
3341 3724
3128 4153
3673 3913
424 4344
3425 3699
348 3959
412 3623
428 1886
2194 2921
3629 3992
3292 3395
3604 3990
3904 4235
2428 2489
242 1367
3837 4386
1327 1413
2164 3546
751 3221
1353 1637
1449 2826
602 3903
3088 3625
2179 4180
447 588
1034 1308
1166 3436
2846 3000
2161 4018
3699 3713
1987 3583
2470 2821
1382 3317
2660 3161
2573 4038
3999 4006
4324 4375
747 1231
3783 3907
3415 4348
3997 4396
618 659
2201 2858
3240 4050
1469 1875
460 2200
1041 1236
3151 4250
3203 3946
242 3199
2732 3358
247 3737
776 3814
32 528
1514 1909
3535 4149
1781 3908
3213 4196
4040 4120
3542 4379
300 386
1919 2786
884 3644
3457 3932
2320 2768
2698 4048
3197 4383
1386 3183
3016 3706
1411 3083
2551 3197
3588 3660
2126 2813
2531 3135
1866 3494
2967 3864
3656 3955
3799 3953
2812 3002
3461 4289
2565 2687
655 1350
3421 3491
369 1916
795 2714
844 2089
4245 4257
1229 3401
2495 4202
1623 2895
3090 4088
3062 3474
2997 3815
3709 4391
1456 3433
3456 3638
59 1209
409 2039
3589 4294
1179 2890
1758 4166
3529 4171
1172 3441
1817 3239
4112 4348
489 3119
2000 2939
1280 3629
2247 3139
3107 4320
2600 3066
2594 2817
2096 2541
1929 4073
2385 3386
2672 4068
3819 4200
21 150
350 3328
1705 3286
4100 4260
3745 4063
314 3891
2845 2986
2512 3348
1672 3891
2248 4121
2629 3351
1000 2665
3694 4357
3431 3820
2966 3003
2329 2955
2546 3228
2782 3316
2682 3694
525 1722
630 1700
579 1434
3833 4038
2836 4048
3468 3812
227 3838
3152 3387
2744 3906
1855 2491
3677 4032
1970 4294
3395 4343
4296 4297
1056 3544
1500 2916
3601 3722
1786 3172
2545 2604
2096 4333
132 4064
66 4135
1002 2004
93 1255
3135 4352
3785 4167
2599 2990
1289 4290
1300 2500
4072 4102
3967 4120
1884 3429
351 4114
3933 4123
1360 3183
3211 3487
3091 4230
448 2711
954 1854
3189 4134
838 2658
2264 3946
1507 1979
2701 4338
4131 4220
1430 1695
1155 4000
1488 3289
1405 2243
701 1055
3759 3836
4386 4389
320 903
2552 4354
3650 3806
2424 2838
3789 4350
3207 3838
1543 3972
1420 2436
108 3280
102 1273
145 622
3929 3945
2302 4034
3877 3991
2084 3000
2043 3802
407 1756
997 2404
1721 3957
750 3260
230 2721
834 1433
3167 3795
261 3952
3994 4325
4237 4327
1457 2340
2552 3932
3855 4137
1137 2999
1490 2486
1172 2452
4096 4160
3168 4395
1435 3222
2438 3224
2320 3771
2421 2487
374 2489
356 994
3112 4001
918 3179
2996 3619
3849 4290
2825 3576
2751 4243
2089 3186
2113 2178
115 3292
3374 3898
245 4118
4186 4340
1902 1940
4129 4208
3107 3122
201 1871
401 3982
1161 2609
2596 3777
2446 4136
124 829
835 2616
158 3340
4252 4349
3727 3767
3579 4003
3822 4300
2810 2891
3672 3987
220 537
533 844
3562 4178
3958 4379
2611 3248
4208 4280
3908 4201
2828 3148
2552 4204
2859 3563
2047 3536
2425 3225
554 1636
463 4270
4177 4347
2372 2488
2029 4370
1239 4324
519 3125
3529 3946
4162 4255
3448 4281
807 1175
3058 3767
3443 4286
1310 2026
218 3530
3034 3217
3839 4002
2324 4018
2481 3572
1439 2634
2472 4176
2591 2650
3931 4229
4021 4189
3112 4251
731 3914
3274 4009
3776 4253
1659 1730
2223 4259
470 1822
1616 3076
4036 4240
602 2833
1540 2694
685 3487
719 1209
2565 4111
3675 4381
775 2419
1331 2679
1056 2603
2013 2073
3536 3619
3606 4382
187 1851
3178 4066
4252 4330
1942 3148
1368 3415
2786 3728
1813 2813
3628 3986
3733 4322
881 3077
808 1857
3937 4151
1350 2351
245 4087
1003 3981
3110 4176
4233 4295
2715 3009
1420 3115
1977 2186
4315 4398
3611 4010
2186 3162
2376 2709
3709 4164
3496 4107
4283 4292
3811 4327
527 1496
3576 4122
1981 2121
4039 4262
641 1693
4281 4374
978 3151
1528 4166
1328 3344
297 2955
1275 3825
4165 4260
815 1294
1530 4098
1036 3964
2609 4321
2139 3923
2184 2617
1269 2947
1305 1872
1143 2207
1446 3081
2616 4204
700 1473
2625 4281
4196 4327
3295 3748
4370 4395
2311 4358
2875 3704
2867 3579
449 1714
2727 3242
2112 2726
2094 2175
4051 4380
2049 2892
1906 2605
2260 4120
2850 4255
3212 3387
3792 4343
454 2125
2814 4346
190 793
1486 2290
1521 1908
1170 1754
1734 3976
3829 4328
2336 3591
3902 4158
4308 4366
2569 3056
2543 4350
2893 2957
1801 3708
1727 3639
3549 3818
1795 3823
2017 3073
3357 3962
3412 3862
2361 4157
4094 4252
4256 4287
4058 4212
742 833
2318 2681
108 3076
1194 2659
836 2104
708 1345
2305 2707
1897 3006
3601 3907
2195 2624
3406 4351
3229 3495
3533 4003
2964 3560
3991 4182
2268 4268
69 843
4383 4395
2428 2968
1895 2468
3841 4156
4024 4319
1115 1206
2599 3251
4054 4189
2669 3356
1493 3871
2431 3969
1008 3869
954 2588
557 1482
2895 3999
1128 1863
677 900
1263 4083
3507 3636
3299 3363
2255 2911
2491 4208
523 2308
2385 3016
4226 4234
1647 2216
4387 4392
2967 3216
438 2508
4127 4223
464 3168
191 201
187 2599
3943 4166
2194 3384
3094 3320
598 2438
3467 4123
3356 3874
589 3080
3999 4240
2027 3612
1613 3900
541 3275
3508 3535
1500 3680
3444 4131
1879 3341
2402 4266
4292 4372
1213 1601
2384 4293
119 4353
2677 2901
710 2002
2163 2269
1212 3778
1040 2923
808 2778
479 2310
4395 4399
1881 3245
3090 3561
4227 4364
530 3742
2075 3278
356 2546
3494 4362
1537 4237
3640 4243
726 4332
3327 4229
763 3228
836 1235
836 1449
2802 4196
3665 3907
242 3954
584 3310
4235 4277
149 2006
3747 4155
975 1909
2236 2553
3740 3817
2225 3726
1821 1845
1219 4367
3810 3954
2399 2496
459 3498
4205 4337
3499 3626
3702 3899
86 1693
3546 3613
2649 4041
932 3129
1720 3919
3644 4061
34 2270
785 4325
1694 2216
814 1529
3492 4306
3483 3533
4383 4398
1684 4151
2758 3626
2948 3430
1728 1951
3078 4318
3033 3583
4343 4386
3008 4055
3739 4116
546 3063
1765 3432
2189 4275
2417 4287
2836 3532
2090 4288
4146 4303
371 2250
3924 4388
572 2344
3107 3683
3678 3681
2294 2708
1906 4387
2711 3938
1425 3959
3333 4045
3724 3772
3028 4222
132 407
3365 4199
970 4379
541 4090
3226 3780
1913 3550
2683 3412
2108 2955
3459 3721
1649 4048
3737 4145
2205 3255
1610 1981
3345 3360
645 3360
3964 4173
63 3431
1941 3513
71 2315
2710 2847
1614 4358
2241 2713
3274 4255
3207 3700
1798 3297
4251 4297
2654 3446
1820 2103
2461 3949
2124 2923
4267 4385
3414 4005
1419 3238
3805 4088
4279 4336
4293 4304
2472 2585
3585 3597
1169 3084
2654 3881
2588 3996
1774 3931
616 3553
618 3534
3795 4377
742 3101
4358 4363
37 1382
2183 3604
3825 4002
1503 3727
727 2747
3771 3884
1216 2934
619 2869
210 1057
3033 4096
2166 3368
1222 3321
3729 4158
1111 4372
1960 2274
83 268
2934 3760
295 2633
1973 3748
485 4333
1949 1957
1214 3436
2463 2918
2627 3613
513 4000
992 3543
4187 4375
3341 3472
204 4145
446 2495
3993 4143
849 2976
2171 2896
1822 3015
208 3188
750 2734
2232 3272
2556 2877
2652 4136
2983 3026
3846 3911
1816 2387
1731 1870
1784 1911
4116 4244
1905 3266
1664 2615
729 1492
1158 1506
1122 1950
848 3176
1035 1246
2415 3462
4168 4296
4067 4137
3459 4374
3823 3997
1572 3760
3393 3999
1235 1579
941 4360
810 3558
3423 4197
777 2856
1309 2955
1369 2536
2249 2782
374 1077
2655 3693
344 1049
3987 4194
749 2299
2380 2410
231 1713
291 746
3529 3639
4184 4289
2579 3242
707 2409
2356 2395
799 2784
542 4151
1437 1974
1721 2478
705 3189
2691 3677
1486 1562
3901 4267
3344 3556
799 1401
3181 3473
1540 3286
2909 3578
2747 3746
2307 2952
1909 4021
1398 4329
1235 3229
1335 1561
3830 4227
3298 4139
2890 4263
1535 3793
1718 3584
674 1144
4165 4298
2199 2681
3285 4273
1155 1829
274 1854
904 2926
927 1686
3765 3905
525 2302
3705 4393
2209 4370
2287 3026
151 2960
1165 3336
1130 1779
1718 2040
1826 3361
3743 4304
2435 2988
103 3146
1181 3962
966 1139
2459 3947
3413 4367
134 2564
4113 4357
1945 2044
593 3216
3589 4167
505 3781
3408 3591
2544 3582
2291 3594
3364 3405
403 2380
3008 3047
3760 3871
2632 3180
2968 3466
1519 2703
920 3068
4152 4299
982 3081
323 3296
1011 2266
2438 2746
2647 2764
1726 2536
1187 1545
296 1109
2307 2863
765 4035
3963 4021
2214 2739
3029 3949
3332 4351
3087 3449
2613 3363
3600 3687
1115 3819
3791 4357
1931 2484
520 2341
3858 4372
3403 3873
3804 4250
1736 4154
416 4222
3474 4211
1158 4326
3060 3573
3842 3910
1661 4360
1990 2439
2966 3397
2057 4369
2925 4027
2495 4021
60 3422
1006 3267
930 4343
3674 3740
2593 3295
1561 2827
3531 3558
1142 4257
1061 3289
1708 3332
561 2572
1018 1369
3322 3696
2900 4251
4256 4279
343 2933
1010 2699
2264 3914
3179 3314
3039 3045
2484 2683
1870 4054
797 2377
1420 3800
1779 4189
1200 2404
1764 3783
1347 2127
2560 2848
686 4262
0 3990
379 1094
2106 3730
2410 2847
1009 1029
1709 3588
422 2671
4362 4385
4361 4390
647 2022
4376 4388
2175 3640
1259 2886
3597 4138
2952 3318
47 3053
3252 3313
1397 3632
841 2451
371 3563
1884 3538
4065 4365
2018 2600
3572 3891
2886 4377
946 1500
3465 3624
4343 4395
1311 3972
4021 4153
1349 3202
892 2587
1495 3504
4312 4392
2426 3153
3785 4118
1332 3495
1721 1944
4125 4234
949 1792
3843 4033
2510 2560
81 404
3961 4288
2244 4254
4248 4348
698 1809
3846 4301
678 2186
975 2102
3479 4212
1306 3627
2453 2968
476 920
2852 3292
2788 4342
2596 3479
4096 4101
691 3685
546 3048
3242 4033
3101 3121
3797 4068
1875 2320
1815 3657
2864 2881
2824 2855
4146 4225
3919 4296
4125 4129
2155 2898
946 1506
963 3818
4038 4340
1692 2944
3184 3875
1023 1934
2110 2582
2402 3259
2425 3398
1093 4117
2282 4057
1408 3571
4074 4196
2020 3325
1468 3570
292 2030
2712 3324
2492 2546
48 2803
2604 3641
1160 4328
102 3167
837 1358
3945 4100
669 1658
182 2318
706 3107
4321 4328
2043 3672
1853 2849
1472 3513
1559 4396
3864 4270
1538 2667
1047 1917
3561 4194
1243 2515
1077 1202
436 4271
3391 4328
754 1556
3034 3237
1382 2659
239 400
1469 2277
404 4282
514 3030
3939 4226
1780 3635
1847 2739
3217 4220
3409 3539
3536 3901
182 2514
970 2453
4393 4397
4360 4366
1641 3924
1695 4138
910 3209
3772 3895
5 554
1408 2403
1842 3055
106 1632
2106 2260
1576 3564
318 3783
860 4071
2808 3413
3010 3739
2112 3744
4335 4377
1833 2555
754 1324
2268 2793
541 3319
1413 1765
2723 3987
3615 3743
2840 3516
2960 2987
4308 4321
739 1201
591 3753
3870 4261
1488 2771
637 792
2080 3092
570 1455
1921 2143
4198 4392
1348 1460
875 1131
927 1693
2103 2991
3305 3963
528 988
2998 3241
3411 4268
1806 3661
3815 4182
1424 2964
1299 4054
3303 3610
1461 3457
2770 2942
1393 1825
3130 4304
2755 3556
2849 2905
3653 3783
2561 3068
3089 3219
1409 1966
501 2708
3031 3046
3925 4207
1768 4373
1336 2330
2645 2934
4208 4228
2298 2620
2817 3282
1869 2006
524 628
3 1871
1825 2461
588 604
4237 4302
2629 2825
1009 2527
3706 3742
3569 3986
3577 4232
462 4126
3535 4068
1791 3199
1792 4246
582 1076
1540 1567
3784 3995
424 2022
3939 4344
1575 1750
1623 3012
3606 4367
2849 3837
4071 4246
2713 3622
3274 3430
310 4293
3434 3656
299 2724
2147 2154
4134 4184
2686 3860
1786 3075
941 4348
1581 4060
1536 1577
710 1131
2526 4135
1472 1830
156 2461
3481 4319
1752 2767
2430 2556
1102 2079
2932 4302
2757 4389
2606 3480
2534 2630
29 1256
3191 3538
294 3316
644 1288
2529 4072
1467 3534
2845 3049
3269 3878
3466 4020
2211 3508
1103 4340
791 3729
1645 2588
627 3660
847 3203
62 4004
428 1555
3885 4235
3722 4078
2613 3894
2515 4181
451 699
3337 3499
2553 3935
2989 3042
3786 3846
4112 4363
712 1823
1826 4364
4254 4268
1645 4095
2297 3688
2414 3700
1354 3291
1690 1954
712 827
1892 3255
1233 4211
1108 1226
2571 3217
3157 3644
2455 3856
138 900
3737 4395
3661 3953
4056 4330
1109 1551
823 2247
2976 4263
478 3406
3623 4187
2545 2561
3734 4082
3687 4193
4132 4195
1061 2073
2734 3956
2124 2734
2190 2342
3147 3311
4089 4362
2313 2368
4285 4385
1100 3053
3790 4104
2028 2613
3254 4012
2942 3968
3346 3712
3874 4021
3620 3701
1390 2239
1578 3329
4022 4164
759 1328
1672 4110
2753 4013
2232 4135
2635 2820
2267 4152
1725 2607
4345 4377
150 305
332 1711
222 2019
1118 3646
3196 3494
1857 4155
439 2776
1875 3448
184 4153
3748 4051
2478 2680
3737 3893
730 3069
2612 4113
3834 3903
375 3262
1885 2190
1255 2848
4001 4243
3242 3463
3937 4105
3496 4253
3870 4108
445 1535
1435 4118
1054 2507
2044 3873
3438 3751
3617 3757
1018 1073
4034 4383
4311 4399
1387 1401
2366 3485
102 547
2157 4151
2984 3600
319 602
1275 2957
2842 3653
4382 4386
3137 3693
3223 3771
1770 4100
1791 2089
3464 3532
3268 3674
3212 4071
2731 3930
495 1004
543 2891
855 2803
3708 4136
2322 3497
4170 4291
1460 2855
793 3039
176 1278
1754 3985
4319 4360
2260 4318
1371 3688
3910 4325
2707 4130
2266 3397
49 1423
2081 4076
1625 1890
292 3587
900 2208
0 950
655 4023
10 500
2587 3409
622 919
4356 4369
1836 4371
821 2100
328 2645
2511 4389
2083 4236
3287 4158
585 2110
3829 4088
3145 4270
2340 4256
2945 3690
4213 4386
1369 2346
2247 3109
2128 3235
1293 3068
1694 4077
864 2999
3789 4122
3251 3438
3715 3958
4282 4373
2078 4285
2809 3921
3554 3974
3292 4208
985 3105
2702 4299
2622 4064
3911 4086
2087 4158
787 3597
1290 3265
3720 4066
530 3930
2550 2843
1681 1907
1269 4312
3662 4254
2113 3895
3729 4368
2763 3673
1479 1502
4034 4287
915 1097
247 4245
1332 2909
1621 3807
1244 2197
2483 2587
928 3886
3003 4396
3263 3339
4196 4198
2865 2911
4119 4392
37 2144
520 3010
2390 3747
2329 2677
3701 4304
4294 4344
4028 4392
2625 4321
4248 4331
3851 4010
4243 4366
2747 2791
3518 4259
254 2600
358 1148
1078 1423
2228 3318
2609 3522
1077 3940
3191 3682
3661 4157
3745 4351
1925 4284
3487 4103
1878 2384
775 2264
3178 4095
3843 4163
2281 3935
349 489
4393 4394
2510 3965
3388 3399
4168 4327
632 3649
2291 4217
3161 3178
1112 1583
3168 4141
2088 3104
1916 3670
3199 4313
1540 3630
1093 1272
2370 2960
2130 3481
3287 3518
358 1209
3049 3619
2104 3266
3558 3680
1716 3203
3034 3708
2299 3698
806 1987
317 4328
3164 3245
806 1129
2715 4280
2826 3584
4093 4299
264 3426
450 2692
3107 3368
3769 4214
3730 3733
4072 4381
852 1432
2050 3560
189 550
1934 1965
306 2231
1549 2519
1451 4357
3218 3234
1455 3088
555 1859
3406 3748
3523 4384
1012 4173
1106 1851
3245 4377
48 3993
2291 3430
752 2047
3105 3651
3202 4223
2804 3546
1962 3224
847 2184
2970 3948
1620 2574
199 2746
4200 4312
3210 4101
4052 4087
1678 2515
3430 3617
246 2167
2576 2969
1902 1935
1724 3730
2702 4065
1877 1915
3894 4077
791 2330
1435 2800
1772 3370
1748 4014
2977 3448
1051 2500
1749 1900
2432 3310
2937 3310
231 2038
4186 4293
387 2951
3732 3973
3714 4096
1596 2849
1286 1472
2317 3781
2125 2175
4363 4396
27 4046
1975 3184
3090 4124
2706 3302
1531 3176
1206 2605
1635 2189
2070 3044
864 1845
3175 3721
2042 4058
730 1993
1866 2844
65 3867
2648 3648
393 2660
4276 4312
2707 4332
3138 4035
400 2592
604 3486
3212 3621
3011 3591
635 752
3922 4096
2843 2909
2229 3274
1666 2268
3632 3655
2551 4127
4059 4133
178 3035
849 2286
1766 4223
815 3882
3348 4013
4175 4272
1817 4269
1736 3490
463 3975
2823 3404
3010 3073
4160 4229
546 635
3587 3602
108 4050
3172 3852
3585 3985
3959 4249
1781 2317
393 2770
979 1373
1225 1661
2440 3718
3552 3943
1210 2851
2200 2396
613 1699
2776 2904
4202 4396
3965 4358
3461 4196
548 2644
3733 4050
2732 3665
753 809
2246 2810
2345 3690
367 1099
1194 3480
3777 4070
2130 3380
868 3038
160 4277
2914 3769
2980 4331
3063 3327
1774 3080
1729 1953
861 4086
2957 2961
1901 2216
3006 3215
2499 3284
1456 4049
179 581
1918 3832
2581 3821
3136 4107
1506 2125
2515 4300
1918 2054
2245 3847
1943 4108
31 3930
1273 3672
2803 3541
2755 3489
1518 3602
787 3146
1591 1968
831 3852
3714 4051
2411 3892
3791 4219
4083 4150
3089 4229
75 2751
113 3029
113 2765
4191 4248
3068 3597
695 3461
1426 3953
3513 3960
342 3838
14 111
2872 4351
32 3632
1563 3281
3715 4308
319 2712
1745 2749
1507 3987
284 382
140 3387
3371 4234
2020 2793
3767 4395
1110 1115
2486 4095
3390 3908
3597 4147
3302 3425
2635 4161
3224 4288
2934 4118
3652 4101
4134 4254
39 159
4194 4328
3417 3477
1478 2793
2593 3019
3250 3399
1100 3140
1445 2319
3512 4220
741 3646
1764 3156
1306 3549
1600 2691
2641 3608
1907 3230
1157 2471
391 692
2359 4059
1225 3225
3861 4279
831 2530
1407 1710
3500 4162
4217 4248
1627 3472
4235 4371
1538 2664
1355 2382
3900 3958
1793 2980
2004 3465
2114 2672
1850 2924
255 3346
1223 1326
1544 3684
173 2287
2055 3114
666 3429
1812 3643
591 1128
2961 3224
2958 4154
3406 4398
4032 4044
4307 4390
1223 2882
2510 4332
3162 3619
1232 3796
3669 3860
2364 2424
2348 2759
3948 4076
2166 2481
224 3774
2891 4321
4233 4359
3846 4307
3047 3189
1550 4146
3133 3590
2803 3155
3711 3880
1508 4230
1928 2724
2244 2912
3527 3896
2340 3189
3549 3630
3946 4379
2960 3377
2857 3604
3014 3090
1148 2017
2074 2317
1170 4312
1301 1868
2510 2840
3839 4181
691 1959
2795 2862
2712 3775
4209 4394
2863 3811
986 3989
344 2884
2697 2731
1708 3809
3567 3872
3242 3990
2151 3231
3362 3709
735 784
2710 3901
2749 2904
105 1659
630 2828
2155 4062
2376 3109
1563 2730
1126 3350
4295 4376
1064 1714
1657 4271
1354 1470
2479 4339
1703 2029
2216 4042
903 3470
1691 2072
4318 4339
307 3346
187 3211
3199 3349
1930 3443
733 1392
667 3534
2549 4182
1929 2989
3540 4256
2023 4151
426 499
3749 3967
1546 2946
2988 3645
1361 1768
3093 4003
3647 4102
2448 3605
1255 1646
547 1181
2322 2772
3934 4398
1274 3750
190 3033
1752 2072
2039 3337
1080 1677
272 2003
3810 3855
2980 3991
1702 1735
119 3978
2540 4262
793 2330
3551 3706
162 3435
4101 4102
1728 1900
2273 3444
1699 3352
2117 4387
933 1307
2612 3275
130 1113
3327 4193
1662 2119
596 3471
3874 4393
3875 4092
3854 3964
560 3817
405 3462
844 2792
3772 4323
1660 3447
4128 4145
1983 4376
1268 3386
2455 3724
462 4319
4354 4358
1373 3277
3904 4204
4391 4393
4378 4380
4226 4227
2598 4357
1491 2662
755 1689
2990 3329
1022 3264
1670 3918
443 489
949 1530
2741 3361
1001 2964
3534 4225
2703 3045
1018 2021
3817 4095
3938 4147
3485 4229
2097 3686
683 3233
3222 3473
2286 4375
705 951
596 1229
2432 2965
4364 4374
2375 2927
274 421
3753 3853
849 1104
2696 3943
2999 3035
2182 2295
892 3616
617 1851
776 4156
938 965
3840 4212
2887 3062
2511 3570
2619 3040
1417 1464
2660 3845
4366 4388
3429 4168
3582 3629
2199 4070
2780 3319
1146 4148
2213 2314
3388 3750
789 3007
3865 4399
824 923
966 4098
4257 4334
3216 3621
2721 3668
4266 4392
2858 3530
675 712
2934 2939
2361 3890
42 1287
631 3703
3727 3802
2293 3131
2323 3294
1085 2124
3951 3987
2888 3169
518 3043
3518 3890
1263 3908
1665 4052
4213 4223
4008 4209
2310 2618
3417 4107
1897 2086
1166 3315
1501 2617
3745 3920
382 3171
190 931
3918 4098
1 288
363 838
2325 3246
2692 4057
1525 3478
4021 4096
3445 3644
1718 2571
202 2959
81 2422
83 2885
4383 4393
2520 3231
4127 4210
1211 3472
1407 2363
2258 4169
688 4096
2382 2779
1479 2766
4131 4133
2264 4237
799 3365
1722 3286
748 1263
1255 1362
237 4359
808 1218
1871 3948
3894 4396
2719 2842
1634 3074
3826 3887
426 4190
417 4112
2007 4006
284 3581
1517 4185
1888 2147
1458 3252
4237 4271
2920 4264
3475 3829
2604 2727
206 3419
2381 3349
3618 4392
2946 3881
3655 3812
3826 4375
449 2338
3648 4001
3117 4116
3318 4259
3767 3943
4004 4241
4117 4194
1321 1908
3870 4367
2698 3992
4193 4240
4112 4127
3420 4261
4057 4213
885 1967
35 635
689 2068
1596 3229
2257 4021
692 1033
4395 4397
4117 4399
786 2721
4392 4399
579 886
1782 3694
1132 3056
504 3480
1854 4272
503 1985
3798 3927
2877 3247
378 1973
87 493
224 3039
2337 2375
1103 3589
3065 3679
3811 4028
1160 4247
1985 3264
3049 3972
1000 1159
3766 4101
2113 2369
360 3511
2115 3951
2015 3965
2526 2784
2398 3453
141 2086
2311 2924
1504 4183
2928 3466
4243 4315
2615 4176
2580 3713
2612 4147
743 987
2064 3796
1313 3669
2597 3272
2099 3084
3616 3651
13 1249
491 3294
3364 4029
488 3292
2413 2566
1599 2043
510 4329
1900 3450
1344 3438
1538 3027
2463 3443
3729 4350
4000 4045
800 876
4078 4131
2671 3861
1150 4105
441 4216
4350 4375
2196 4228
608 1619
3526 3834
2134 2855
1573 3715
3804 4069
1439 1618
428 3573
3494 4087
3890 4060
1230 1381
3065 4165
1032 2178
4154 4322
2441 3821
593 2000
2639 3377
2726 4281
1853 3339
3128 3304
3976 4389
471 884
1180 2105
1042 4198
2701 3868
353 1037
2545 2963
2415 4236
1217 2710
150 516
4037 4094
436 2096
1906 3266
3269 4072
2270 3890
2096 2896
2888 3456
1054 2258
534 1433
710 3686
1185 2993
3168 3862
2612 3986
1208 3317
114 1532
503 3118
2048 4302
2402 2614
246 3615
3472 4121
1538 1724
1876 4292
3527 4153
1057 3125
3572 4135
305 1946
1842 3945
4036 4372
344 2376
4334 4342
2329 3826
1804 2998
2256 2626
3502 3928
2367 4252
550 2299
1689 2047
3543 4198
2210 3767
4268 4288
764 4175
2725 4028
2646 2761
2969 3623
501 2953
4160 4363
931 1238
193 1648
1387 3215
744 855
2754 3761
518 3975
3170 3645
3333 4081
3368 3928
2840 3743
4257 4395
3953 4097
2733 3819
684 3742
953 2082
1944 3901
469 2129
4050 4291
685 1743
2958 3572
3397 4031
2147 4138
3290 4066
1949 2553
301 1017
2212 2321
3280 4230
1948 3075
3345 3813
2016 3675
3506 4185
1708 4118
2363 3557
1505 2272
3146 4088
4142 4181
2354 4130
2357 4297
1719 4168
1033 1296
2512 3289
3415 3452
4272 4351
115 1824
1167 1795
4180 4185
2799 3274
2435 4396
2394 2801
1530 3671
3948 3974
3208 4250
2588 2983
1905 2826
1541 4234
1707 4101
1036 1872
381 2149
4225 4258
824 3219
343 4319
4350 4397
3802 4311
1884 4331
1226 3715
3029 3131
4325 4386
1325 2210
4092 4392
3347 4331
704 2051
1645 1948
505 1293
1057 2354
143 4116
1117 3400
785 2279
1078 2251
1395 3077
556 765
3962 4272
807 4149
1477 1968
1989 2430
3843 3920
1572 3043
1469 1739
1961 3636
1028 3024
3759 4363
2753 3131
896 2902
2599 3351
1195 4252
4221 4368
3438 3962
1057 2611
2797 2970
3870 4325
2337 2919
3611 3852
3180 3778
3707 4083
1239 3693
2063 3785
224 1448
2310 3521
96 3593
4391 4398
4035 4170
4089 4269
3118 3418
1490 3949
1025 3882
4104 4376
4011 4229
1779 4202
1105 3570
1810 2065
2278 2297
3617 3976
323 1809
1857 3701
190 3298
3735 4209
3898 4173
2959 4176
1028 3116
1787 2629
3930 4259
3561 4015
578 1932
631 2672
1900 3893
4293 4363
192 1491
2529 4323
208 4198
2152 2784
2507 3166
2161 2795
3750 3879
1893 3744
1999 2094
2469 2903
859 3926
1715 2802
3597 3943
2923 4220
970 1420
3583 3796
385 1837
2809 4238
1090 2484
2648 2665
3480 3639
3925 4274
4022 4077
1775 3315
1462 2928
3276 3306
357 3224
3739 4161
3824 3982
3622 4164
3065 3825
2943 4320
286 2188
3781 4100
3750 4291
3397 3936
2053 2762
1267 2671
3192 3708
3439 4339
1755 3309
2257 3977
1389 1936
3073 3298
4006 4035
1096 1293
3596 4188
3010 3951
2459 2856
1763 2500
1527 3283
1646 3791
4119 4265
2611 3757
3497 3507
790 4065
2286 3867
669 2588
3923 4346
1396 3054
441 3900
142 147
3832 4357
844 1739
2862 3946
859 2211
1194 2555
1488 3400
1676 3458
1421 3802
864 2173
3055 3732
2721 3556
4129 4141
4035 4242
542 982
2754 3945
3232 3940
3455 4078
2453 4157
1228 2816
2537 3505
3785 4245
2116 3418
1806 3499
4094 4326
3140 3336
2070 3315
196 3854
1986 3104
3175 3427
393 4126
3830 4055
1761 2549
162 4356
2017 3123
2061 2850
3244 4135
3768 4121
4156 4380
2146 3688
460 3253
248 570
3453 3914
620 2785
588 2302
3024 4036
1653 1731
3107 4075
1647 2698
1496 2778
2043 2337
2565 2917
3428 3569
2459 4063
3529 4322
3307 3716
1984 3758
4055 4204
2064 2214
3522 4212
1381 2900
3138 3900
1720 2956
1576 4276
228 3795
2320 3660
3557 4134
2294 2852
775 2370
815 4115
4025 4114
519 916
2413 2891
3904 4267
3438 4221
3125 4211
3502 3757
4356 4374
4347 4385
3263 3905
3287 3562
1974 3781
1281 2846
3813 4215
2456 3456
66 3414
1312 3478
2990 3174
1844 1930
1410 2546
3451 3936
1911 2966
3803 3826
2546 2755
2872 4096
3754 4101
3376 3548
1782 3395
2384 2431
3538 4284
2308 4356
2087 2779
1866 2009
3838 4006
1939 2497
3716 3973
1396 3726
3297 3976
3204 3210
3461 3502
420 2252
658 3250
393 3708
1467 1867
1829 3684
2562 2605
3717 4257
1827 3422
3987 4067
604 1149
2539 4213
3326 3716
385 2305
703 1690
3631 3730
1217 2463
3987 4338
664 3854
3640 4037
3484 3889
3610 3750
2499 4146
3358 3459
3870 3886
342 2600
3234 3943
4304 4306
2233 3292
4028 4232
1839 3323
4308 4376
3954 4345
1202 1434
781 3483
1034 1065
1261 2607
2350 4283
2653 4080
1980 3114
1196 3817
2664 3633
3275 3892
1815 3057
942 3621
112 2047
1014 3857
2891 3496
3902 4124
3473 4217
2553 3089
2049 3161
2371 3201
3691 4366
1940 2486
288 340
2968 3256
2153 2611
3500 4099
3499 3786
3139 3428
1082 2232
3809 4196
3698 4359
4304 4361
555 2844
774 4206
308 545
2368 2411
12 2212
4077 4337
2778 4309
2325 2454
3419 3552
4229 4367
1681 2480
715 2433
1771 2191
2037 2943
3625 4373
3937 4222
2106 3994
463 4205
3238 3866
1916 2966
1469 2197
3587 3636
2903 3752
2950 3825
1746 3485
3315 4113
1876 2124
509 4159
1022 3591
1819 2194
173 1677
3928 4161
969 3104
606 2987
2618 3757
970 4227
2390 4040
395 1276
561 2669
1101 2002
648 4389
3673 4020
579 806
173 457
203 859
3334 4370
2504 3205
2331 3095
262 3832
2085 2405
3396 3967
3332 3487
3538 4328
3721 4273
1548 2448
2594 3634
4163 4314
3359 4133
1053 2914
608 3358
823 1089
4082 4377
3003 3020
3593 4374
1786 3424
3730 4130
1881 3771
2955 4230
1601 2063
4365 4380
1266 1522
2550 3785
1500 2401
1246 3671
2626 4375
2402 3325
3488 3564
1768 2914
581 1532
3011 4302
2234 2752
2699 3095
517 4222
2632 3883
1062 1510
1641 3434
3298 3343
525 1793
2267 3370
2089 4353
3733 3968
4391 4393
930 3011
225 3355
4343 4397
2173 3284
3079 3900
3157 3369
3587 4071
1984 3278
2204 3257
2978 3931
2388 3969
2852 3983
3537 3924
598 3916
453 1139
1564 1825
3164 4252
3565 4095
2835 3662
1965 2360
798 1227
318 1295
2616 3788
1303 2857
3458 3807
939 3985
2600 2829
2549 3776
961 1321
1497 3384
2882 4212
3439 4124
1988 2810
2005 4022
135 3605
168 3985
639 1720
994 2875
3408 4090
1534 2702
1767 3587
1648 4199
1071 3523
301 3780
2415 3361
2056 3647
2574 3789
3394 4360
3679 3937
2359 4153
2498 3388
2883 2994
3749 3909
3104 3424
1184 3799
3893 4215
418 1617
3167 4219
2548 2933
3004 3844
3307 4257
2674 4057
1804 2292
769 2120
1666 2414
2995 3563
3719 3764
321 3524
1443 3525
202 452
1308 2007
1229 3813
3852 4170
4360 4366
1223 1676
2110 3061
2379 3127
7 2450
3569 4383
1381 2294
552 3824
3481 3650
2382 3265
3185 3408
2473 4192
1067 1295
870 2825
1009 1993
3847 4163
2986 3689
443 2848
2181 2379
1283 3071
1157 3722
3097 3548
1828 4061
4367 4373
100 2128
2040 2345
299 3338
71 715
2997 3062
539 4012
1828 4162
3953 4200
452 1583
3358 4164
4361 4387
3242 4076
676 3808
2869 3082
4024 4180
1128 3845
2228 4158
1560 3105
1718 4082
2344 3201
1907 4185
3331 4148
2314 4282
3446 4370
2972 3259
3695 4215
1408 3760
1272 1494
625 1667
3940 4178
652 1464
675 1257
28 4018
1332 1989
4150 4300
2126 2701
4328 4365
3626 3800
1634 1897
3761 4065
1412 2454
556 2749
2234 3895
1861 3902
3633 4291
2622 4052
3935 4175
2953 3298
317 1716
1892 2350
4100 4163
1388 3670
4320 4352
1941 4171
3536 3819
3722 4310
4158 4318
4233 4299
3406 3576
331 4321
1812 3931
2864 3175
2942 3049
1097 2180
1310 3169
2214 3750
1566 2162
1499 2699
2188 3819
1590 3821
2018 3632
535 4031
3313 4307
65 457
340 3534
2079 3100
3898 4094
2760 3576
1554 2895
3379 3466
2920 4179
4039 4232
3811 4026
4368 4389
3266 3815
3950 4397
1326 3809
2846 4243
1948 2375
1913 3255
3198 3804
530 3409
3216 3893
4051 4345
1059 2258
4241 4293
995 1069
2677 4376
2307 3276
362 3060
4072 4148
4274 4285
3299 4259
3096 3750
2146 2243
1017 1945
2873 3398
969 1162
61 2524
3161 3724
3001 3190
4112 4188
2408 2863
258 2078
3842 4162
2738 3231
4156 4312
3725 3941
81 959
3058 3264
692 930
1459 1960
2947 3191
2595 3038
1175 3753
1145 1371
534 3989
2239 2328
3279 4394
3747 3991
3878 4272
166 3978
4133 4143
4025 4245
3503 3641
2623 4073
2604 3353
1661 2747
2485 4277
3707 3981
1753 3871
1081 1500
3345 4094
860 2043
4135 4201
234 3626
2400 2713
3526 4278
3011 3441
3628 4392
195 3356
360 839
1347 2622
1651 3570
2644 3180
2870 4301
658 2174
3008 4201
434 685
2245 2709
1408 2985
2071 4078
2662 4038
3063 4303
2625 3514
3658 3660
2076 3838
558 1106
1018 3589
2499 3982
375 2851
2302 2436
1926 4248
3711 3948
3346 4370
3442 4135
3739 4227
3610 4154
395 2310
1467 3979
1502 3428
668 2640
2833 2870
3185 3894
3070 4223
2982 3449
3043 3400
2516 2629
2363 3443
1973 2693
2055 2170
1923 2680
3374 4004
3091 3691
3230 3555
235 3112
3446 4148
3110 3349
1438 4155
3122 3532
2718 3369
1933 4262
1174 4216
3141 4061
4394 4397
3521 4396
4193 4315
2902 3713
3599 4121
2850 2976
3132 3820
4019 4201
2031 3631
1693 3550
978 2427
631 4145
4167 4399
1152 2818
962 1459
1358 4311
2987 3192
458 3895
3774 4374
1291 1353
1905 2376
2039 4246
2550 3464
2818 3419
3320 3580
3682 4001
3495 3797
2755 3298
1106 3594
1875 3848
4279 4343
2600 3707
2114 2902
2291 2931
647 734
952 3417
219 3526
2867 3448
2693 2823
2205 2817
1307 4116
3920 3922
3843 4094
3656 4388
1021 3374
1478 4037
799 2680
2909 3337
2710 3735
1111 2651
1162 1937
3316 3980
2520 3493
3553 3932
899 2947
2110 3716
502 2574
4023 4316
1549 2492
3640 4028
1146 1274
2419 3584
3669 4032
3747 3760
2692 4334
3508 4160
3145 4362
1875 2700
2723 3388
1798 3416
2477 3151
1639 1701
988 1986
1979 2390
871 2308
2162 3064
946 2671
4127 4398
4147 4377
2844 3126
220 4098
591 3876
2861 3748
1723 3236
2536 3691
3635 3973
1307 2869
2225 2961
1770 2573
633 3713
2987 3238
786 2013
1104 3306
2844 3408
1775 2409
2049 3848
2162 3611
2182 2718
3138 4138
1407 2440
3500 3868
2999 4166
1302 2227
240 3545
2541 3188
3423 4155
0 2500
499 2301
4051 4306
4037 4229
282 3463
4106 4205
609 4233
737 946
2694 3240
470 2404
2811 3145
573 4306
2344 2833
3581 4382
3449 4089
4114 4296
2621 3150
1689 1731
4130 4178
3153 3208
1465 2630
1537 3777
1795 2932
1914 3935
254 2864
2672 4065
1317 3327
1192 3882
3466 3939
692 4193
1578 2506
2181 4313
235 2760
727 826
2685 3506
945 1316
3203 3218
139 2488
1503 3137
2568 3484
4128 4226
275 654
1559 1665
940 1565
3565 3878
3033 3123
762 4363
1688 2019
1633 2069
4123 4392
3550 4085
3354 3704
3171 4042
1040 2290
4087 4348
2351 4374
784 2750
1959 3943
1144 2386
896 4009
2192 3159
1137 3669
3102 3422
1263 3355
4059 4277
1319 3920
3859 4227
2733 3084
3056 4180
4035 4334
2242 2379
2647 3887
3220 4156
710 778
1155 3578
4332 4368
1088 4298
2913 4237
1684 2954
1250 1477
3763 3772
1499 3205
2272 3551
1889 3774
4067 4114
1780 3576
3715 4158
3276 3808
4280 4336
2613 2647
356 1588
2362 3297
3220 3926
562 2195
175 2472
1764 4085
96 1673
1889 2406
1011 2268
2302 2907
505 2526
2259 2460
419 4193
1884 3627
3744 4175
4103 4159
2170 2558
353 4058
2378 4337
2891 3009
3465 3529
203 1705
2922 3316
25 1761
433 925
2863 3556
131 3393
3252 3598
1335 2922
643 1414
125 3013
4356 4362
3802 3960
1870 2426
3958 4154
1715 3288
1505 2327
1975 3221
3196 4054
168 2678
4251 4303
561 4108
2999 3233
1620 3887
3851 3870
1688 2536
2818 3064
3906 3963
2979 3035
1208 4375
2937 4208
754 897
4123 4149
13 2053
1916 4363
1219 1647
3338 3503
619 2820
2697 4298
2989 3848
3872 4141
1 1458
792 1382
757 1260
1414 3607
1261 3139
1832 2357
938 3077
782 3787
3762 4024
3949 4059
3922 4393
659 1319
4321 4362
1413 2052
371 871
3079 3552
1289 1370
4105 4376
2325 3248
2818 3809
4032 4251
4200 4335
3905 4286
4070 4216
578 2664
1343 4271
3832 4210
1910 2033
66 3290
833 3107
4357 4380
2156 3107
2122 4025
3441 3460
4395 4398
2488 3482
1166 3287
1556 4294
2998 4036
4048 4276
81 2440
825 839
1758 2657
2975 3421
3690 3746
1730 3605
3845 3969
3299 4211
4295 4350
647 2908
1800 3621
1924 4166
3531 3824
2887 3981
1708 4174
3126 4015
4267 4276
4269 4275
1159 2896
3160 4148
1790 3083
4383 4391
325 744
1902 2609
3769 4337
965 1253
2699 2961
2133 3717
1518 3114
1587 2622
826 2465
3963 4114
2193 4345
4202 4232
3037 4055
2067 2252
543 3406
3292 4096
2000 2776
405 3025
4106 4108
3622 4044
4188 4328
2548 2746
651 2721
637 766
272 3401
3429 4307
3533 4196
73 3588
3358 3807
2811 2942
1988 3572
338 2383
2404 3939
2957 3555
3275 3816
3569 4322
3061 4088
311 3260
3362 3700
3115 3172
435 933
3001 4260
2699 3334
477 2045
2241 3864
4035 4278
1904 2013
216 717
4261 4349
3905 3908
3134 3970
1575 3926
2338 2549
3850 3944
4068 4332
1619 3211
3804 4102
1833 1893
182 2047
1953 2083
1607 2379
843 3494
551 2397
818 1303
1452 3335
2595 2941
773 2696
1959 3815
591 4028
3702 4111
2293 2596
4034 4337
1200 1718
4016 4093
4040 4393
3513 3892
2261 2812
4135 4372
4214 4245
3538 4177
749 4165
3949 4393
1330 3313
2908 3748
1493 2994
1937 2298
1629 4223
1465 2717
38 4376
765 3233
501 3228
1709 3584
70 1794
2241 2520
3352 3359
2551 2854
3049 3163
3196 4345
3246 3514
78 1449
3273 3615
1285 3272
4316 4344
4382 4396
1567 3384
611 4128
2685 3616
302 2737
3871 4197
2107 2421
3770 4015
3891 4220
3564 3955
364 2042
158 2603
2627 2771
776 1464
314 1386
137 3696
4079 4111
2644 3454
2224 2327
945 4251
1871 4168
2273 3101
3349 3799
72 3341
631 3191
970 972
1062 3621
717 3502
1267 1947
4333 4374
109 3827
1149 1832
527 2015
364 1431
1287 3886
2707 4349
1878 4158
2401 3717
3345 3987
948 2462
2230 3023
1263 3265
3156 3698
143 1471
1541 3565
1610 2060
1026 3239
3987 4239
2740 3090
4251 4367
513 3138
1071 3490
1064 1762
2940 3869
2701 4386
1899 3541
137 3147
3541 3730
2673 2874
2312 4118
3324 3836
529 1138
1405 1690
1327 2075
4028 4111
3794 4080
1999 2810
3510 4000
449 2576
3824 4265
1828 2855
2063 2602
3959 4133
234 2756
927 1100
2809 3818
3268 3692
2189 4263
1690 4291
3769 3899
28 956
291 2902
3164 4007
1889 3687
3285 3875
4192 4360
2619 3694
2289 4025
818 2153
3998 4205
520 695
2677 4145
1094 3893
674 2862
1389 3567
3461 4121
2230 3803
2077 3336
220 3273
3646 4211
1115 4067
1045 2958
3817 4247
306 1710
1358 2319
324 2021
1499 2743
709 3876
1358 3763
3100 3803
3268 4054
2759 3451
2972 3929
3827 4146
2960 3627
983 1726
1228 3484
310 2333
1473 2352
1256 1758
1203 4291
3421 4241
210 2733
3998 4177
1800 3781
151 2772
521 3406
2233 4042
2985 3630
361 704
3973 4213
3776 4309
457 3362
1572 3468
3277 4236
3029 3361
4196 4250
2305 3901
1946 4161
4153 4311
649 3234
2449 3535
22 2536
2413 4153
712 2957
3195 3794
907 2754
4278 4358
3693 4366
4333 4345
3226 3406
3046 3826
2488 2931
3183 3493
2611 3766
3438 4374
2528 4139
4248 4392
3021 3798
3293 3708
935 3850
1800 3045
2129 3834
3727 4184
3014 4309
695 1289
2469 3667
1963 2585
1888 3275
128 2657
2717 2997
3126 4230
206 1898
2336 3285
263 3497
1168 2775
2345 3753
870 968
2605 2612
3349 3403
3352 3520
4392 4397
1432 2802
4261 4373
416 3297
2463 2847
2643 3281
4002 4097
2132 2925
2452 3815
706 4119
62 1605
3345 3412
3497 4286
2187 2511
1912 3468
2989 3880
147 3304
3672 3863
3933 4231
426 875
735 1303
512 4188
2271 3874
2774 3385
866 3961
1827 3353
3224 4226
2248 4040
3934 4373
342 2218
1665 3445
2876 3086
2650 3445
1003 1008
872 1123
3219 3816
777 1730
3505 3802
4016 4048
51 3479
475 3535
1571 3383
3869 4204
3902 4154
2108 2362
2179 2359
2153 4368
2010 2142
1229 2853
2094 2726
849 1063
528 2851
2894 3601
57 1034
1381 4078
72 812
1741 3494
4240 4324
2865 3817
3871 4002
4036 4357
4123 4200
3496 3996
1898 2312
385 1760
1361 2282
2951 4038
1717 4238
1501 2625
4193 4303
3688 4061
833 1839
562 1664
2477 3494
43 164
1035 2284
3519 3930
1953 2933
1189 3930
4252 4310
3960 4118
2706 3417
1402 2079
3241 3553
1779 3610
3113 4180
1943 3157
2196 2545
1334 1548
820 2330
4389 4394
3192 3627
382 3210
3053 3893
1419 3167
295 3787
773 1882
2964 4293
4136 4292
677 792
3996 4325
1498 2146
2223 2924
2426 2874
3255 3911
3992 4053
586 1755
1969 2155
3340 4212
3083 3981
3331 4332
2435 3422
3626 4231
3812 4025
516 2234
1070 1388
319 1410
3935 4065
2433 3649
76 1416
2142 2394
1682 3916
3003 3467
3495 4015
2217 2705
3129 3437
3208 3567
4031 4208
90 2977
541 818
4186 4273
1134 4349
2510 3821
491 3703
2652 2721
1234 1615
2936 3964
1969 3818
2303 2902
1242 3276
4098 4276
511 2534
144 865
2130 2355
2157 3998
3803 4053
3848 4394
638 3659
1430 3377
4150 4236
3256 4347
3450 3589
1470 1489
2236 2831
890 3432
2368 3130
634 1186
212 4376
3033 3337
327 2136
4229 4375
3356 4360
3558 3607
1498 1969
1279 3171
2671 3750
3267 3308
1557 2533
3329 3462
2923 3116
4062 4396
4392 4393
344 1357
3601 4047
649 1118
3146 3806
179 1350
1036 1708
4003 4124
2665 3553
486 4239
2525 3451
3325 4248
3858 4147
2527 2673
828 1690
331 2473
2941 3941
2068 4334
319 3565
2980 3804
1486 3809
2084 2482
3333 3863
3864 4298
3591 3983
2898 3941
574 3470
3417 3536
3900 3925
2636 4071
2939 3052
340 2972
3364 3745
3674 3938
4063 4301
2748 3335
3126 3356
124 4318
45 399
533 2035
4235 4379
3089 3495
4155 4217
1143 3099
4037 4372
3320 3372
2962 3366
573 2100
1094 3589
1394 2920
2053 3060
2065 2345
3756 4091
2463 2631
2514 3437
1795 4234
2158 3112
3470 3504
1654 2967
2771 2775
361 1758
2918 3088
3273 3739
2660 4156
733 2930
4237 4380
550 1638
580 1815
3720 3989
2469 3085
587 2633
4148 4185
3878 4295
2620 2965
3797 4066
2535 3716
871 2613
4209 4277
318 3029
1782 4351
4212 4246
3514 4053
900 2218
2948 4132
1651 3615
2098 2370
3279 4088
1171 2217
2824 4319
2121 2774
2498 3688
2934 3768
1566 1693
4243 4270
417 4003
1810 2486
1415 3155
686 2852
4139 4303
1855 2545
2595 2887
2085 2201
743 3072
1139 3478
98 1335
1557 1795
2248 2565
2526 3526
298 746
2489 3947
1909 2360
1698 3682
3904 4001
2451 3316
1482 3632
1805 2381
133 3898
782 3734
1579 1769
3433 4296
4082 4266
649 3850
3811 4184
266 2970
4371 4380
2917 3022
409 1108
2695 4312
3745 4263
1819 3926
1116 1744
3566 4226
139 1460
2609 4143
1952 3297
4052 4164
3089 3948
3824 3897
2655 2672
2412 2919
4125 4183
2419 3367
1503 2571
1951 2346
446 2775
1337 2387
2337 3947
726 4086
3081 3772
2214 2383
3022 4317
3272 4343
3347 4390
3703 4094
2327 2679
166 217
2926 3389
3006 3808
2895 3026
1359 2573
3094 4354
3952 4237
1601 1725
3637 3645
3064 4375
1633 2826
4167 4327
3767 4353
4195 4229
2211 3454
723 3972
214 408
3159 4151
2176 2869
3530 4250
3856 4376
2430 3044
1593 2309
222 4303
4024 4297
1865 3892
4343 4376
860 1386
1014 2571
2985 3177
4384 4394
2362 4004
3130 3371
2290 4070
836 3879
1271 3733
2772 3901
3967 4295
2970 4060
2116 2572
2807 3534
3429 3660
3041 3280
4133 4323
1289 1940
289 3400
1730 2184
975 3362
676 2941
1885 1913
1527 2146
4236 4375
3139 3555
1209 3150
2529 4340
1511 2100
381 1508
619 3284
4083 4228
2484 3901
3933 4213
1438 1658
3943 3977
1291 2647
469 1327
4068 4345
2203 3998
1403 2690
652 1425
1537 3684
131 3186
2121 3791
2235 4336
1440 2140
3483 4144
1378 1497
1455 3603
1849 2384
4243 4337
521 1764
1420 3226
3023 3802
1877 3022
847 1750
218 1200
2197 3187
1355 3733
636 649
785 1467
4276 4389
2139 3976
3667 4357
1726 3502
978 1456
2748 2836
2386 3250
3823 4255
2654 3785
3005 3289
4387 4389
936 1490
487 1621
2209 3715
1245 4285
3656 4360
3046 3600
4174 4390
2501 3582
2029 4199
3703 4284
3062 3163
68 1743
3911 4108
2697 2949
3742 3910
2661 3490
2440 3205
2104 4137
3625 4372
62 4251
1793 2558
1893 4230
2032 2099
1953 1973
2163 3610
125 1231
2610 4189
4154 4290
1503 1853
2826 4286
3348 3663
4132 4321
1381 4280
3624 3662
2946 3217
585 896
2806 3305
1104 4044
1555 3586
983 4112
1890 3981
1682 3367
3310 3660
2487 4062
906 4177
2675 3916
4119 4357
2663 2759
3789 3868
3176 3227
288 3842
1832 3544
2326 3274
282 3072
446 1807
2986 3196
871 1251
1497 4106
421 3468
4165 4339
4314 4316
3448 3944
3408 4365
1881 3006
2379 3869
3163 3670
886 4056
1975 4349
4064 4181
1724 2937
59 4254
2183 2935
2355 3083
2735 3807
963 2763
2369 4106
1465 3597
605 4348
396 4356
1919 4252
2670 3445
517 1066
1085 3798
1996 3314
3844 4069
3150 3899
3311 3349
4082 4152
1756 2002
1550 1752
567 3590
2554 3033
2755 4319
1646 3746
799 4177
680 726
1475 2241
2801 3070
153 3489
4352 4374
1211 2357
2012 3666
2555 3074
1862 3526
1314 1449
2968 3496
3743 4067
1332 3760
702 2173
527 3436
1024 4086
4149 4368
3399 3926
190 677
3348 3849
2864 3904
2041 2495
1281 4193
1661 3566
332 2346
1263 2625
1545 3212
3316 4063
1550 3537
1361 1896
1622 2643
3933 4328
3914 4151
2460 4126
1493 4193
599 3635
231 3720
2918 4245
2996 4118
1654 2379
337 2587
1316 3682
3442 3480
1903 2184
2830 2903
3831 4398
3016 3877
1424 1663
4396 4397
524 2372
1170 2846
604 3011
1432 2264
2889 3839
3925 4063
1459 3056
3903 4288
220 3348
1466 1820
1989 2532
2658 3330
2833 2974
696 1557
2015 3055
439 739
552 3388
3300 4145
189 1502
3083 3672
3411 3849
1102 1485
412 2170
1397 4038
4236 4333
2263 4300
4354 4384
2350 3839
2353 3783
453 4019
2923 3521
2048 4332
3907 4077
1225 2076
731 2408
660 2201
2857 2878
547 2458
1487 3032
465 958
2148 3425
4227 4266
1176 3237
3391 4023
0 3181
2298 4250
939 2522
2176 2379
3087 4317
1270 2676
3712 4027
2175 3954
3349 4327
3875 4170
2028 3582
599 3649
3803 4130
1479 1527
3764 4333
1547 4328
2284 3689
2139 4072
571 3470
1853 2181
4163 4232
3967 4316
4310 4350
1451 2921
2920 3865
4121 4152
3536 3811
1010 4344
2260 3051
3908 4069
1678 1741
3033 4151
1261 4371
411 1210
3806 3853
1557 2862
1282 2966
2199 3848
383 4339
788 3924
3768 4255
1814 3068
4253 4267
1564 2366
980 2511
1851 2811
24 3778
2183 4121
561 1357
1573 1872
785 963
1084 4001
3430 3866
3274 3933
3893 4392
511 657
1753 2779
659 3455
2959 3686
956 2098
3146 3757
3695 3856
589 1156
1854 3849
648 4011
3715 3880
3679 3964
1615 3662
256 1345
4074 4274
2809 4315
2391 3178
1537 3405
2230 3236
3262 3366
836 4008
1422 3825
1166 3378
1823 2595
1058 1841
2110 2901
2097 3054
156 2194
949 1409
4092 4134
4079 4212
2482 4216
2279 4067
91 3887
1082 4255
150 2600
1700 2601
4308 4320
4326 4376
1667 1800
1812 2332
4245 4353
1147 3830
2405 2976
2178 2678
3461 4203
445 3849
2810 4158
3573 4012
681 3357
3119 3590
717 3453
1394 3297
3175 4161
1671 3088
1196 1918
2522 2896
3332 3749
4130 4328
732 4036
3530 3757
2001 2193
27 1492
572 3674
1238 1413
2504 3925
1148 4344
2255 3495
2245 3437
3044 3373
577 601
1680 3416
4164 4275
1536 2697
1284 3194
3588 3787
3784 4267
3326 4155
1760 2954
2449 2984
1678 3299
3969 4281
3734 4208
2271 3484
2124 2380
1328 2189
3770 3849
202 465
304 4154
2410 2476
2810 4324
1167 1526
4314 4369
3191 4127
2533 4367
4104 4319
281 2889
2116 2352
2441 3882
1492 2997
1116 2436
2110 3177
3930 4295
4326 4381
1593 4368
2976 4194
2833 3450
84 1955
633 1451
3556 4165
1000 2724
856 4194
1475 2374
960 3196
2817 3237
1032 1721
3065 3904
1884 2490
4121 4186
3600 4390
864 1069
3940 4205
3986 4165
4381 4382
3926 4122
1550 2090
4272 4282
358 2116
1603 2621
2023 3599
3936 4345
151 2994
3861 4333
4170 4336
119 1505
3345 4225
3815 4214
1263 3051
3762 3785
3015 4057
806 1576
126 3682
693 1790
2725 4137
3584 4134
3795 4212
3163 3555
4067 4096
1644 3141
4205 4232
1248 4252
255 3079
2864 3478
1869 3327
396 2393
878 3847
1632 1664
1226 4040
2225 2428
2066 4092
4361 4375
227 3552
3031 3829
1894 3343
4371 4382
1323 3857
3444 3564
3321 3847
3844 4326
1391 4168
3868 4191
2019 4171
3669 4369
2293 3268
1520 1636
1284 3638
2453 3694
3917 4248
837 3320
4395 4396
712 2706
1584 2193
828 1204
2594 4011
3460 3814
757 2627
2898 3979
3019 4103
4284 4316
2871 3356
1301 1860
3982 4211
3825 4015
2035 3872
2360 2755
3601 3654
3106 4327
4211 4261
903 4243
3325 3726
177 537
2309 4201
3501 4034
274 2438
1200 2786
171 1899
3792 4288
521 2343
3973 4022
4312 4320
578 2674
3935 3998
2740 3713
483 1917
1980 3316
3224 3819
2876 3363
1942 3218
2917 4255
3552 4039
2437 4007
2449 4100
4233 4373
825 2778
200 4150
2205 3786
2876 3459
3732 4050
3659 4062
536 2760
181 633
974 4245
3181 3807
1442 2729
773 3835
599 2815
1747 4262
234 2881
4311 4397
2010 3433
600 3565
2094 2593
2971 4209
3640 3744
3366 3808
3301 4253
2776 3682
2479 2601
611 1951
10 3658
878 3233
4194 4390
3654 4096
2587 3323
3605 4240
497 3853
2391 3747
3464 3534
2829 4318
177 4186
394 912
2731 4310
2857 3577
2370 3023
944 3318
1136 2654
2931 4033
1106 3615
2604 3348
81 1383
2466 2879
2041 2477
766 2171
2295 3309
2796 3945
4347 4355
82 681
4004 4102
3587 4219
3025 3656
237 2313
611 3227
741 2496
26 2345
1109 3144
2368 3364
2007 4165
1465 3821
1412 2481
1767 1978
2768 3047
3989 4161
2267 4345
2936 4324
1643 2347
613 899
3332 3374
3402 4001
1042 3387
1578 2277
3675 4393
970 3178
3099 3278
972 1518
1327 1949
1299 4230
1739 3163
3982 4181
3592 3942
395 2387
686 4218
2311 2475
2804 3111
1806 1961
3452 3540
3138 4020
2712 4293
1174 2011
1704 3772
3305 3919
2592 4250
3840 3878
651 1654
1067 1699
3835 3942
4041 4173
3264 4104
1738 4065
643 2287
499 3711
1325 4244
837 2758
3339 3473
4049 4115
2648 4027
2397 3310
3239 3538
3749 3938
3944 4292
3033 3762
1535 4003
2416 2898
1821 2786
273 3629
4129 4164
2868 3266
2772 3488
2985 2994
3141 3208
63 2355
3332 3667
2528 3924
3914 4326
1289 3165
3601 4204
3881 4215
3387 4242
835 2170
1671 4341
1932 2672
3807 4055
249 314
46 485
334 4378
1276 3711
1109 2549
