2000 4000
1985 1989
74 686
645 1609
992 1317
862 983
1614 1780
1805 1875
102 129
716 1797
685 1131
875 1945
329 467
1047 1721
802 1314
657 1078
250 1519
995 1280
1306 1405
416 1951
1046 1693
1673 1961
514 1841
1722 1734
1958 1965
202 377
224 910
490 1350
1814 1881
448 1547
374 1657
1872 1900
594 1141
827 1715
1923 1979
1580 1877
601 1308
69 154
1627 1649
721 1588
1423 1990
233 1550
1133 1993
1709 1732
89 1544
1718 1855
1320 1978
1647 1755
309 1171
81 1481
1404 1973
15 184
602 1254
124 997
1453 1462
683 1254
557 1277
1555 1773
138 1887
1262 1565
653 1936
1592 1781
1911 1921
1042 1419
1893 1987
1 690
603 1188
1206 1577
1120 1527
314 1404
1050 1127
1880 1939
1059 1743
1761 1858
1317 1476
1256 1743
1633 1983
1675 1946
297 1403
111 887
1615 1833
1935 1994
1234 1580
798 914
1656 1928
1353 1520
490 1854
1553 1568
1959 1971
1428 1625
1357 1905
165 1986
74 212
1611 1815
1442 1814
615 948
213 1428
412 1481
403 1535
58 102
1815 1964
1396 1716
306 1296
647 669
783 1609
1428 1779
964 1832
1854 1913
664 708
1980 1984
708 1566
449 523
1420 1651
566 1440
1088 1353
132 1905
55 1076
1254 1882
355 1047
783 1040
952 1412
7 274
219 1803
1109 1803
318 596
1072 1488
153 1056
75 1820
1416 1617
170 306
1304 1451
501 1324
1245 1288
249 481
1746 1835
268 1939
1900 1920
372 1361
1809 1877
751 1855
537 1284
723 761
1405 1592
300 318
821 1358
964 1225
1872 1913
657 692
12 205
1109 1196
329 1145
40 1720
188 1192
780 1071
417 1226
1692 1770
1682 1779
629 980
1780 1986
946 952
1622 1627
585 1686
874 1805
200 1998
1180 1855
767 1845
948 1723
71 1082
1823 1918
484 1840
129 1307
591 959
1045 1809
307 1251
376 1987
718 872
211 1942
1140 1958
1687 1901
1426 1584
1854 1957
1829 1965
1635 1789
438 891
54 1184
243 1777
1347 1492
1779 1810
602 1846
1761 1957
1770 1900
1229 1966
1636 1895
746 1157
880 976
993 1933
454 1506
1200 1511
1983 1992
556 1483
1460 1688
1205 1414
530 1913
1523 1806
1365 1381
1346 1668
1568 1748
876 1688
1534 1798
1854 1961
1314 1473
298 352
1752 1987
497 1519
98 1424
1154 1374
254 1745
1918 1976
1278 1956
557 1911
558 725
708 1479
1688 1723
1107 1253
74 1744
477 1924
669 1764
1687 1966
358 829
1465 1757
1532 1698
483 1778
532 672
1787 1999
1599 1966
288 1135
1729 1822
774 1123
1343 1643
1721 1797
853 1601
1974 1996
1691 1729
698 1911
783 1932
1711 1751
569 1192
761 1552
785 1604
876 953
1177 1969
1939 1987
1636 1948
529 588
1706 1960
1080 1461
174 409
1809 1821
11 564
1684 1783
1520 1897
1278 1500
1488 1687
1433 1967
447 1271
1564 1816
737 1010
1142 1331
63 1047
1133 1869
405 1067
1345 1676
1267 1449
1246 1548
946 1256
1049 1756
1553 1655
1464 1712
476 1402
811 1450
480 1865
1297 1548
989 1059
1241 1808
472 1278
1411 1522
1840 1980
560 1752
317 1261
1413 1428
171 860
733 1596
1833 1973
278 1937
1736 1851
1648 1874
359 1057
959 1461
464 994
421 1223
1820 1937
1436 1620
1138 1528
1682 1770
811 1645
615 1614
177 659
205 436
13 1231
784 874
1292 1640
1912 1989
806 1341
1747 1999
127 1653
1253 1997
476 891
145 1467
1537 1791
603 1087
1880 1898
371 720
1500 1667
1813 1956
661 1833
1495 1524
1871 1993
1260 1295
1071 1251
569 1123
880 1172
136 1080
26 793
1345 1808
366 746
982 1190
267 571
1962 1989
34 858
1986 1989
1106 1716
1381 1534
1115 1582
712 1813
1587 1597
1479 1690
795 1616
1587 1707
1037 1655
1384 1536
1730 1954
54 233
283 814
88 650
1395 1494
1781 1818
1944 1991
147 1661
1158 1969
1673 1855
1989 1990
1653 1870
431 1855
1639 1920
285 1439
1209 1598
9 1881
1551 1918
238 1030
1238 1527
1388 1604
1653 1951
1844 1960
1895 1966
1172 1290
650 770
1695 1808
1106 1813
1733 1822
445 452
569 1536
1868 1935
1688 1845
1018 1078
164 711
955 1970
1074 1881
1138 1841
866 1102
427 1084
1063 1839
1474 1559
142 372
1813 1880
1392 1857
270 683
1429 1565
1214 1860
807 1605
893 1290
1567 1903
1601 1938
372 771
1334 1587
1854 1924
281 1746
1148 1213
265 402
1807 1828
1724 1829
209 880
417 1627
888 1797
1236 1454
100 738
1830 1841
1831 1967
1298 1961
278 1616
1716 1782
502 1246
1125 1211
185 1889
845 1914
377 951
591 1526
120 644
1679 1918
1711 1957
600 623
1654 1908
998 1514
1664 1999
1302 1782
954 1640
1748 1846
1476 1962
1673 1932
1090 1445
617 1005
277 1803
479 787
1091 1588
1359 1655
1081 1737
546 759
233 1511
1779 1818
678 1165
852 1550
1378 1505
1558 1821
1371 1515
1380 1386
1745 1808
729 1247
985 1938
326 907
835 1443
103 1270
409 1298
1481 1819
716 1350
1936 1971
1955 1982
1780 1992
359 1429
605 1902
1206 1443
1450 1887
1479 1827
785 858
641 1342
1088 1245
1661 1964
1523 1641
999 1600
642 1359
1154 1953
1034 1667
880 1873
971 1698
965 1586
1561 1942
550 1845
1479 1551
1920 1969
1771 1825
794 1039
507 1176
1497 1889
1284 1837
1277 1654
1103 1278
1585 1758
402 793
1107 1175
730 1848
685 1940
843 1154
616 1396
1841 1913
28 1375
105 392
380 769
1708 1716
1433 1982
956 1589
298 872
1492 1578
1041 1675
418 874
288 1203
920 1511
850 1775
1325 1789
908 1563
1280 1418
1788 1873
956 1125
327 933
1808 1868
409 839
1486 1908
896 925
913 1601
1291 1709
563 701
1583 1712
943 948
1646 1772
513 1299
1267 1525
386 1652
1293 1552
985 1030
1895 1937
1159 1851
650 713
1810 1962
605 723
1296 1307
1441 1674
212 1246
579 937
1116 1433
614 1317
685 1440
1112 1174
419 1592
984 1351
1149 1193
1650 1689
1182 1973
679 1215
45 1178
798 964
1712 1829
1487 1799
838 885
1759 1954
559 629
793 1682
49 1234
446 1018
1659 1902
1643 1954
1975 1978
21 1846
1604 1999
419 878
785 1573
1456 1605
1297 1823
135 306
752 1344
1116 1313
466 1178
1863 1879
741 1161
1540 1866
1545 1895
687 1388
1062 1335
275 1103
1155 1340
312 1288
970 1927
1578 1960
1617 1878
1793 1866
734 1508
1444 1992
1092 1617
1506 1949
967 1677
753 1954
108 497
561 1423
1395 1983
1592 1884
1374 1704
533 1169
763 1934
8 1928
1568 1607
1842 1913
713 1216
496 745
636 1012
1532 1584
430 1615
1316 1733
1273 1953
1945 1982
1683 1732
330 1268
1954 1992
1776 1799
466 1404
1620 1704
170 1416
1653 1899
1853 1872
1245 1507
272 512
181 919
1959 1977
1383 1486
1245 1521
348 1655
1652 1924
803 1476
1195 1782
570 1016
1633 1836
1638 1657
927 941
492 1081
514 1608
1369 1799
351 353
1239 1717
295 1802
1627 1977
896 1552
1922 1998
1064 1450
1283 1475
1624 1670
471 682
1936 1941
1881 1963
1486 1653
567 1110
61 1974
841 1134
1184 1761
1261 1655
916 1344
316 1641
1603 1970
402 404
1843 1933
1149 1761
1609 1709
751 1441
1031 1061
488 1132
1830 1930
523 1127
1202 1597
596 1534
564 1261
1695 1847
245 953
1503 1870
223 1373
1398 1910
75 1321
370 1158
1259 1722
1772 1789
1954 1979
236 899
1549 1888
1423 1732
1525 1653
1307 1395
300 1779
1239 1595
1982 1991
629 1735
379 1278
99 425
1033 1333
1678 1915
462 1898
1926 1977
715 1981
1530 1764
821 1275
264 1140
1408 1980
1312 1646
1861 1871
818 1153
432 1138
1733 1840
748 1898
1615 1828
1935 1961
1985 1990
1866 1910
608 1404
594 1279
932 1996
1735 1860
1255 1825
1566 1602
642 1053
1571 1852
797 1439
404 567
1797 1879
1002 1117
1595 1740
1740 1806
557 782
1279 1791
1405 1671
1902 1967
1706 1721
1039 1890
637 1104
1052 1783
202 1810
517 1503
1316 1591
1678 1877
482 756
1254 1550
898 1710
1012 1124
1151 1328
1072 1645
957 1847
443 1643
1901 1933
1581 1985
1760 1859
309 373
914 1871
1353 1604
1991 1996
619 1770
1197 1554
1386 1736
476 1104
480 842
1982 1994
1434 1908
115 1104
317 1670
968 1783
1410 1488
1133 1658
1107 1666
377 596
1378 1879
1687 1783
1689 1952
1658 1859
1654 1658
744 895
1524 1782
305 711
582 1419
971 1936
1820 1857
1248 1726
1346 1768
1162 1790
1760 1837
895 1167
1390 1534
1067 1127
278 1844
1918 1920
601 1362
939 1338
1846 1943
508 1505
143 393
1472 1591
1220 1930
734 1497
1908 1964
1560 1568
565 1264
1613 1784
226 951
996 1346
147 1366
1430 1535
1262 1549
1043 1056
1087 1603
1223 1935
76 296
1071 1692
823 1927
1817 1958
1308 1786
1545 1869
1024 1750
27 798
1071 1524
749 1431
1237 1775
1679 1693
236 325
1477 1715
597 1394
1199 1654
1076 1775
1219 1886
1130 1196
1899 1944
288 1511
973 1877
1090 1765
563 865
1911 1975
756 1882
324 928
60 1107
330 1569
1504 1568
536 681
1067 1659
1697 1819
474 1839
1367 1843
210 658
164 933
1832 1897
256 259
158 1610
1154 1247
167 351
464 952
1603 1640
1670 1847
1613 1849
339 728
1144 1920
1475 1984
1465 1879
1667 1740
1963 1981
1866 1968
678 1870
877 1205
1653 1977
1905 1981
597 1035
999 1521
1014 1747
849 1260
1975 1996
568 1063
1485 1672
622 649
1958 1991
417 508
747 1556
334 1384
7 475
846 1984
628 667
1132 1309
255 1546
137 1503
1649 1729
1129 1333
1812 1968
503 1886
211 1951
15 1774
1711 1730
533 1399
368 1709
1306 1829
60 723
635 1120
199 669
1322 1388
1189 1872
665 692
1993 1998
972 1558
257 999
460 1416
1405 1815
1098 1223
1426 1836
1200 1502
1310 1820
1921 1930
1343 1400
271 926
891 1314
1849 1890
275 1369
1592 1701
1235 1999
1335 1691
1763 1859
505 830
1884 1920
733 992
1640 1942
389 1724
364 674
1716 1946
323 1498
35 1566
843 1786
1577 1994
1162 1693
1213 1797
923 959
1215 1957
1963 1986
1604 1854
1170 1323
1606 1842
1927 1962
1191 1988
339 1696
1193 1305
1306 1853
1227 1648
636 1247
51 1258
405 1072
388 1260
978 1437
1890 1948
1261 1424
1389 1769
843 1096
1790 1793
1391 1425
581 814
1541 1567
1174 1670
1652 1740
809 1038
1124 1887
10 1795
702 1494
667 1589
96 1903
1775 1934
1305 1323
1480 1777
299 386
1872 1944
1893 1952
141 1394
1704 1933
1130 1569
958 1251
1892 1901
1228 1389
1816 1993
1582 1596
1137 1631
494 1414
1748 1753
1078 1325
956 1532
684 1782
652 683
877 1220
1057 1612
802 1890
876 1455
1847 1978
533 1450
1097 1896
1798 1808
1721 1831
1753 1761
1198 1632
1325 1992
1766 1898
77 758
801 1571
1349 1946
339 1537
1455 1708
603 1263
957 1130
825 1597
1659 1784
1083 1191
215 1903
693 1216
1753 1899
1317 1932
631 1529
1254 1378
583 1858
1048 1540
1734 1764
1460 1895
1560 1777
1482 1505
618 1605
437 739
241 1623
86 684
1058 1258
282 1881
44 1410
200 1036
1883 1935
1771 1984
613 886
1757 1799
976 1920
1988 1991
1272 1568
1606 1909
1946 1987
1341 1780
574 1260
1930 1968
1777 1824
1235 1677
1182 1669
1455 1989
753 1465
787 1945
1321 1452
1650 1919
342 611
455 1571
1932 1956
1662 1977
122 387
282 682
1610 1926
974 1397
838 1705
1649 1931
1192 1699
1779 1782
497 1490
847 1685
1288 1580
1813 1830
625 1877
1738 1799
286 863
1378 1937
1757 1996
1674 1888
1962 1999
1440 1606
901 1445
274 703
749 1517
1560 1936
771 1603
1096 1487
1606 1932
737 885
1632 1808
1249 1348
413 1548
249 1690
1269 1867
803 1544
1253 1897
284 1814
1847 1893
190 1262
261 1279
810 1247
783 1191
1880 1953
1112 1611
582 1260
112 1519
450 1338
152 217
1905 1957
1208 1772
1066 1259
907 1786
229 384
1644 1784
1407 1687
634 825
293 1622
979 1441
537 1102
459 1969
222 1714
1664 1770
1143 1212
1418 1521
248 1044
681 1407
544 1535
1081 1805
1292 1552
1339 1810
955 1674
1776 1853
1973 1981
1722 1788
249 325
326 1305
98 1595
1538 1731
593 1578
717 1111
1808 1886
1875 1878
982 1488
1908 1913
1307 1771
1021 1575
837 1805
412 1495
1394 1845
1925 1992
683 1553
95 1496
962 1066
1040 1247
359 1685
364 1563
1662 1829
691 965
1507 1674
1635 1813
992 1777
575 1672
903 1676
234 1599
351 1532
527 1958
1400 1679
1119 1174
1473 1901
1045 1366
1080 1141
799 1399
1200 1958
1385 1478
1125 1483
249 920
852 993
1616 1794
1805 1961
774 1710
303 1757
725 1711
458 1506
229 1153
933 962
911 1479
1129 1598
412 755
28 307
1041 1722
318 1224
1262 1518
390 570
1266 1390
1011 1837
1122 1578
1856 1858
254 1941
662 1527
1606 1902
1104 1570
556 1230
1649 1718
458 1613
1590 1800
488 856
623 1801
1062 1894
1886 1897
136 594
899 1165
445 1443
332 1126
780 1042
798 1523
1572 1889
1389 1449
1948 1953
1387 1989
764 1888
413 1315
1035 1809
1887 1970
707 1167
511 1995
1490 1501
1116 1933
462 1308
788 1427
1415 1635
74 1024
1065 1586
648 1676
198 1796
1105 1879
1247 1986
1709 1910
1240 1396
1292 1343
1219 1368
16 1659
914 1903
182 1673
1534 1540
1962 1995
985 996
1893 1895
1329 1409
520 1650
1172 1378
814 1726
7 565
479 1284
1905 1971
1904 1987
1030 1643
1659 1862
1159 1514
770 1650
646 1474
1595 1827
851 1398
1009 1595
1091 1404
1756 1919
1235 1490
297 1031
1228 1300
596 1568
900 1036
1504 1713
1286 1431
944 1417
1420 1680
92 1714
1050 1605
1837 1955
340 442
1400 1700
1507 1928
1840 1865
1879 1920
4 1837
1444 1445
1746 1935
220 853
587 1316
1235 1776
160 470
1419 1883
610 1422
1018 1084
1025 1384
369 440
127 481
1880 1903
1312 1739
1596 1770
1612 1862
1970 1984
380 1729
1219 1561
556 1297
1035 1472
377 882
881 1294
764 942
1205 1519
1600 1922
258 758
1836 1928
1370 1639
1539 1555
1512 1720
1033 1916
1624 1856
1973 1988
1216 1723
1016 1716
1446 1713
881 1052
789 1120
1050 1281
1040 1355
997 1908
514 892
876 1368
126 1520
1411 1965
1475 1760
1000 1009
1037 1819
267 1998
1292 1714
1859 1943
71 1270
790 1792
607 810
1887 1931
634 665
1927 1931
369 522
349 1163
1161 1508
1619 1861
697 1728
1743 1886
343 1402
946 1583
1024 1709
1701 1771
1204 1418
1231 1995
1299 1974
179 1348
1322 1418
156 1520
171 340
633 1643
622 1835
1131 1919
120 857
129 1120
1585 1967
428 1400
43 680
1627 1853
87 1124
584 1392
1791 1987
696 1873
710 1845
1670 1955
1569 1754
1142 1459
929 1026
1838 1943
1850 1907
1560 1923
571 1041
1828 1854
1037 1190
1366 1768
1896 1936
1984 1995
112 1454
1413 1500
267 1665
1049 1234
1437 1566
1024 1942
1210 1982
1693 1970
247 658
1738 1841
1957 1958
1017 1051
1738 1971
1824 1880
745 1243
1458 1727
876 940
1597 1694
234 1327
1367 1657
858 1104
1695 1903
1651 1742
840 1785
1557 1575
448 1430
1348 1904
354 1457
1535 1804
1285 1427
24 1012
829 1997
473 1314
577 1837
58 189
1156 1425
201 1227
22 1392
973 1732
1338 1893
88 1217
840 1335
544 972
885 1773
1731 1853
1378 1494
1193 1327
890 1302
94 723
468 940
939 1965
1419 1855
1428 1732
964 1343
1176 1745
1956 1990
1984 1993
1693 1877
387 1739
1129 1185
508 578
661 1230
296 669
8 326
298 950
305 1787
1908 1923
1102 1507
40 1553
1602 1768
362 1896
1529 1691
476 1959
659 746
186 408
1701 1879
942 1671
24 470
466 1481
254 1712
1944 1993
1391 1480
994 1483
563 621
537 1102
117 364
1939 1977
114 1351
82 1599
333 378
508 1187
1434 1671
463 1163
1857 1947
302 1890
977 1937
84 637
514 1776
1305 1717
285 464
1614 1957
438 889
576 1642
642 800
216 890
1242 1847
1711 1854
1706 1850
559 1829
1056 1172
108 1497
483 1711
852 1034
283 838
1400 1697
942 1218
634 1578
1629 1842
161 488
447 1792
399 1833
394 1281
769 1492
779 881
576 868
1253 1950
498 1994
936 1776
682 1821
1488 1660
506 1686
489 934
1762 1937
733 1029
509 841
1132 1852
141 325
218 1766
1815 1854
1017 1930
1557 1899
1708 1832
1913 1939
1004 1837
666 1306
296 1608
453 1351
1467 1484
50 313
1352 1450
528 1779
1950 1996
950 1921
715 1203
1943 1989
1661 1677
96 1284
991 1351
1689 1930
234 1684
1879 1966
1381 1738
315 1642
404 586
68 806
178 437
1239 1505
335 1197
1004 1691
361 1780
1626 1863
1753 1926
223 1279
1083 1506
1214 1241
733 1461
1068 1627
562 661
1620 1644
145 1165
1304 1814
417 1314
358 1985
1498 1886
1293 1398
941 1218
1045 1442
315 1197
1461 1512
874 1970
501 543
735 816
1500 1605
484 1490
1980 1981
1988 1994
327 1769
1161 1550
1931 1987
816 1033
1081 1264
1761 1780
1045 1620
972 1230
847 1273
1416 1670
1654 1878
1749 1875
337 561
627 1578
309 1922
472 771
759 1632
564 581
1456 1640
13 1614
1137 1358
374 812
1479 1643
206 1248
961 1693
1372 1901
1160 1821
1313 1940
1024 1845
1618 1908
1569 1626
383 766
750 1271
199 453
1078 1228
1839 1883
1034 1222
1547 1824
853 1715
1679 1961
217 1346
1199 1812
1443 1593
1108 1508
561 1827
306 471
1212 1455
508 558
1895 1984
647 1225
1028 1656
113 536
1460 1788
1297 1587
678 1957
1892 1962
883 1509
406 1325
441 767
1331 1968
1209 1565
1294 1726
1265 1987
1090 1627
241 1498
183 441
1729 1918
830 1419
100 1412
1891 1998
1800 1987
360 1281
1493 1635
1328 1951
1463 1651
1994 1995
1370 1868
791 1449
193 1684
312 1117
1922 1924
1066 1322
502 673
656 1875
439 603
209 1535
996 1080
1410 1780
997 1116
1462 1472
562 1457
1896 1899
1193 1701
1143 1155
557 1773
786 1289
1264 1688
482 1298
1915 1959
101 1981
362 659
408 1130
1679 1763
1620 1848
1368 1533
1118 1472
189 1055
57 1571
699 1408
1682 1827
80 951
338 1307
20 1818
1533 1873
1838 1964
1866 1870
1241 1588
542 1736
818 912
1317 1568
1665 1798
978 1623
578 976
1649 1809
998 1364
327 554
436 815
1602 1965
1900 1921
518 1503
330 1531
761 1430
1761 1821
1045 1702
1805 1871
159 261
913 1721
1635 1650
832 1981
37 712
530 664
1283 1367
1951 1974
1323 1396
1204 1871
320 1964
810 1008
549 1400
999 1426
1086 1738
127 1939
113 1307
435 1025
5 948
755 1810
836 1603
1528 1592
1718 1951
1903 1980
979 1386
796 1731
610 676
1932 1978
1067 1982
1252 1929
1671 1861
403 666
669 1365
279 1245
671 1055
1446 1788
848 1899
1500 1699
379 810
1972 1978
238 1068
1390 1430
1132 1814
856 1458
172 774
1625 1711
1450 1777
506 1262
1809 1874
184 1395
112 1505
852 1948
937 1175
36 791
1343 1575
555 1121
908 1981
693 1038
594 788
819 1311
929 1680
1213 1285
1782 1852
635 1031
851 1490
1995 1998
1043 1946
666 1746
875 998
1529 1718
1561 1709
1419 1920
911 1233
70 767
955 1389
1030 1306
1562 1981
1832 1878
1081 1969
104 1034
1047 1621
679 1563
311 1274
1529 1565
1116 1658
1373 1428
1529 1576
999 1313
822 1319
560 1204
1914 1919
855 1590
1225 1685
1203 1582
1411 1967
877 1869
200 922
787 1425
604 1403
1435 1808
749 1222
734 1669
48 1793
696 776
802 1419
778 1475
335 753
753 1209
1663 1764
837 1228
568 1970
308 1519
1185 1260
1609 1799
74 951
1307 1895
745 1365
280 1733
1527 1743
1668 1928
1657 1777
1798 1828
1063 1317
1295 1545
1713 1787
1489 1838
1368 1830
1492 1557
125 163
1979 1988
1429 1500
1271 1760
1170 1677
48 598
41 812
331 1780
878 1693
444 1891
473 1820
1084 1132
1041 1696
1703 1829
1256 1939
1892 1931
533 888
1258 1484
773 1115
1519 1586
1396 1776
1446 1738
1549 1849
427 1649
1994 1995
1334 1517
347 711
453 1913
862 1200
1902 1974
1475 1651
506 536
1484 1814
346 1057
795 1819
884 923
718 894
508 1286
658 1072
1878 1979
1499 1763
965 1220
1744 1906
289 1856
1825 1946
1580 1629
1152 1190
659 826
1471 1989
716 1178
396 1870
1793 1986
1891 1928
1281 1877
212 1312
566 1209
1017 1836
1076 1332
939 1532
570 1591
1099 1256
185 1535
1916 1986
1126 1229
41 1956
1483 1670
1764 1895
57 734
788 1798
913 1170
894 1410
243 1515
1039 1298
1668 1770
268 831
229 784
402 702
369 1401
309 1373
255 372
1580 1784
1002 1720
1442 1728
121 1688
1409 1508
645 1655
1825 1966
1369 1478
1538 1991
1903 1999
474 1702
311 1423
1457 1477
1959 1984
144 887
525 694
802 1258
1476 1704
691 1222
724 1218
508 882
440 1358
1015 1073
1109 1950
659 922
1772 1860
1673 1773
666 1648
169 389
1849 1951
1174 1834
1280 1864
86 498
686 1203
522 1711
1733 1995
1858 1928
1506 1766
950 1686
1074 1585
73 1464
13 1968
617 1562
373 778
76 1147
255 813
1337 1720
109 208
590 1955
1454 1499
989 1220
1957 1969
493 1292
826 1388
272 880
520 1154
405 1773
1670 1867
1987 1995
906 1705
1189 1848
1316 1875
1162 1649
1155 1725
1584 1647
406 970
1951 1988
1555 1673
1582 1905
1003 1503
282 1984
35 1225
1040 1933
233 1444
136 689
1528 1730
1521 1580
151 299
346 642
1551 1710
1273 1452
218 567
1815 1826
83 1249
507 1650
392 910
1258 1337
1564 1802
577 1040
719 1123
868 1203
1148 1204
1918 1979
1954 1963
1968 1997
1672 1790
1676 1995
506 565
1878 1945
482 1332
773 1457
848 1023
391 526
1451 1919
1515 1966
898 1563
1581 1817
908 1116
253 905
1408 1998
1184 1677
173 1598
1299 1665
1907 1934
445 1600
846 1671
981 1332
1178 1306
805 1170
402 1659
1014 1158
1481 1913
1602 1724
870 1819
108 250
860 1668
1248 1958
337 1658
1649 1779
1245 1593
688 710
643 1672
359 448
568 1070
717 1155
1135 1896
466 1069
421 620
953 1909
1002 1817
1412 1843
156 1447
89 786
1647 1942
40 457
1444 1534
276 1810
274 1432
915 1767
1790 1805
1229 1721
214 1594
1205 1550
194 260
944 1096
1279 1774
1272 1415
1181 1805
746 1446
742 1083
1225 1787
1331 1464
606 1174
800 1626
229 297
1874 1882
271 935
1046 1398
753 1181
1342 1812
1495 1594
1205 1748
894 1411
626 1452
1605 1821
636 974
204 954
1240 1475
22 773
1809 1880
643 891
1432 1873
118 1635
552 629
972 1231
552 1267
285 1188
818 1404
785 1793
806 1669
943 1023
797 1629
59 1445
1015 1102
634 1278
787 798
1381 1551
649 1941
1671 1792
172 425
1194 1505
1578 1605
542 1391
1340 1757
1315 1319
1511 1556
976 1315
386 900
1591 1638
1671 1801
905 1895
566 1765
1069 1593
143 871
834 1186
1740 1753
1331 1355
558 1853
606 1079
574 1611
1012 1299
1182 1428
587 1417
575 1009
1522 1926
1735 1762
1696 1981
1288 1848
1040 1951
637 1654
366 978
1472 1916
1596 1806
1659 1820
201 824
675 825
902 1659
1182 1231
1410 1659
249 1812
1963 1998
897 1916
735 1826
1067 1641
888 1106
1576 1735
1188 1889
1485 1819
65 647
1563 1767
543 1660
599 1000
809 1551
1620 1700
5 1720
924 1905
1603 1981
106 442
175 949
1896 1981
1471 1769
258 1381
434 962
1277 1887
1709 1725
785 850
1166 1986
415 455
426 1862
635 1319
778 1503
617 984
1750 1972
9 1696
66 1274
538 903
1286 1411
133 234
621 925
309 1549
125 562
514 1658
370 1582
582 789
1689 1778
642 1438
1606 1874
715 1181
927 1692
663 1435
1871 1917
1787 1949
575 1727
1474 1748
485 1913
1122 1613
1443 1620
1320 1325
442 1728
1387 1694
1632 1776
1749 1861
651 1231
1034 1149
472 491
174 762
1311 1651
1747 1968
1619 1816
1211 1461
637 1309
1123 1346
1375 1770
1377 1514
955 1339
1055 1365
1706 1830
1314 1341
228 867
489 1416
1197 1942
680 1074
1167 1509
519 1448
1592 1609
1426 1897
1980 1982
913 1045
927 1180
1893 1909
108 529
1791 1924
564 1235
1635 1836
1585 1670
389 1248
337 480
896 1277
1864 1933
1341 1741
1813 1817
722 1948
147 1782
1702 1963
609 1014
641 1098
783 856
881 1479
1238 1446
80 742
812 1686
158 1208
331 1020
235 319
1579 1591
1811 1895
371 833
260 503
905 1738
925 1144
1184 1531
483 1850
159 514
1773 1805
947 1558
1347 1561
1132 1487
136 1433
1190 1380
1685 1855
400 1605
1795 1893
632 1837
735 1904
1453 1463
1001 1584
253 1669
1846 1948
166 1663
1865 1878
1833 1956
393 455
1507 1610
270 665
1278 1855
1699 1907
1883 1972
1391 1725
469 1050
17 255
828 910
224 1174
1735 1738
776 1892
91 1837
282 991
1138 1997
1410 1812
453 484
1156 1384
1370 1669
1496 1606
733 1693
417 1483
750 1942
1885 1934
481 1991
1023 1397
1131 1274
1983 1993
932 1689
844 1893
524 1039
1025 1060
602 1525
752 1241
775 1455
921 1239
1715 1751
22 1372
1312 1410
1137 1542
1320 1964
58 191
93 556
290 426
772 996
612 1169
106 894
1861 1991
847 1847
96 446
1829 1860
1659 1767
1158 1596
335 1561
790 1308
1919 1942
1360 1904
1964 1986
283 1674
985 1206
1755 1928
1615 1850
140 1613
667 861
503 1376
551 1136
1059 1121
1665 1684
939 1825
1798 1870
124 1699
601 1908
55 1750
737 1607
253 1216
1840 1872
1505 1664
150 1326
1344 1860
453 1415
1698 1805
1403 1879
1814 1867
135 1997
1569 1806
830 1424
1068 1703
1419 1655
426 1189
897 1060
688 1619
1153 1757
876 1224
1778 1982
520 611
972 1665
1499 1599
1705 1856
1213 1912
1986 1987
1921 1977
586 1094
1325 1819
1398 1671
546 1894
287 1708
1590 1962
409 542
61 1551
1095 1852
1745 1752
1578 1838
118 1824
484 661
102 441
1330 1519
1610 1857
999 1987
157 1017
1095 1754
1103 1969
236 830
261 604
1628 1754
462 616
1703 1762
1637 1982
422 1603
1066 1341
313 575
217 1001
1635 1692
90 443
1270 1771
1141 1882
1485 1802
1221 1304
208 1811
1587 1593
1496 1785
1280 1746
956 1189
837 1181
1807 1870
1551 1916
707 1258
1559 1631
1544 1657
615 1664
1407 1940
317 985
403 1602
1167 1877
1246 1491
327 1034
1062 1432
228 1494
621 1730
1924 1954
111 1982
368 862
1278 1495
1398 1504
1097 1372
1087 1382
873 1429
408 1002
513 995
1681 1739
1460 1636
493 1135
1398 1505
228 1074
597 1149
696 1618
1630 1756
469 1503
1811 1878
1349 1652
1670 1754
1086 1352
358 630
737 1136
19 92
956 979
1400 1689
1944 1954
686 1636
683 1762
266 894
509 1091
1009 1677
678 1706
23 372
225 1542
330 587
374 1802
1423 1931
59 1252
1740 1772
1175 1912
825 1008
799 1058
520 1188
1096 1554
1405 1476
1782 1804
97 1327
296 891
1655 1710
599 1257
1676 1890
1523 1925
724 1532
1934 1979
1495 1736
859 1006
1208 1460
906 1866
168 1600
226 301
150 721
494 1506
500 756
916 1579
631 842
1722 1895
765 1140
1712 1807
1519 1891
686 791
1297 1482
1965 1967
1923 1974
710 1785
176 870
267 1633
666 1370
37 1519
1311 1711
773 1208
1666 1768
1640 1981
420 750
798 1591
1471 1988
242 896
692 751
1230 1789
251 1689
1460 1925
1791 1957
917 982
92 161
1945 1985
309 489
813 1572
748 1387
1596 1947
865 1837
993 1829
244 968
1204 1208
1785 1813
409 1792
910 1058
810 840
1377 1966
1675 1913
1404 1541
1822 1985
325 512
928 1605
1839 1978
503 1861
872 1228
14 706
1021 1393
734 1039
330 568
617 647
1195 1898
132 818
1133 1975
609 1815
679 1300
503 1653
731 913
1918 1967
103 1977
466 1865
1302 1361
347 1651
123 1217
1303 1551
287 1152
1573 1639
83 925
419 752
602 1598
831 1068
939 1177
58 436
594 1155
1758 1846
710 1053
1325 1940
967 1262
62 157
170 1225
1338 1396
528 898
638 1602
783 1159
481 975
415 747
48 96
612 1492
1251 1972
1170 1616
1444 1455
733 1888
1801 1949
1631 1698
1153 1994
1640 1976
1441 1799
784 1791
1278 1670
981 1824
1512 1895
1102 1805
1511 1910
1909 1931
1907 1963
909 1216
1661 1984
1762 1820
1817 1849
302 1650
232 1297
126 422
361 1730
320 1396
1322 1712
742 1679
102 1112
1929 1975
1679 1900
198 1127
298 299
1100 1934
158 484
621 1828
1417 1781
211 664
312 525
1455 1646
112 230
1273 1969
1831 1833
529 1702
1755 1935
438 1262
307 806
1281 1398
22 376
1596 1945
516 1144
365 1362
569 1291
1369 1570
873 876
754 1857
1487 1506
1085 1907
728 920
31 68
60 1448
730 1088
2 545
1741 1910
1608 1696
446 1609
1554 1726
877 942
226 355
1688 1981
1017 1257
1727 1804
440 1071
1302 1765
805 1487
1524 1996
1455 1592
175 961
938 978
917 1440
1407 1715
630 1858
73 1985
840 1062
1610 1756
1361 1687
1115 1902
1436 1498
632 1064
1392 1466
1834 1846
492 1060
995 1464
716 1690
1113 1391
69 1995
1620 1667
560 1185
352 738
199 1642
908 1145
478 1147
1701 1710
1377 1793
1067 1102
1891 1968
1879 1884
1821 1974
1851 1985
518 1425
1395 1930
1406 1970
1416 1488
1017 1472
787 1427
739 1717
615 1227
1024 1740
348 1205
203 1533
1906 1991
1171 1235
465 601
135 735
1741 1930
508 1300
181 1336
1949 1995
1185 1406
153 1392
1205 1639
1015 1329
1785 1892
984 1806
1847 1855
520 1724
1421 1555
189 677
739 1621
1347 1715
956 1536
1409 1454
1074 1988
1450 1752
1724 1983
1511 1521
1679 1776
1018 1485
794 1025
622 954
974 1742
1697 1980
1068 1744
1379 1992
1576 1699
44 940
179 1212
718 1664
23 873
1303 1585
1004 1680
1380 1695
1879 1997
1416 1597
1865 1972
1971 1993
38 143
611 1715
1632 1817
500 920
876 1305
685 1952
740 1343
1477 1597
1395 1880
944 1084
1355 1556
1390 1790
1621 1898
907 1843
1542 1713
50 411
1006 1605
1576 1694
1184 1809
1499 1978
372 1565
260 795
1030 1193
350 1038
1608 1661
21 194
678 1776
365 473
629 1786
1761 1807
404 973
1969 1993
585 1240
1850 1977
919 1598
1753 1922
296 675
984 991
7 1369
898 1369
1750 1841
1404 1812
1696 1729
1776 1850
526 619
1202 1319
1670 1900
273 1159
1851 1869
1209 1445
378 1592
389 1262
1038 1626
16 1547
1826 1925
1327 1675
1612 1685
124 756
1322 1685
471 803
922 1673
1704 1785
701 1491
390 1812
771 1131
654 1040
245 1424
1574 1800
587 797
1645 1727
539 860
789 1443
940 1270
1646 1671
342 1215
1813 1855
1592 1671
459 1396
1227 1427
1811 1894
1504 1616
672 1404
827 840
85 1208
1334 1616
508 1038
1229 1466
142 824
1799 1983
1270 1716
1075 1350
1790 1997
1932 1978
210 611
478 1808
111 448
214 848
1581 1971
107 1963
566 627
439 1625
980 1648
1161 1713
1190 1737
308 1279
1537 1585
1068 1241
801 1507
1394 1479
957 1238
1259 1498
1587 1890
1885 1915
1372 1633
1697 1751
270 1594
1997 1998
1882 1940
319 1227
839 958
1616 1809
165 1938
1110 1475
1818 1950
1489 1827
1035 1237
1003 1370
1705 1713
1580 1754
1992 1994
1864 1884
1928 1938
1819 1864
1155 1388
846 1287
1636 1995
61 1727
719 1163
1153 1526
1121 1784
1376 1946
1785 1849
1182 1412
157 978
701 1353
1345 1883
659 1483
755 852
593 721
1620 1839
107 1242
215 1245
761 1175
1169 1690
475 1179
1244 1414
48 1791
142 459
209 1955
991 1572
268 715
1228 1731
490 1522
342 1392
389 1897
1662 1777
1448 1452
1879 1996
1739 1905
1242 1526
1883 1969
1991 1996
464 1108
205 494
915 1313
1658 1847
1892 1943
1053 1647
222 228
1125 1800
25 1129
49 273
1711 1926
1620 1732
587 1756
392 755
260 1038
29 1616
1042 1935
69 1415
933 1879
1850 1965
801 1812
1868 1929
1079 1960
473 620
710 1030
1448 1861
288 1594
1722 1776
1060 1643
1402 1965
901 1915
695 1612
42 130
1554 1814
1732 1929
159 432
534 1455
1800 1900
72 749
328 1688
766 1653
1476 1602
247 746
603 970
1716 1759
1477 1765
64 373
161 830
1161 1549
15 1367
1070 1685
1190 1205
1191 1600
168 787
860 888
1042 1710
1915 1959
1274 1637
1623 1884
701 1799
1494 1737
972 1925
1895 1986
1811 1906
1522 1720
1577 1765
1505 1642
349 813
1875 1952
348 1802
518 1854
704 1618
993 1720
1465 1939
989 1828
702 844
547 590
802 1833
1049 1874
767 1461
1737 1769
1766 1777
700 1084
864 1329
80 454
127 1739
13 22
366 1272
1449 1710
592 964
60 1178
664 1218
441 1186
513 770
1915 1961
1340 1578
1851 1967
1287 1316
1856 1867
1064 1891
1940 1990
433 529
1715 1777
1340 1626
1700 1933
497 1415
1714 1862
1474 1863
1613 1783
160 1285
1299 1994
1837 1888
643 1537
590 1861
1280 1896
1308 1758
781 1175
1262 1975
1141 1357
1531 1908
1988 1989
1599 1795
1419 1956
634 1693
1546 1883
1500 1800
26 1411
668 1544
479 1147
189 332
955 1478
1099 1741
1092 1317
354 462
151 1440
772 780
1585 1965
61 433
1831 1852
1096 1141
1206 1961
775 1394
1983 1996
4 1608
279 1709
1757 1810
1882 1953
503 1404
667 1683
1274 1969
1288 1659
618 1060
288 1422
342 1192
1036 1413
430 499
1846 1926
445 1816
1582 1614
171 1715
42 1441
616 1764
1923 1981
1393 1613
1662 1939
1669 1775
827 1856
1226 1726
1270 1443
1788 1990
1969 1997
165 634
1127 1983
1164 1280
1455 1655
1954 1965
211 1957
1066 1273
1202 1231
781 896
685 856
1071 1710
1854 1906
973 1493
1070 1335
248 266
1309 1484
488 1326
1047 1410
279 1859
1920 1976
1855 1904
1940 1945
1480 1691
1939 1972
103 1410
855 1249
1455 1643
788 1501
504 967
1439 1815
221 1244
1789 1928
603 1318
692 1636
483 965
826 985
747 1638
640 644
1955 1959
977 1121
760 1879
1702 1812
402 1660
1865 1897
544 1245
544 903
48 674
1462 1688
518 1665
1990 1993
1221 1517
1597 1601
1849 1982
56 1541
1714 1805
1826 1910
1750 1778
749 1685
37 188
482 1084
1192 1955
1738 1789
1050 1125
1042 1116
568 1401
1597 1869
694 1734
872 1487
108 539
1779 1867
1069 1766
889 1515
969 1186
771 909
1767 1798
1153 1614
1196 1780
1619 1632
276 1604
1839 1847
148 902
687 1389
1423 1897
1120 1663
517 1096
1433 1800
1208 1645
772 1371
1112 1989
750 811
798 834
1961 1997
1288 1698
1871 1907
922 1771
1905 1950
544 1801
1541 1599
1314 1774
433 750
146 524
359 1058
624 934
869 1078
1033 1267
799 1650
1169 1710
217 1222
928 1147
390 750
582 1747
492 1395
831 839
1744 1781
496 1404
1292 1779
1328 1735
1254 1984
1066 1758
158 1543
1700 1905
632 663
146 1784
1429 1753
956 1698
49 953
643 1572
1154 1248
1356 1615
1251 1537
766 1314
647 769
255 704
116 1580
571 1181
1260 1993
1972 1974
1634 1894
907 913
589 764
86 1184
459 1608
472 1521
872 1512
1310 1340
1283 1558
1342 1783
832 1873
449 1105
52 1807
1581 1707
1457 1709
319 655
1363 1399
647 777
397 1246
1608 1945
317 1644
1870 1884
1820 1863
1010 1472
1505 1733
1576 1940
14 1843
224 1642
1114 1539
295 1986
84 1843
789 1786
698 1277
1506 1581
1802 1823
906 1716
1942 1987
391 540
1230 1466
634 1566
1773 1995
1021 1585
1469 1884
650 1718
1858 1967
1384 1843
1392 1770
872 1425
1848 1874
395 1716
1272 1278
1915 1948
406 651
1433 1620
1968 1983
1668 1769
1491 1803
1273 1818
1890 1935
1811 1902
1348 1627
1587 1658
1869 1885
1583 1923
1103 1324
1418 1582
507 983
470 1484
1278 1457
981 1752
1282 1555
584 839
1840 1948
1018 1447
1031 1647
1346 1369
752 1337
741 1178
580 1768
1524 1948
350 1354
231 1830
1407 1871
1997 1998
467 1603
981 1320
1608 1772
1669 1910
57 699
408 1263
520 1387
1046 1297
1092 1591
1609 1895
404 885
882 1508
1332 1843
1969 1998
614 1102
1067 1102
1185 1964
1277 1380
565 1681
1580 1613
1771 1980
1302 1488
1435 1733
126 1149
1312 1557
1526 1908
1794 1943
1761 1994
335 1375
1029 1318
1794 1952
106 485
929 1530
488 1220
357 1522
1401 1817
1547 1770
264 1412
1340 1487
682 1885
1400 1940
532 1335
154 1335
236 616
312 1438
1813 1942
1374 1942
626 675
1073 1986
1293 1432
284 1446
220 1865
431 932
1703 1930
298 1290
1390 1428
711 1236
1259 1424
1288 1673
659 1671
1014 1425
1583 1825
225 316
66 1211
1002 1261
653 1709
1102 1275
499 1154
385 880
1917 1984
124 1422
1463 1881
1418 1526
1531 1694
199 236
141 1815
345 621
1213 1859
571 814
39 1292
552 1753
598 1443
419 438
368 396
170 1493
856 1635
475 1742
1138 1623
281 1386
483 1069
455 1184
763 831
3 1668
349 400
725 890
856 1852
1502 1631
1432 1645
1283 1748
533 1448
1061 1344
1204 1610
470 583
1988 1989
135 793
1692 1700
835 1147
1963 1972
645 1256
1521 1856
1399 1517
1897 1898
581 864
306 1979
752 986
1361 1596
409 1299
838 1276
708 1650
423 537
57 1853
1618 1634
183 1738
1245 1728
967 1790
1315 1407
1831 1878
1304 1557
1950 1961
1623 1808
1148 1946
1176 1966
270 856
738 939
1688 1787
350 554
592 1722
894 1843
38 944
540 1503
1735 1782
283 1568
923 1968
1661 1705
1652 1903
754 1279
1079 1458
139 811
1298 1830
709 935
1687 1841
1171 1303
1670 1961
1374 1559
1123 1480
972 1308
1106 1356
122 166
915 1473
114 1869
723 844
220 1226
1860 1937
1925 1979
1933 1987
1624 1935
1253 1768
1322 1349
301 568
1594 1693
1463 1512
1350 1664
1879 1882
1531 1692
1776 1845
1063 1144
563 1014
316 1572
987 1591
703 985
845 1144
187 1436
1885 1914
754 1195
81 168
423 799
1150 1243
838 1384
123 1043
971 1811
1852 1911
1967 1969
1049 1102
951 1288
1224 1392
1524 1709
227 939
446 1831
165 467
1047 1763
928 1234
760 1175
1872 1921
12 1078
152 1682
374 1781
1721 1941
18 803
1269 1615
1754 1860
1030 1721
989 1949
1241 1964
807 1463
873 1619
618 933
843 1079
1139 1519
1100 1213
1362 1620
527 761
1928 1966
1956 1979
881 927
191 1398
901 1338
390 1688
357 1883
1421 1998
450 1285
1634 1933
1253 1830
1456 1808
615 1682
1886 1987
413 959
554 1350
1876 1958
242 1967
1505 1555
542 1673
645 1341
1754 1895
1443 1963
961 1384
1756 1770
1966 1970
40 1649
1604 1785
239 930
617 817
347 786
1569 1634
724 1153
534 660
466 1540
405 435
1860 1956
763 1087
830 883
162 421
1197 1514
66 1980
758 1121
983 1044
1895 1947
584 956
1394 1410
1326 1766
761 966
1141 1153
158 265
87 539
483 500
1844 1989
996 1113
414 1859
440 479
368 1218
1800 1866
1904 1981
969 1089
1143 1736
1515 1756
578 1428
1014 1554
1290 1792
758 1338
941 1981
1763 1776
1821 1993
1249 1504
276 1477
432 1556
561 714
654 1159
768 1787
1126 1744
1437 1823
1624 1721
612 1177
1620 1815
391 512
169 934
938 1324
1919 1971
39 1297
387 1971
640 845
1419 1796
1140 1695
604 1823
1702 1998
1368 1860
1022 1343
840 945
1786 1808
1149 1991
1707 1735
1661 1819
481 1561
1589 1753
770 1033
649 999
1726 1889
1564 1890
862 1326
1207 1976
70 686
1130 1906
1518 1803
1462 1519
509 1757
995 1907
1176 1412
1064 1503
980 1694
1124 1541
163 1221
1320 1856
220 884
1796 1899
304 867
7 253
362 393
1567 1714
942 1574
506 1156
997 1298
1983 1999
189 1734
380 520
1807 1986
1247 1477
1385 1771
1847 1971
963 1282
1845 1970
1823 1898
1576 1767
1230 1496
1338 1400
687 1150
726 976
1772 1949
993 1423
1225 1437
437 735
1797 1961
1841 1996
303 565
751 1565
934 1262
1267 1842
1416 1429
1878 1895
1849 1924
278 1339
363 1407
207 426
1081 1997
1652 1918
551 945
186 1109
1055 1871
1666 1967
1006 1581
1613 1961
618 1283
819 1964
458 944
1812 1937
618 686
1123 1252
1824 1873
1733 1895
977 1882
394 540
815 1273
817 946
1594 1886
860 1003
730 767
1009 1699
1341 1441
317 591
71 720
144 1599
1265 1650
1647 1866
3 198
70 1813
1751 1921
1082 1296
569 1862
594 1162
1931 1955
1859 1904
1977 1985
95 1910
680 717
258 1799
1378 1828
1912 1959
389 1446
1214 1553
778 1899
1749 1934
1963 1987
1164 1249
700 773
1158 1903
938 1687
1107 1210
1959 1980
1190 1264
133 1165
1312 1523
1509 1912
1575 1628
644 1068
855 1419
1298 1441
696 1761
97 1916
1800 1848
990 1635
1392 1847
1351 1466
1613 1769
1674 1925
534 801
1371 1960
706 1395
585 1988
346 1454
535 1555
139 1419
1844 1909
1493 1766
327 971
385 1610
1589 1957
1110 1655
637 915
1935 1946
1937 1939
101 231
95 1837
28 618
1867 1872
59 1779
227 571
1634 1652
1706 1939
1415 1492
1322 1719
43 905
1048 1889
1409 1726
1199 1239
1949 1964
1348 1760
1443 1660
1208 1313
813 1676
602 1231
574 865
195 1600
533 1389
749 1882
44 763
1608 1709
87 1364
899 1037
1460 1654
527 1106
1324 1552
841 1346
680 1545
639 1562
1476 1802
825 1653
642 1609
1808 1917
1057 1592
1133 1560
1213 1319
246 561
1749 1783
875 938
21 1472
632 689
785 1537
676 805
1352 1412
1212 1585
1210 1491
425 1232
182 936
1935 1971
324 1659
733 945
676 1160
973 1673
143 684
1043 1543
792 1111
383 547
1426 1771
1444 1796
208 1615
1021 1842
187 1000
1954 1955
1056 1290
1051 1266
1724 1786
414 415
101 1321
998 1298
1779 1785
1833 1859
808 1542
669 1584
1986 1988
1863 1927
1951 1984
1639 1822
148 1725
56 1595
434 644
317 1533
662 1987
1003 1885
942 1541
357 924
777 1924
1511 1654
1693 1931
1665 1905
1219 1332
743 914
1466 1572
1256 1736
1433 1849
417 1299
288 1747
1206 1863
100 746
707 1160
783 1303
1926 1946
1945 1999
1747 1976
1587 1883
257 1391
435 960
1154 1781
1874 1895
1151 1555
770 1482
1638 1856
809 1311
1209 1310
1410 1530
1712 1947
966 1597
888 1451
786 1399
58 903
85 1935
1183 1798
1451 1791
1425 1503
1912 1926
1169 1366
546 1257
196 981
1213 1525
904 1079
1586 1859
939 1051
1136 1716
1744 1884
748 768
486 1747
1767 1824
1090 1604
116 864
1828 1902
1021 1427
809 1018
1868 1943
590 696
1220 1723
1620 1964
548 1588
1003 1732
999 1859
1298 1521
940 1533
1517 1966
464 792
383 1447
189 1734
534 1603
24 1886
1623 1705
818 993
827 873
497 1892
840 1261
1173 1424
231 1851
1064 1515
1471 1545
1038 1112
90 179
900 1942
787 1257
1851 1898
819 1413
943 1039
54 327
1970 1985
134 1042
1371 1525
1677 1754
555 1989
1468 1977
457 874
1444 1458
1086 1896
399 1551
