3400 6800
3228 3354
3270 3358
2779 3255
2369 2519
1845 2836
406 2995
2112 2860
250 524
1273 3175
3093 3310
1420 1528
2955 3080
1685 2112
631 2484
3226 3302
3012 3152
1029 1046
1499 2732
1170 2709
724 1985
245 309
2913 3165
2008 2376
2542 2753
2305 3268
3112 3210
3185 3330
368 2115
1468 1561
411 3190
323 3113
2577 3041
2178 2351
960 1749
2807 3247
2742 3101
1832 2368
2112 2696
2850 3066
24 3277
283 2707
1071 3072
2031 2123
902 2584
826 2292
2449 3063
2181 3029
1130 3103
974 2820
2317 2488
1369 2374
974 2253
1609 1838
2424 2481
2860 3311
749 899
1978 2821
2017 2310
2379 2829
752 3196
2936 3293
954 3277
1720 2831
1715 3220
1136 3161
1175 2000
1624 2023
2995 3227
2613 3391
469 1429
2143 2246
1298 3091
193 1268
3100 3331
242 393
3349 3396
124 248
2455 3125
997 2033
2025 2080
605 1408
2845 3188
1247 1982
194 1747
1971 2876
624 2949
1090 1712
500 1808
766 2170
969 2170
2579 3039
1454 1885
41 3229
2633 3150
165 725
1400 2775
1363 1775
2663 3278
3314 3320
3315 3326
192 2945
2390 2668
2821 2853
1396 2305
3046 3212
2067 2815
2932 3225
1959 2469
2573 3133
2701 3074
422 1050
1366 2454
1998 3397
3067 3329
2948 2991
2858 3294
467 1677
115 3381
1623 2569
733 1601
1733 2440
737 2357
1207 2252
645 1806
868 1644
3393 3394
2220 2466
2942 3064
1391 2782
1868 2709
1363 2679
1677 2743
614 2770
969 2699
428 2136
384 2361
2275 2571
778 3255
1095 2306
3107 3287
3203 3274
3177 3229
3066 3115
2104 2698
253 2558
275 1542
2919 3397
1029 2007
1425 2945
3137 3337
765 2921
963 1524
2041 2823
1593 2014
730 3044
1211 1872
3218 3277
1339 2005
1578 2793
1439 3281
77 3385
2643 2649
2315 3210
2013 2712
2755 3347
265 719
125 2715
2551 3272
3194 3253
1685 1857
2919 3337
2470 2549
1635 1759
1938 2613
159 983
406 811
2001 2129
1790 3281
188 2279
155 441
286 1299
523 1804
1510 2629
1098 1595
2686 2829
549 2023
392 3260
493 919
2158 2295
3281 3334
1483 1732
823 1162
2229 3021
1387 1990
1868 2916
1024 2158
1772 3191
407 3372
2045 3112
2248 2748
1514 1655
1236 3033
1097 3172
300 1324
1296 2570
1985 2196
140 1436
2310 3113
1936 2156
303 1065
2662 2716
709 1621
2088 2853
480 2233
1661 1994
1341 2566
1240 2398
3163 3212
215 931
677 3126
2149 3129
1670 2688
930 1428
2637 2898
2446 3167
2489 3166
1698 3120
928 2434
1423 2668
1890 2161
1228 1794
149 1918
2768 3054
2338 2675
1210 2919
3227 3284
514 2879
1231 2493
632 2236
651 1122
2442 2941
227 2210
108 219
1376 2088
495 2145
2882 3252
1208 1757
2158 3149
400 1597
228 2809
2900 2975
807 2196
3075 3110
169 3162
1034 3393
594 1657
788 1317
1071 3384
2581 2607
731 910
1577 2559
973 2904
139 2380
2653 2746
734 1872
607 2856
415 2860
2115 3288
2934 3048
2752 3040
7 2526
1940 3363
2595 2680
896 2300
2226 2517
2086 3270
2137 2944
830 1070
2807 2841
1775 2633
651 680
1341 3022
2077 2376
229 879
1052 2986
2998 3341
2610 2883
2218 3331
2554 2959
3010 3160
3040 3183
2153 3031
2618 2806
1833 3218
748 957
727 2631
2541 3368
372 2382
1166 3261
3394 3399
758 1800
1321 2953
2289 2360
951 2420
1984 3195
244 2880
371 766
1712 2139
938 2118
1409 2906
2318 2769
1891 2594
3307 3326
1242 2691
1113 2026
2045 2512
1680 1681
906 3272
1343 2358
799 1910
2234 2610
2012 2199
384 1014
1045 1934
3247 3314
700 1048
2201 3138
1082 2120
1473 1804
901 1910
15 2907
90 2458
965 3024
1701 2468
2646 3135
1931 1949
1029 2345
1833 3187
2013 2393
3255 3319
236 2883
2328 2771
2783 3285
709 1450
3030 3034
3153 3305
2542 2606
687 2906
424 3395
178 1208
2149 2687
400 2758
313 1605
1966 2265
801 3217
2270 3174
2542 2775
1386 2801
2035 2710
435 1814
3200 3300
3212 3342
266 2433
3064 3252
1844 2851
1630 2692
160 1674
72 972
1315 3265
411 2125
1779 2840
224 2532
1956 2388
210 1406
439 927
1835 3258
10 2899
2268 2929
3111 3163
2388 2971
1487 1856
623 2326
905 2483
2527 2816
1883 2257
727 2709
2155 2989
834 1256
1071 1535
1632 3285
2929 3135
1962 3314
1947 2853
1058 1189
747 2088
843 1743
2134 3025
2314 2441
401 2847
382 424
351 1614
257 397
2224 2655
1148 2780
231 2086
1189 2997
1042 1479
1880 2321
1550 1859
987 2908
1209 1469
228 3213
1677 3107
1917 2952
2176 2583
585 834
1729 2127
1151 3165
1865 2539
2618 3275
857 2934
777 2529
1378 3084
2099 2347
3302 3337
1125 3390
484 502
1027 3250
2530 3323
2669 2963
3218 3234
285 2491
924 2240
3020 3242
622 991
1123 2412
105 1256
3188 3201
82 1438
359 2284
2474 2978
448 573
3349 3351
2531 2589
1296 1986
3164 3395
2005 3018
2745 2905
1125 3082
1702 2381
1215 1261
2027 2263
3003 3239
825 3068
246 2968
2350 2750
471 2933
1664 2493
2308 2722
1376 3120
2347 2981
1834 2510
1890 3222
2878 3217
180 546
2242 3184
3095 3217
3012 3178
3289 3363
847 1305
1495 2880
2009 2948
398 2535
2196 2853
3288 3301
2348 2540
2732 2958
1319 3003
1244 3022
393 1654
1931 3151
2971 3180
1859 1976
1591 3346
3137 3341
2731 3168
685 2846
727 2255
1609 1728
2523 2897
450 1078
2908 3024
1002 2984
427 585
2747 2881
1799 2511
2404 2545
2903 2922
20 628
249 1243
681 2005
2910 3005
2290 2938
745 2288
2033 2186
1807 2150
918 1892
1214 1463
3286 3384
917 3275
2939 3344
72 3065
776 1440
2802 3035
20 1641
2033 2595
1502 1976
1854 3160
30 2232
1168 2359
1434 1800
2866 3093
16 1151
373 2084
1503 1920
1687 2422
1592 2597
1198 2301
1279 1905
1291 2699
523 1855
1534 2329
150 2295
3134 3220
1210 2340
2218 3041
2362 2398
2063 2451
2904 3312
2454 2815
1626 2405
3358 3382
3053 3301
946 1472
126 1739
2778 3224
2207 2894
414 2066
623 1583
2367 3039
1897 2025
571 1461
693 1355
1224 2110
122 1479
2001 3392
2853 2882
2564 3253
987 3250
2942 3002
1796 3139
3365 3399
3365 3398
7 2776
2027 2624
3351 3359
261 945
3370 3398
3357 3358
3143 3202
818 3030
2139 3057
1935 2477
3196 3221
380 3350
675 1009
1280 2114
1137 1907
1297 2578
557 1531
738 1185
2475 3328
1481 2810
430 616
1666 3334
3258 3342
1925 2984
761 1838
2486 3156
662 992
1510 1717
2820 3204
1271 3293
100 2630
3117 3158
2346 3160
770 869
1463 3052
1999 3142
2520 3029
2236 2738
2114 3368
2394 3244
442 1033
3396 3398
1124 1162
1873 3360
1246 3324
3086 3278
2563 3178
1322 1490
970 993
3142 3297
965 3302
362 2111
2879 3270
2528 2921
2656 3163
3204 3217
2096 3293
2109 2277
1133 2178
2022 2693
1452 3297
1088 1542
570 1613
3023 3235
398 1948
2478 3241
815 3175
1008 2587
312 2210
1038 2356
203 684
2780 3391
1730 2972
977 1148
2476 2835
2054 3132
1287 1921
2799 2860
1056 1978
1419 2548
873 2491
3274 3336
1580 1615
693 2449
2030 2866
3146 3394
2408 2509
653 1819
2979 3299
1181 2522
896 2109
3334 3368
1677 3294
310 746
1619 2605
1841 2889
1336 2087
2670 3002
407 1201
339 674
853 1050
1715 3273
3357 3367
2284 2919
2038 2980
921 1896
930 1709
1904 3101
1813 2211
1561 2461
924 1456
1458 2343
2652 3187
1987 2378
1568 3195
3103 3265
317 1839
1778 3050
221 1590
331 2515
1711 2239
1642 2198
114 2134
2916 2958
1345 2951
410 572
2822 2895
3274 3306
359 670
2746 3373
1024 2838
1806 3308
244 1895
1044 1889
1317 2641
233 3216
542 2521
76 165
2835 3009
1909 2447
808 3057
803 1651
772 1760
658 2558
983 3232
3283 3332
1608 2797
2064 3176
1018 2980
2958 3200
902 2688
1843 2923
1774 3159
146 3006
1124 1451
726 3228
3175 3329
2437 3020
45 62
661 2638
738 1618
176 1809
995 3285
1024 3086
1166 2210
2625 2894
3168 3180
2558 3391
2967 3192
138 1908
3174 3184
2764 3226
1309 1735
3200 3297
1054 2686
2088 2089
2372 2866
534 923
2346 3255
1798 3263
3143 3226
754 1821
406 1122
865 1845
2294 2312
3129 3241
2955 3341
743 939
660 1885
2670 3142
2498 2683
2216 2603
83 2441
431 945
1202 2823
2627 3046
1497 2005
2840 3011
1640 2771
3176 3191
2311 3335
1766 2293
3064 3195
2938 3361
1467 3332
3275 3372
2658 2948
2270 2537
1628 3187
2603 2844
2998 3391
381 2356
600 2525
1317 2632
1714 2946
2794 3375
2111 2624
3120 3331
229 1927
2078 2720
524 926
2134 2640
2593 2965
3187 3356
2469 2701
414 1630
2023 2412
1557 2860
2136 2407
2697 3022
913 2774
1744 3142
1649 2940
3010 3307
2560 3007
631 1003
236 906
3259 3382
829 1514
1236 3033
457 2214
850 2549
98 3007
2278 3028
913 1862
2703 3144
121 3109
1391 2151
281 3247
2759 3079
1439 2855
2784 2962
638 1137
2410 2452
3285 3383
2142 2415
118 2442
2603 3334
2607 2655
735 1866
1232 1748
683 1369
1223 2650
3155 3180
477 3159
2437 2733
223 832
1443 1568
1122 1448
202 575
905 3206
1261 1441
781 2076
745 3149
3196 3214
177 3226
1890 2293
2820 3063
2359 2921
1621 1894
1275 3274
2665 2746
1902 2411
37 1735
2191 3054
2554 3004
1313 2754
1379 1751
306 1109
3061 3099
1308 2567
1310 2963
1975 2936
82 406
1692 1739
2551 3125
1576 2520
994 3017
2826 2990
2145 2320
2052 3288
1804 1818
3043 3380
1114 3275
1876 2953
1533 2635
1763 2591
1026 1624
1093 1783
1750 2431
1728 2029
2764 3142
883 2950
1457 2940
3040 3117
2966 3214
2451 2717
1797 3382
2250 2624
608 2194
278 2122
1003 1706
2812 3014
3301 3323
2369 3222
1800 2519
802 860
1720 2937
3213 3283
2794 3177
3 327
754 3216
1284 3333
2267 3103
3232 3353
402 3225
575 874
1714 2154
1375 3274
2313 3297
882 1190
799 2082
699 2856
1981 2031
2605 3081
3009 3218
113 1918
1177 2369
2406 2490
2075 2509
316 1860
2973 3365
471 2435
2734 2831
2709 3012
489 988
743 1656
2665 2701
1567 3350
3124 3207
2397 3320
1168 2795
2276 2339
2910 2929
3213 3221
338 718
819 2685
2837 3312
2891 3309
1319 2586
1879 1973
3324 3327
3158 3196
109 1151
646 1156
2397 2399
2438 3189
1694 2783
2680 3049
130 1358
595 3361
568 1814
2444 2801
810 1471
997 3109
1690 3341
1444 2322
2517 2795
184 408
1704 2632
684 2067
1501 3169
1920 3347
2182 3122
2134 2942
1267 1516
1603 3325
1296 1944
456 1834
212 1326
633 659
1776 2923
1924 3355
2941 3092
3093 3158
1207 2078
1900 3078
1899 2863
3112 3256
2048 2300
3002 3324
2262 3233
715 3126
2394 3376
163 2287
3252 3293
217 2499
2796 3047
266 2166
1463 1729
2789 3372
3202 3203
2596 2721
2745 2811
49 1078
2644 2965
681 1890
1267 2279
114 596
912 2110
2723 3288
2956 2985
55 765
2507 2637
3138 3373
1883 2330
2052 3382
151 2602
1344 3359
1176 1797
2123 2417
1924 3236
2184 3158
389 2191
2204 2247
1825 2703
2808 3109
346 3217
2360 2490
2483 2929
1499 2292
774 2397
1621 2904
1279 2440
2061 2528
736 1951
3054 3132
1154 1180
1643 3221
437 2016
1150 1203
3365 3399
2767 2858
164 1991
569 3126
3136 3173
3271 3319
2721 3320
1230 1775
123 1396
2691 3021
1717 2807
1568 2457
2838 3052
2393 2980
681 1006
901 2953
1815 2532
2511 2950
1006 3124
402 1132
630 3062
2272 2331
2140 2530
3282 3311
3319 3367
1520 2399
854 1057
1579 2339
2297 3193
1686 2608
659 2472
2744 3072
566 2053
2323 2922
2741 3163
780 1431
2179 2182
588 2395
3111 3281
2102 2567
2425 2954
514 2529
1323 2785
2946 3131
132 1773
2440 3335
312 1536
109 3380
1980 2403
640 892
440 1329
2962 3366
1002 1585
1555 2530
525 1242
595 2165
64 502
1528 2459
2430 3354
3359 3389
2654 3393
1454 1646
2122 3308
3100 3272
1570 2625
1527 2629
13 1427
2241 3302
2798 2976
339 2447
263 478
2396 3280
3136 3187
632 1919
3297 3322
1002 2023
89 356
111 753
2455 3288
2127 3055
1162 1968
18 2259
1074 3394
33 3101
1561 1708
722 1413
515 3215
849 2166
64 1003
1278 2537
2930 3298
509 1955
676 3396
466 2503
819 2808
3205 3309
2767 3019
3188 3309
467 1705
1799 2077
2423 2431
2304 2309
2293 3193
3372 3394
41 3040
3073 3106
1971 3209
2528 2620
1991 2687
214 3358
2943 3022
98 3049
1161 3354
737 1755
1562 2396
222 2182
1728 2876
2667 2970
3364 3392
3009 3333
3321 3383
228 1182
3188 3216
2393 3113
869 1765
110 2677
1886 2931
2363 3297
1303 3298
997 3348
2165 2668
2115 2325
2904 3067
2742 3119
2257 3287
3395 3399
2855 2856
949 1262
910 1778
3063 3203
702 909
1164 2190
1957 2897
2410 2692
2652 3036
2606 3192
742 2827
2041 2760
2982 3026
979 2346
1767 3111
2194 2849
682 1214
967 1573
2402 3083
578 1297
3185 3254
2035 2902
2321 3110
2963 3214
1713 1839
949 1771
507 2695
707 3037
284 2618
2240 2835
695 2931
3064 3132
423 1086
3020 3079
1694 1913
1178 1213
432 1504
695 1345
855 2471
1810 3359
2085 3364
871 2164
149 3013
2893 2933
1283 3006
641 3010
3288 3342
848 1562
1723 1797
612 739
1212 1955
1674 2048
2806 3231
914 2178
835 2635
2766 2770
3219 3293
411 3170
2799 2838
376 773
2873 3219
955 2123
36 1223
998 2966
1631 2366
3162 3193
3023 3146
2510 3126
1334 3255
2741 2800
1389 3154
1054 3234
1114 1487
109 2077
1269 2610
2069 3126
205 2017
2624 2705
2409 3292
1899 3114
2484 2886
499 2343
1215 2467
2457 2679
3234 3391
955 1459
1111 1983
1761 1921
625 2169
2713 2826
1015 1204
586 2088
1626 2426
3030 3169
1189 2269
2391 2736
387 2135
1749 1995
760 1415
2094 2551
3162 3276
1757 1963
250 2337
1169 1455
1278 2201
2024 2436
2373 2752
2912 3204
2233 3083
3126 3160
2771 3113
1808 2029
2034 2901
955 1708
3 3027
1303 3243
1362 2101
3050 3090
1178 3110
192 1784
1199 2190
868 2351
1034 2182
1063 1393
3062 3398
522 2483
1318 2605
85 2536
2783 3274
2340 2957
668 3395
3301 3308
3180 3295
3227 3321
703 1603
1090 1360
3260 3389
1100 2907
174 1513
2249 2476
260 1478
3023 3200
1817 2233
2945 3003
828 1820
758 2539
2118 3275
1516 1626
1744 2001
798 3158
2277 2542
3264 3324
1696 3070
1114 3325
3259 3344
3398 3399
3008 3236
365 2465
541 2556
1119 2913
2309 3321
1348 2631
1420 1668
1230 1574
2102 2262
2127 2723
1642 3027
1804 1943
2697 2986
3024 3355
2714 3313
2719 3179
3030 3145
341 1407
2687 3041
2173 3242
2430 3226
3350 3363
1558 2196
148 2273
1513 2453
587 3149
1790 2664
2012 3331
645 1452
2164 2528
2503 2605
2119 2451
244 2227
2800 2901
3190 3218
2369 2496
363 493
1698 2617
1608 2270
520 1740
819 1297
1338 2839
2269 3343
304 1727
1848 1942
2277 2898
1429 3048
3389 3397
438 2789
3072 3398
100 892
944 2253
612 2613
1459 1830
1862 3233
458 2651
1468 2746
2895 3077
3110 3309
2934 3250
1627 2089
2826 2992
268 1329
2163 2435
3180 3212
3368 3376
2999 3298
1041 1188
558 2940
1365 2280
3353 3358
3330 3394
1874 2412
1429 3260
1318 3038
2804 2905
2097 2207
528 1819
1127 2099
1796 2601
1507 1894
2501 2539
176 2638
2907 3334
1562 2190
1486 2332
3144 3216
2834 2859
3341 3356
1885 2180
701 1278
1055 1153
1564 2626
580 1539
165 3277
3297 3350
313 1022
1837 2720
172 1805
2091 3114
973 2890
265 2354
3263 3286
959 2567
2761 3352
3079 3278
3037 3110
2771 2874
3024 3312
1190 1820
1004 2126
551 1286
2030 2968
1771 3388
1673 1915
233 732
638 2689
1305 3110
1691 1726
1557 2959
1614 2489
3098 3226
141 1522
1576 1950
3183 3379
2564 2661
2017 2973
391 1145
2138 2866
887 1214
199 1588
459 1549
939 2670
2364 3298
1719 2110
515 1631
1862 3281
1499 2587
426 1555
3271 3323
709 1966
1746 1892
916 1545
2499 2509
1935 2288
1620 1634
114 382
688 1030
2291 2491
3327 3372
2030 3180
1669 3063
57 1773
254 1453
3153 3181
1958 2603
2124 2743
2640 2828
2890 3391
3068 3087
1379 3314
1412 2784
1392 2887
1996 3048
2300 3150
989 2764
3023 3258
2855 3099
2094 2874
2481 2985
1575 2785
1881 3065
1459 3358
3081 3134
1672 2515
295 985
2582 2806
1910 2888
624 2141
342 2107
1531 3076
2583 3056
600 1099
3330 3389
2423 2467
987 3093
2789 2844
2247 3233
1681 2881
1450 3073
396 3218
866 1158
1270 3013
1232 3039
1748 2284
2330 2589
1541 1837
325 998
1900 2269
3121 3365
850 2719
3140 3236
2857 3282
2638 2915
3143 3190
686 3016
2108 2603
3394 3396
2547 3225
3172 3373
536 3120
1625 3382
1450 2590
801 2396
1244 2479
624 3156
1821 1915
1311 1574
2422 2762
3091 3132
3340 3398
388 409
369 2057
942 2785
3014 3243
1656 1852
1201 1524
3267 3386
1217 2039
642 680
1821 2156
515 2376
2726 3347
34 877
2674 2892
2190 2210
3254 3309
1857 2609
2930 3159
1448 2713
535 2372
2401 3398
73 2568
1841 2489
2606 3398
156 1632
5 63
1943 2108
3066 3273
31 970
1856 2711
1227 1957
2191 2658
260 3168
3320 3340
128 390
41 2858
585 909
1534 2629
738 2655
894 1982
518 1053
2685 2829
18 315
505 1934
2834 3338
2966 3296
1772 3351
1693 2544
3325 3399
2606 2905
482 611
1452 1778
2582 3284
707 985
3308 3372
1401 2585
439 993
649 3115
719 1188
3104 3365
1590 3367
2693 3216
87 1046
2434 3069
867 2103
679 1754
2147 2836
1790 2948
2496 3167
896 969
2255 2653
723 2905
1334 2318
2062 3218
2715 3125
234 3033
1572 2512
469 1149
2377 2884
2180 2583
1688 3358
2328 2370
947 2928
1076 2791
1718 2764
2271 2583
3060 3362
3105 3279
678 1454
521 1397
266 347
1854 2471
2042 2808
1327 1979
1802 2800
323 3355
794 2462
2064 2746
2203 2481
1844 2308
166 2200
2664 2949
265 1892
2545 2926
1642 2752
994 1331
1955 2348
2244 2676
1940 2035
1602 3013
2069 3228
2455 3183
1608 2776
3033 3185
3285 3367
1269 1594
2323 3160
142 1149
1736 2180
2233 3312
1979 2483
2760 3016
2516 3045
3179 3361
2243 2359
2178 2628
3026 3168
860 1847
2605 2856
3269 3349
769 3179
585 2632
533 2125
887 2471
3113 3173
989 2181
413 3137
828 1017
3210 3399
154 2496
2652 2772
2470 2960
1203 1669
1421 2859
2472 2930
2441 3184
1911 2835
319 3232
2667 2902
2889 3144
2477 3048
1189 3298
1279 2234
3224 3358
171 3236
3059 3309
538 3144
456 2459
743 2560
1734 2615
276 2228
880 2953
646 3169
2798 3079
2988 3202
2894 3111
1560 2790
515 1457
1693 1771
982 3123
841 1486
465 2364
118 2692
447 1568
1037 2928
657 2541
3107 3389
1087 2365
937 2618
2479 2843
1813 2495
2120 2660
1643 2389
3057 3264
1993 2070
1574 2223
2735 3131
1763 3083
213 3392
2280 2302
330 3188
2216 3008
2454 2651
169 219
333 3308
1815 2990
2623 2814
933 2036
935 2676
2960 3304
1979 2996
2607 2913
2536 2854
1136 3269
2193 2335
2426 3013
3223 3316
1284 1567
1030 2288
2914 3203
243 2081
2570 2901
1081 1256
358 881
2361 3254
3135 3359
2217 2262
2979 2995
1510 3144
125 1441
87 2278
2866 3144
1056 1611
665 3013
615 3130
58 607
1310 1803
3184 3382
303 2789
2817 3327
1280 1838
2087 3146
431 2818
675 3030
467 3050
2050 2210
3324 3373
1231 3052
2681 2852
1072 1142
533 2411
3064 3365
910 946
2414 2896
2199 2540
1364 2350
787 2511
2096 2951
3031 3291
3076 3360
146 2101
268 1821
722 2872
2120 2375
777 1673
3334 3365
305 2937
1109 1645
2588 2963
3144 3250
2362 3300
1288 1907
2277 2341
489 1753
2236 2253
115 3230
186 2549
2977 3314
1604 2476
2046 2629
833 1067
1470 1783
1587 2811
1973 2367
2788 2793
3355 3361
3093 3396
1632 1753
833 1303
892 3001
133 1517
2205 2473
1155 3254
762 3147
686 3228
2099 2661
647 1570
480 1247
559 2774
652 2709
3296 3368
911 1165
1323 2858
147 1824
1452 2592
1913 2637
511 1381
1134 3277
3104 3349
2601 3103
114 683
11 1011
1732 2010
137 2891
182 3074
2426 2927
741 2140
1111 3255
681 867
1201 2334
2586 2880
1439 2200
1277 1543
473 1438
2502 3240
3088 3227
1646 2923
2116 3052
3041 3350
2329 2578
342 1498
3048 3311
1930 2261
973 2244
1673 2754
635 2924
1498 2414
944 3144
2214 2952
2816 3288
2636 3267
3372 3393
1363 2290
3164 3306
1589 2237
244 2662
1000 2829
3159 3386
2636 3222
2128 3372
2477 2985
3063 3208
71 1744
459 637
763 2880
3041 3275
3326 3361
993 3214
106 2612
2002 2829
1553 2581
1436 2782
2710 3028
104 1254
1212 2253
526 1461
484 2593
2528 2552
2745 3151
1399 3240
2123 2650
3228 3340
1679 2127
2548 2669
471 1236
2167 2552
1928 3307
3037 3156
666 744
2684 3261
1822 3255
2552 3037
1001 3361
2400 2500
2593 3176
1426 3100
366 1884
2652 3087
1720 2622
701 777
2664 3011
1730 2226
433 1880
3225 3323
2157 2243
543 2911
2647 3190
3025 3123
1930 2250
811 2471
252 1448
2643 3159
952 2958
2986 3247
893 2006
2669 3363
2455 2792
1119 1132
1209 2304
1263 2615
1546 2561
3119 3183
1893 3355
58 570
172 2464
1865 2214
1825 2012
2789 3194
3088 3178
786 2632
419 1455
2293 2616
791 1401
31 587
0 37
699 871
2279 2637
2560 3384
1326 3008
3346 3397
1278 2060
331 1318
2352 3088
2053 2254
723 2526
896 2308
1456 3156
2681 3353
2945 3087
3210 3251
1396 1608
2300 2877
1942 3101
448 1796
1636 2034
54 2672
3280 3304
2063 2933
35 482
3096 3300
1230 1853
2611 3214
1208 2482
519 1636
863 1075
2009 3197
273 1616
1484 2454
851 3065
558 2932
849 3110
1363 3227
2895 3236
2311 2672
1792 2028
1810 2236
1427 3238
835 1461
63 3079
1588 2517
1917 3278
3019 3315
639 737
2429 3375
1855 3209
766 1871
2770 3321
1378 2624
924 1667
3088 3257
3120 3280
1687 3294
701 1599
3136 3339
1542 2132
2631 2832
2190 3183
3090 3190
2252 2628
1601 2589
1932 2226
1987 2512
148 727
2988 3242
692 3270
1974 2187
2076 3056
1082 1626
3160 3286
2926 3112
867 2721
2050 3105
1615 3245
2615 2694
3097 3206
2952 3398
3344 3370
364 2405
1783 3203
2524 2852
841 2533
2977 3309
2436 2574
446 2943
2319 2377
1375 2500
1363 3243
816 1883
2253 3399
2249 2865
1323 1713
3321 3381
793 2698
3396 3397
1643 1786
817 2713
705 2958
1127 3028
1084 3358
2907 3201
1607 1866
1286 2024
1341 1839
401 921
3140 3228
2909 3191
537 3162
526 2522
534 1907
856 1021
2069 2720
3281 3364
1062 3303
1589 2868
3061 3113
3257 3398
1210 2638
3346 3352
2057 2911
2383 3137
3044 3171
1781 1949
2166 3019
2495 3154
665 876
1654 2835
343 1964
2453 2505
1635 2875
111 1445
1659 2484
2884 2900
2767 3106
178 2586
1953 3285
1573 3079
999 3233
1574 2375
2398 3271
2150 2751
1378 2668
1682 2532
1309 1902
608 700
647 2978
1216 3139
2017 2251
2000 2239
3159 3193
2457 2953
1892 2199
41 3220
2623 2806
161 3037
3082 3258
916 1050
1032 2769
569 1812
3374 3385
2079 2330
1498 3008
154 1862
1876 2703
1792 1950
1353 2330
1588 2399
3345 3383
2347 2897
185 2355
2401 2411
2617 3186
537 1582
3062 3373
508 1689
1448 1842
1710 3328
1041 1133
2598 3031
842 1298
2077 2726
1396 2759
560 990
646 2998
959 1032
452 1162
2094 2337
2926 3051
1391 2179
759 2094
1741 1750
3094 3170
3042 3238
1925 3324
1122 2207
2316 2906
1049 1815
40 2823
1992 2950
1341 1898
659 2690
371 3304
2075 3310
1948 2529
2977 2988
82 2036
2816 3164
360 2747
1861 3331
3184 3278
3259 3309
1866 2775
1580 2743
2087 3131
2997 3047
1939 2309
2605 2880
1302 3273
1098 2609
210 296
3199 3334
2254 2619
3261 3378
2357 2544
812 989
1247 2149
319 1111
923 1046
2859 3173
334 519
2779 3043
2194 2767
249 1019
1737 2529
1688 3243
679 1722
911 1440
2713 2982
1821 2852
3124 3380
665 2766
3304 3337
2596 3275
365 2440
1979 3217
3272 3348
2356 3267
713 3033
406 1879
2475 3032
810 1191
2309 2513
594 2923
3273 3285
2917 3163
2404 2948
3287 3356
2224 2610
1620 2623
1277 3054
2298 3227
2616 3123
71 670
625 1768
816 1807
540 891
284 1229
2829 2859
2155 2314
2083 2370
1628 2924
1282 2988
425 1333
2446 3209
1279 3052
2470 3096
2186 2763
3392 3393
675 2199
340 1346
883 2237
2349 2421
1115 3305
1900 2719
3111 3161
25 1644
2749 3101
906 2967
183 600
1702 3041
701 1500
684 1465
3279 3391
1525 3229
1975 3249
1895 2693
392 1553
2863 2895
3059 3345
1070 2697
1727 2965
1051 1785
640 1979
3203 3315
883 1558
1143 2826
3027 3320
178 1155
2416 3311
1745 2202
1065 2487
2444 2633
1002 3227
3353 3395
187 1362
3129 3232
114 2053
1523 2842
3057 3342
2405 3123
2556 3064
614 2214
3192 3328
1999 3330
1681 2982
667 920
342 2369
3159 3281
152 1395
1948 3206
1286 1414
2378 3307
321 2080
3110 3270
1081 1895
2138 2885
3150 3274
3207 3214
2634 3155
1850 2570
2599 2635
1394 1860
562 2513
1275 2041
242 512
1242 2046
858 2550
2633 2745
2624 2761
2130 3195
1287 3232
666 830
3114 3118
2657 3282
890 2867
2655 2834
1161 2625
1231 2730
1527 3361
875 1073
1179 1333
2228 3261
2029 2302
359 2547
1380 2603
1291 3010
2636 2699
3101 3384
41 3112
1447 2129
2521 2841
400 2566
2011 2043
555 3274
1022 1928
3060 3122
251 2217
601 1623
1461 1463
3175 3244
1151 1758
2674 2738
815 3177
374 2428
1081 1231
587 1083
1228 2016
878 1206
2024 2456
3124 3332
2731 3338
1628 2200
257 848
95 2091
1237 1933
3362 3383
1081 2300
2296 3358
2785 3352
2360 3000
1459 1463
1825 2918
1822 3228
2607 2938
3122 3185
1117 3137
2977 3056
987 1031
10 1379
3003 3210
2165 3276
397 2622
2822 3339
2391 2878
756 2838
2801 3235
2175 2255
902 1498
70 2370
640 2066
1219 1886
1574 2990
93 1817
1160 3361
1232 1425
3286 3374
2204 2552
1126 2194
1336 2990
2815 2818
1875 2620
633 3026
3159 3164
2282 2342
1622 2655
670 2676
1066 2841
1210 1735
714 2780
2593 3045
3286 3347
2026 3068
346 2868
983 2901
2900 3062
705 2426
232 673
518 2111
284 3013
3315 3327
1000 1554
1948 2657
421 2152
1712 3150
136 1009
2028 3035
704 1248
1606 2817
3318 3340
1788 2957
2055 2301
90 1522
87 962
3003 3144
2021 2585
3394 3395
2020 3379
2829 2950
74 295
302 3317
2326 3393
1385 2603
2602 3326
3182 3273
2593 3063
275 1758
456 1917
2618 2727
2896 3314
1331 2207
1333 1786
577 1604
536 2246
183 1792
2599 3280
1666 3251
2953 3369
611 2032
2813 3337
3155 3382
2956 3176
926 3178
517 1966
63 444
2479 2712
1554 2806
1081 2937
3067 3197
1693 1859
2460 2779
2801 2884
1930 2432
785 2496
1769 2858
252 1505
1975 2743
1962 3345
523 1824
1484 1700
1460 2786
778 1298
1662 1942
1588 2924
956 1422
716 2781
144 854
883 3011
2682 3030
83 1393
2373 3321
2597 2759
1748 2395
3106 3262
450 2550
2970 3355
2909 3071
2268 2989
79 1799
3167 3337
362 2437
1728 2235
3142 3397
2992 3271
1893 3198
3184 3283
3381 3390
2380 3132
1550 2107
2396 3354
920 2725
665 3384
1180 2571
382 2733
2500 3247
140 1478
894 3001
2165 2378
1767 3262
54 374
19 3143
1851 2972
1010 1504
804 2221
665 1778
1785 2828
1405 1606
55 1048
2111 2617
1807 2264
2572 3238
2425 3365
363 1446
1753 2798
226 2282
939 3375
3397 3398
2999 3289
3232 3380
2752 3237
859 2583
557 3293
1129 1144
359 2675
165 1256
3109 3341
1934 2597
3284 3377
2910 3041
810 1155
663 2195
1979 2722
3298 3330
2323 3051
597 2578
1915 2233
2682 3140
2342 2795
1286 2198
104 1052
606 2603
1594 2738
463 2564
622 2478
1033 3171
466 2043
2349 3166
2916 3157
2968 3120
73 498
1492 1826
1637 2640
2204 2669
2332 3270
1546 1641
175 2410
2328 2880
2976 3330
1118 3387
733 2655
3032 3172
2529 3000
941 2468
2242 2404
1384 1546
3334 3395
1390 1960
817 3347
2168 2702
198 426
1686 2347
1076 2749
3158 3200
770 2341
1860 2200
3135 3321
359 403
3083 3327
1869 1945
2612 3273
1081 2919
1375 2015
1540 2887
956 984
1735 2496
75 182
1093 2874
203 2298
834 1659
83 309
1142 2802
1772 2520
3026 3039
592 3327
3265 3305
1534 1919
3165 3269
2170 2853
2754 3138
3257 3325
3367 3385
2313 3208
961 1894
88 2805
1764 2881
3098 3150
2913 3277
207 897
173 755
2473 2703
838 2368
2149 2526
2788 3286
162 1482
3156 3193
2796 2798
2494 3060
2745 3296
2059 3079
3119 3308
514 2836
2620 3207
1142 2452
1186 2482
1198 2523
1627 2202
837 2843
1277 2240
35 1393
703 1027
2658 3388
1316 2237
1242 2119
2672 3118
1909 2103
1564 2045
951 2009
1701 1896
157 2318
2473 3109
885 2374
2604 3005
645 2178
1312 2012
2280 2868
2753 3039
2597 2945
3382 3388
448 2012
1769 2086
1131 1696
2519 2935
2770 2801
1938 1991
903 1257
1904 3208
157 1321
3037 3238
2393 2490
1330 2050
3361 3368
1050 2262
2755 3368
2933 3330
872 2155
2811 3051
2285 2461
2995 3389
967 2962
3101 3206
2626 2716
3126 3373
1872 2358
3103 3272
1986 2661
1784 2177
596 1199
2012 3132
1667 2273
661 3217
2112 3239
1322 3371
2093 2670
2110 2621
1921 2158
2932 3242
3368 3373
145 1693
3238 3307
1998 3016
1071 2185
2377 2432
2450 2810
2356 2658
1050 1323
1651 3337
459 1487
930 1303
2262 3061
879 3059
1442 3214
578 1001
3325 3365
2009 2800
2980 3077
3253 3272
2424 2571
774 3025
2544 3217
3060 3288
1021 2509
1901 2365
1454 1479
1041 1260
2332 3132
2923 3139
730 1439
115 3267
1435 1504
2379 2879
2931 3313
2341 2914
3153 3223
1483 1494
829 2280
856 2089
1683 1916
2764 3215
1827 3261
7 1425
3054 3345
2486 2806
1600 1848
2912 3340
2780 3093
580 650
1550 3313
2601 2669
2035 3157
1966 2924
1540 2696
128 1305
1256 1847
655 2300
1003 2496
2483 2535
3327 3337
919 3067
2104 3187
2447 2472
946 2079
2618 3324
91 2897
2039 3082
2424 2588
93 832
2589 3315
280 2037
2891 3177
1050 3234
2384 2452
2462 3024
747 971
2331 2564
2923 3324
3042 3357
1968 2550
1215 3104
740 2814
1532 2233
938 2804
2616 3106
2715 3276
3388 3399
793 1262
2474 3319
3354 3356
3336 3346
1673 2325
1489 2167
924 1830
272 3357
538 1239
441 502
294 2575
1148 2707
2263 2603
712 1247
1045 1165
1814 2338
89 2595
31 2026
3346 3357
219 1065
1888 3295
3014 3066
2412 2986
1185 1359
2165 2514
986 1751
818 2469
2936 3384
2726 3158
1982 3369
3118 3335
2187 2558
1436 1471
3060 3204
2929 3188
2635 3075
1787 2106
1073 3011
718 2516
1528 2072
2275 2991
3193 3257
2303 3329
2981 3224
1268 3364
126 609
199 3099
1908 2553
3296 3308
3324 3368
1785 3046
3386 3395
292 2264
3009 3181
3168 3356
2968 3112
2274 2337
3378 3392
3023 3309
2556 3021
2859 3013
960 1093
1253 1724
3250 3271
636 2497
350 463
1241 3172
588 1772
2471 2615
1802 2588
1939 3098
906 1728
519 1167
3317 3360
1368 3187
2719 3100
2870 3097
917 3075
1121 2294
1570 2505
2679 3328
7 2046
3321 3389
791 3048
2854 3124
2851 2993
3261 3326
2947 3004
2168 2899
748 2586
3075 3284
1003 1334
1230 2021
2649 2919
2199 3352
1901 1947
2722 3250
2134 3051
877 2305
2790 3231
480 2242
3166 3353
1739 2480
1333 3055
2785 2993
3108 3188
2618 2800
3360 3395
3295 3371
2355 2471
1951 2755
1894 3363
934 1316
8 2076
1693 3048
2284 2686
3053 3124
782 2270
2814 3041
789 1037
2290 3261
3123 3374
1866 2818
3054 3181
2977 3362
1701 3288
2232 2687
1969 2794
2037 2088
1819 2523
455 1390
1867 2970
2007 2083
845 1621
1575 3284
1370 1747
1588 1597
2324 2669
2775 3364
3153 3213
2242 2961
2831 3053
1255 1807
3193 3359
233 3297
1470 3176
2833 3287
402 2903
3211 3315
3 2810
1943 2919
2911 3394
2356 2420
181 211
84 275
205 1277
2726 3103
819 2163
3015 3336
1900 3212
1113 1672
882 2570
957 1409
907 2494
1452 3068
2321 2395
1184 2630
649 1427
2067 3229
272 3027
119 504
2529 2831
1069 2941
3288 3367
235 1638
1587 2588
2827 3108
3351 3371
1004 1521
2501 3139
2778 2898
2280 2741
1083 2411
211 3174
2254 3266
2518 2666
2086 2444
647 3152
2490 2755
1166 1551
1901 2426
3289 3302
2702 3084
447 3079
842 2273
776 1258
705 1683
2801 2973
524 1296
3255 3259
776 2817
265 545
1179 2206
2857 3197
3245 3310
2767 3053
2713 2937
2912 3268
1543 2329
131 3051
2910 3286
339 2201
1376 2292
243 1705
2234 2887
209 1028
2909 2949
2568 2682
411 735
2622 2663
255 2542
1964 2120
1538 2328
1395 1726
1943 3213
2162 2642
2225 2227
936 1659
394 999
971 2992
1841 3135
1592 2452
2907 3196
1722 1999
1291 1879
1991 3064
1282 1394
3013 3200
1479 1947
43 2007
1785 1937
1121 1504
2647 2912
3337 3390
1809 2659
516 550
1478 1689
378 464
1444 1806
2180 3115
1047 3131
3008 3343
1232 2569
1007 1177
2445 2776
2984 3277
3365 3367
3321 3359
2622 2793
1486 2148
13 222
993 2927
1265 2248
1343 1914
1228 2280
1198 1856
245 2698
1013 2776
882 1040
657 1300
2155 2914
2671 3285
707 2534
1343 3243
139 1120
177 2933
570 2960
1358 2502
402 1229
886 2736
1296 1806
1859 2270
1242 1898
79 2231
770 1985
1084 3079
210 638
793 3397
587 998
2089 3355
2373 2433
2853 3045
372 2925
2135 2408
1105 3212
1899 2955
71 1465
1321 1370
3319 3369
3206 3227
9 2921
3087 3170
341 2463
1001 1808
267 2193
2088 3391
2279 3343
2351 2814
3385 3391
3261 3302
1860 3375
1756 2358
1588 3395
145 3169
49 3017
908 2528
2307 2817
2641 3279
732 2789
2753 2795
2332 2415
2908 3110
785 2077
3193 3308
352 2430
1883 2006
323 2930
1994 2119
2137 2341
1720 2888
606 1148
2555 3325
568 1393
2505 2532
967 3199
1205 3374
2144 2706
3190 3267
2669 2917
1238 3026
3248 3316
1306 2549
2362 3036
3255 3354
1566 2048
3154 3169
3296 3327
365 1841
2689 2721
3248 3308
335 1704
779 1410
864 1323
261 2201
252 1536
2780 3115
2850 2885
412 1515
63 2149
2925 2950
1980 2458
2352 2703
3222 3270
968 980
3286 3364
929 2139
137 282
1649 2224
2680 3095
2184 2554
1006 1603
149 2092
1577 3097
1443 1832
1288 1831
1753 1818
1412 2593
1237 2000
1210 2743
2202 3180
3229 3267
605 1479
3287 3372
19 2572
2470 3200
933 1908
2305 2643
2416 2470
2336 2993
2516 3227
3131 3362
1651 3331
2216 2679
38 1681
1113 2589
138 620
2423 2603
1225 2254
1962 2975
3316 3370
1484 2391
2338 2730
2025 2061
2211 2635
1030 3260
486 818
41 3091
2637 3168
3132 3341
2456 3299
1818 2623
2460 2779
638 659
3279 3395
907 2014
1276 1492
2661 2826
3365 3366
469 3355
2202 2441
2179 2923
2689 2954
2565 2681
3088 3266
249 1490
801 888
327 355
2829 3345
3329 3382
1425 2838
2866 3297
3055 3117
3074 3149
487 1605
3178 3363
1531 2124
2899 3225
1097 1904
1276 1966
2669 3137
2416 2735
2352 2930
1804 3240
2625 3117
1639 2292
840 1294
290 1803
666 2556
3269 3354
2887 3136
142 2478
3374 3389
49 2758
3109 3183
386 2207
1828 3123
1042 1171
2906 3070
2398 2954
346 1288
2493 2856
1743 1920
434 3042
1785 2424
1664 3187
862 1492
401 1734
485 1471
2084 2511
2064 2326
2134 2299
509 1944
843 3130
2712 3144
2706 3245
3388 3389
2455 2911
2965 3177
2288 2641
472 526
2128 3130
1583 3071
8 857
2437 2630
2783 3293
927 2117
632 1004
1323 3237
476 2326
1273 2340
1954 3249
2013 2436
2640 2820
2212 2935
1422 1529
26 1457
3291 3321
524 3178
710 1814
2131 2469
2716 3212
3059 3311
365 1521
642 1672
1111 2069
1758 1931
1280 2847
657 2511
51 93
450 1587
3130 3354
2040 2221
1153 2216
15 2084
2903 3279
3349 3364
593 2699
461 1427
3305 3370
1216 2658
2584 2647
2108 3347
2423 2805
85 2821
3137 3176
1835 2874
2411 3041
2550 2808
432 2554
3169 3193
687 3092
1305 3097
1761 2971
592 2076
152 3341
140 1344
1130 2449
373 2556
2154 2202
3072 3392
1096 2381
2094 2456
1757 1804
637 2084
1882 3144
313 3220
718 2489
207 2200
3386 3395
2946 3044
659 1957
654 1072
755 3228
1368 2170
1054 2619
239 964
1516 3323
1834 2796
1183 2500
1620 2834
1933 2199
156 2332
2621 3200
3224 3338
2363 2678
3052 3251
1026 2862
451 3372
504 2948
1434 2575
2513 2619
3226 3325
334 2361
1383 1566
375 3066
3384 3391
3145 3312
1213 2797
3259 3302
1969 2752
310 1478
1635 1810
1834 3234
2650 2978
585 1169
2762 3111
1251 3014
228 2023
1875 3225
1378 2408
3385 3398
912 3013
858 1000
2371 3052
2014 2654
2050 2353
2027 3289
1571 2634
1540 1592
3296 3356
1573 3392
2408 2897
1506 2558
3106 3176
1960 3119
3153 3387
1564 2075
292 2269
2278 3154
1182 1618
2792 3236
2613 3325
2848 3321
3205 3373
816 1761
2669 3270
2136 2429
3046 3385
3386 3394
1038 3332
1752 2854
978 1982
3290 3355
851 3122
17 2250
832 1149
1322 2773
2858 2978
2479 3222
3299 3312
1806 2713
943 2459
3368 3390
1570 2111
1772 3295
1058 2180
2634 3231
438 2979
3217 3223
310 1149
3145 3165
1429 2868
1837 2107
171 2881
871 1938
1462 1852
2205 3371
852 2633
1396 1483
887 2285
3393 3399
207 537
493 1231
2498 3100
1893 1946
3379 3387
2301 2478
3191 3291
2165 3275
1449 2013
2487 2922
2240 2258
1435 3128
291 1454
2555 2810
592 1917
735 2052
325 1498
1473 3206
67 2587
1200 2041
86 178
2509 3069
2144 2389
1413 1770
2192 3158
1391 2403
2057 2807
431 2714
3141 3315
1887 1943
1490 2717
2848 3099
3129 3211
3203 3394
1471 1537
1239 1351
721 2973
1223 1768
3240 3358
886 3183
520 1490
1988 2329
1203 1896
2104 2278
3102 3366
3389 3393
710 1669
2414 3103
475 1981
1129 1580
1794 2170
289 2350
1903 2450
2577 2968
1048 2542
583 3141
375 2453
307 1993
775 859
2150 2526
2874 3361
310 329
546 2534
917 931
2624 2627
2995 3237
2858 3097
3194 3355
463 667
1751 2052
2806 2862
2284 2688
2007 2721
2886 3195
1915 2250
2068 2134
1716 2606
476 741
2006 2611
734 1856
2631 3082
1965 3212
1161 2419
895 2435
2856 3154
861 3034
2106 2896
507 1669
1005 2911
1943 3335
2568 3191
3310 3394
2341 2901
430 3052
2306 2695
1976 2182
534 986
2995 3196
837 1476
396 1149
804 1883
679 1068
534 1047
1543 2142
1744 3282
1745 2391
899 1658
2213 2961
2274 2932
2294 3133
1607 2325
356 2712
871 1270
3225 3253
1436 2081
2016 3274
2562 3325
323 1082
393 3236
2925 2952
3141 3162
3333 3397
2065 2109
103 837
3389 3398
2090 2497
2582 2813
2010 3363
3166 3348
984 1709
354 3010
8 1175
3163 3190
3004 3234
2343 2428
2488 2617
1073 2002
3177 3370
2198 2890
479 2545
2386 3074
1543 1717
3320 3343
74 960
956 2890
515 2208
3031 3334
2872 3076
263 1183
1578 2867
3391 3397
1618 3196
2799 3049
70 1830
454 2203
2238 3158
664 1784
1531 2335
2245 2705
751 1024
3155 3312
29 40
1371 1791
2197 2796
2031 2241
3236 3319
94 808
3004 3140
2507 2792
1151 1596
3147 3300
1288 1550
724 1115
2031 2754
3355 3365
1113 1729
536 1425
485 2357
1810 1906
2235 2816
2503 3359
683 1033
1026 2492
278 2708
1763 2149
2302 2441
2829 3252
950 1500
1745 2628
3012 3127
1483 1979
491 1739
2135 2939
3288 3367
1212 2133
2302 2519
2281 3215
3140 3222
170 1064
3061 3138
4 1034
2559 2645
2511 3069
1065 1119
1909 2184
2656 2736
1020 2719
813 998
991 3256
369 2085
1063 3265
220 2285
1137 1946
368 3380
1680 2425
1699 3221
1717 2449
3288 3377
80 3134
2693 3089
3297 3396
1078 1602
3129 3246
2409 3300
584 1502
879 3057
1357 1688
2126 3310
3287 3289
903 1354
2115 2677
1400 1575
575 1124
651 1242
983 1111
3102 3300
2227 3142
1558 2186
382 1992
3084 3158
167 2947
2574 2672
856 2570
3235 3261
45 1330
1183 3070
129 662
2854 2857
469 613
3311 3381
2452 2469
404 1211
3350 3386
1191 1968
2403 2999
1951 2704
2314 2809
3198 3307
836 1477
965 3241
1446 2937
781 3129
2295 2328
181 633
3244 3285
3009 3292
2546 3254
2142 2330
247 3369
2833 3080
594 1166
1920 2328
3035 3305
2087 2937
1966 2250
788 3091
26 1952
2558 2629
3154 3261
1228 1500
1891 1928
3031 3043
2156 2975
1638 1856
1151 2748
1965 2402
1616 2108
3341 3391
3134 3338
1776 1848
1896 2092
3348 3395
2742 2936
2473 2820
3159 3201
2859 2938
2535 2787
645 2841
1351 2900
1451 3148
2962 3265
317 1478
866 2444
3235 3316
1954 2642
2303 2884
1022 2346
27 2377
2958 3228
599 2173
965 1860
2314 2943
944 2712
357 2354
2413 2949
2105 2281
1584 1837
1204 2984
3222 3315
179 1052
3382 3385
202 551
2158 2302
3239 3251
1381 2671
538 3108
968 3395
2956 3338
2542 2788
2615 3070
1258 3078
1811 2610
2388 2739
2304 2309
959 3092
402 1458
2110 2269
1310 2753
1214 3137
151 2871
2197 2351
649 3176
3036 3382
966 3273
387 2478
1854 1975
1578 1856
65 2283
1452 2695
1776 2256
3066 3355
1269 1862
3352 3362
2328 3160
1463 2985
3277 3306
2579 2722
3123 3198
792 1208
1149 1723
2364 2934
2902 3198
370 1843
2956 3047
912 1598
1821 2934
1755 1844
1816 2028
2838 3119
3076 3230
1636 2642
947 2463
414 2666
2487 2511
461 571
276 2939
2566 2606
1503 1666
2974 3106
2968 2993
2917 3310
1840 2167
397 1215
1056 2955
1053 3213
60 144
3164 3272
2228 3287
1173 3024
875 1511
1959 3181
3057 3300
3223 3254
2562 2624
413 3291
307 946
2676 2750
280 776
73 79
1793 3347
2763 2767
2667 3171
251 261
3262 3393
1119 2602
1635 2611
2848 3013
3155 3288
1 3248
1179 2451
2326 3261
852 1971
3147 3354
811 1186
136 2869
3235 3368
1199 2603
2322 3284
1642 3256
1748 2054
1097 3204
2635 3101
2831 3181
2545 2700
848 2337
1520 2471
2651 3061
1188 2218
410 692
2495 2500
2686 2772
1426 2008
330 2197
3055 3073
85 1081
1670 2667
2676 3252
2869 3281
1859 2871
1678 2673
1307 1603
2974 3108
1080 2186
1359 2526
989 2419
783 1223
1489 1904
1231 1259
1764 2651
1395 2614
1712 3358
1882 3208
698 1433
2074 2652
2122 2296
854 3386
2701 2731
2655 2897
2484 2675
1253 2148
773 1955
845 2201
3145 3186
942 2652
1218 1921
1576 2963
928 2484
817 2069
2361 2955
1099 1936
244 1478
445 1135
2457 3226
273 1320
2857 3263
3219 3252
2549 3149
2333 2980
62 1494
815 2742
1799 2580
2941 3219
2776 3274
3242 3357
898 2705
975 2812
2548 2649
2374 2467
2299 2997
113 1013
23 1687
1711 2559
3271 3300
1946 2940
310 2398
2502 3240
2944 3393
1000 2001
1007 2368
1261 2814
1639 1966
561 1688
1266 3129
1341 3107
166 1054
634 1217
1853 2473
2837 3019
2825 2833
2572 3230
1516 3094
2851 2859
332 2008
1473 3188
108 499
227 3173
733 2148
1874 2308
831 853
1029 2491
908 1823
1566 2813
1636 3126
1681 2629
2924 3058
588 2058
2337 2372
273 3261
2363 2415
457 2014
2253 2922
1100 2880
1200 1483
1428 2298
1655 2464
885 3138
1787 3377
3239 3324
807 2875
701 1802
368 1624
80 2942
1008 2475
3184 3187
2086 3293
2404 2692
1871 2013
2478 3208
994 1683
3033 3167
2605 2811
902 1843
2286 3025
1748 2615
2149 2187
1793 2277
3205 3291
2001 2725
2151 2646
1296 2862
1850 2564
948 2567
655 1295
3381 3398
1600 3107
765 1408
240 2255
2158 2343
1277 2125
1411 1479
2836 3058
1078 1986
1697 2652
764 1049
1309 2669
304 1122
397 427
2036 2363
1973 2202
872 955
1983 2344
152 2417
69 162
2596 2750
413 2228
1401 1610
3294 3304
28 1515
590 2635
2386 2944
696 2510
3201 3219
1902 3234
3040 3284
1691 1952
708 2774
1847 1938
1811 3383
2105 3307
1981 2058
2655 2788
3185 3358
2177 2806
2676 3010
1827 2762
1272 2593
1380 2861
2063 3210
1107 2552
1744 2473
1723 2069
1452 1746
2688 3170
610 810
2701 3371
1245 1286
1347 3133
2274 2535
1646 2382
1973 2404
1955 2689
1190 1579
593 3210
2479 2940
1761 2949
3304 3309
576 2873
2960 3314
9 740
2637 2794
235 1351
1721 3215
1649 2162
844 2682
2092 3267
2858 2939
60 2125
2894 3277
800 2194
1687 2933
952 1859
2634 3188
861 2327
551 1943
1854 2469
207 526
138 1457
2344 2688
1987 3196
1150 1809
309 2607
846 3308
1211 2284
3035 3162
2104 3265
638 794
2249 3399
2173 3210
948 3074
2740 3161
1908 2291
672 2213
1075 1437
25 289
2322 2446
621 1829
3335 3371
1811 2562
3184 3191
527 1197
3187 3254
237 2141
145 1945
1600 2377
3232 3314
2796 3174
1736 2466
3136 3369
2021 3223
430 1639
555 1403
714 1827
214 2399
2647 3073
1340 1408
1679 2341
2526 3121
1092 1389
593 1256
416 2983
2056 2520
878 1749
1364 2993
2995 3290
2804 2920
2619 2933
3362 3388
2459 2589
2842 3330
2239 2254
507 2657
1164 1187
1352 1731
3051 3180
1124 2932
763 2900
2132 2672
2996 3066
1311 2388
943 1625
841 1493
2949 3142
280 329
157 808
1579 3158
274 515
3380 3387
180 2655
77 312
1688 2544
1358 2526
1378 1465
423 1252
81 3219
1423 3214
1390 3223
527 729
269 3039
2116 3084
2437 3056
2508 2871
1236 1811
1012 1977
442 1827
1021 3063
2601 2981
1801 3190
40 192
883 1408
1991 3167
3276 3383
1569 3386
1627 3332
903 2596
601 2891
1578 2246
2041 2206
1006 2746
1245 1581
1507 2830
54 2200
1948 2979
3237 3252
562 1124
2984 3142
3206 3282
1365 2496
3068 3321
2947 3131
1247 3373
208 1300
902 2558
1166 1685
2213 3231
1509 3055
2135 2628
1533 2500
3187 3305
2417 2704
1030 1426
1429 2399
894 3139
1711 3104
2701 2979
595 1174
1843 2979
2036 3033
1652 2304
2630 3265
1863 2693
354 2185
450 2418
1760 2489
1027 2640
3152 3159
352 2908
2801 3134
1422 2187
3159 3277
43 1490
374 2708
2461 2909
806 2240
2675 3340
3331 3334
69 1583
1296 1425
1591 2423
1380 1613
426 1693
2097 3342
643 1734
3395 3399
1124 3378
2640 2904
1420 3101
2365 2431
1586 1767
754 3034
2614 3296
2538 3272
64 737
892 1266
1455 2729
2322 3269
1707 1936
1283 3196
3076 3263
2370 3299
2980 3000
744 2261
2011 2766
1642 1882
1563 1567
500 2188
217 2995
898 1128
1151 1985
814 1643
699 1111
1636 2304
1484 2491
2213 2376
662 2516
726 2884
931 1070
371 3279
1688 1965
2100 2370
2545 2882
2464 2861
499 645
512 950
2228 2705
688 1466
298 2272
3011 3392
2741 3398
1681 2840
2996 3209
1800 2019
2105 3116
1260 1990
232 448
2149 3216
942 2029
2613 3393
3234 3342
1333 1961
325 2871
1525 1816
2592 2816
2424 2771
2170 3015
848 1348
2496 3381
982 2081
2189 3125
279 3357
2429 2444
389 2005
226 3133
2380 3242
645 969
995 2817
989 1003
2295 2360
747 778
523 1379
2633 2794
2635 2871
3144 3362
2859 2959
939 1644
1922 3383
315 1808
2652 3383
502 931
3345 3397
1541 2818
2424 3079
3277 3343
171 2816
662 3052
546 2960
2702 3082
622 1898
3172 3286
2832 3388
1312 1357
877 980
2672 2725
1255 2439
1409 3014
2421 3100
259 878
3052 3230
2316 2578
1095 2044
3120 3180
1166 2403
1242 3339
595 1970
2847 3345
1671 1929
2312 3222
840 3291
825 1078
3382 3393
2899 3157
1600 2885
283 1619
49 1643
1365 3377
2155 3186
2608 3260
3161 3217
2925 3345
1905 2091
261 1716
571 834
2756 2766
2974 3341
3315 3398
2123 2560
474 3347
131 414
1770 3361
3023 3156
2044 2059
1450 3385
1673 1728
3184 3226
129 2380
2182 2226
3176 3333
2926 3353
1010 3028
144 1649
2302 3181
166 2194
580 2903
3365 3396
2071 2230
1615 2430
625 2496
2170 3269
1339 2610
316 1218
1109 1381
1755 2970
2645 3211
123 2294
3219 3378
3067 3247
898 2000
3149 3278
3383 3393
2751 3233
3188 3215
591 2844
1986 2139
222 2653
1359 2863
713 1534
1827 2859
821 2773
1304 1993
230 3326
2672 2886
2081 2645
584 804
56 3375
237 3356
2066 2852
1447 2762
845 1425
1211 2658
1079 2769
1354 1701
1351 1941
1637 2669
2944 3378
1364 2237
1009 1894
2873 2969
279 1036
2990 3043
2859 2992
1666 2841
89 996
138 3063
1346 2194
3310 3359
3080 3232
1767 2365
1228 1556
17 665
2378 3067
2788 2950
2665 3085
2582 3324
2892 3188
354 1652
492 1223
3195 3298
3317 3386
2065 2541
288 963
1481 3067
1195 2142
2119 3058
1821 2380
2309 2552
360 2115
868 1070
2003 3348
1918 2722
957 2557
437 3148
2902 2991
867 991
1194 3209
1261 2395
1336 3280
1260 3378
1068 3313
1405 3077
3362 3368
1534 2022
675 2094
3326 3335
417 1758
2176 3107
465 1473
1691 2664
1498 2310
2521 3341
1844 2109
3300 3370
882 1082
48 457
1641 2249
1658 2783
1599 2881
2296 2366
261 3236
2333 2380
126 937
1764 2355
1964 3005
1910 2298
2682 2902
2507 2857
1796 2204
652 1077
952 3108
3381 3382
2785 3089
3101 3346
3150 3327
548 1000
848 1542
2343 3224
1628 2785
1696 3054
2812 3081
3391 3399
2964 3188
3143 3385
2862 3001
409 2244
1740 3133
2203 2993
1681 2641
410 1516
355 1997
1739 3214
2216 2404
3025 3347
3186 3399
1556 2408
888 1052
654 3256
1716 2430
3128 3134
2627 2726
155 2365
1949 2308
2730 3373
2000 2515
1262 1542
113 1612
1750 2037
1687 2151
2752 3346
1334 3392
2832 3049
550 2860
3144 3160
2124 2458
3143 3149
2494 3300
1693 1936
3395 3398
385 406
1572 1978
1518 1642
3002 3309
1718 1945
2423 2868
217 2078
2649 3226
1512 2380
801 2483
992 1833
3341 3365
2261 2300
1889 1903
2166 3092
3274 3371
679 1245
694 3232
1013 2784
1223 2722
2580 2642
3068 3385
3075 3371
191 3137
374 2032
470 3025
3072 3212
1121 2732
131 2790
1043 1591
405 856
3005 3051
1034 2778
1425 3368
2025 3034
522 2490
668 2708
2878 3220
1810 2500
2048 3314
1785 2312
216 840
952 2305
163 3132
288 877
1104 2385
146 2396
2495 2918
1524 1734
1537 2882
1913 2582
3216 3353
417 3301
822 1749
1733 2008
1794 2049
1875 2123
2427 2935
1982 2275
3188 3322
2127 3259
2743 2980
2080 2842
2061 3324
1569 2440
944 3186
57 2103
1537 2606
2085 2599
3310 3363
3034 3138
1171 3328
1335 2181
3338 3387
2955 3098
1473 3040
2009 3359
952 2722
958 2411
1908 3281
356 2925
1579 3261
130 2065
1089 3012
2030 2642
2029 2533
2729 3135
3029 3383
2164 2659
1187 1244
2149 2853
1059 2985
2217 3164
3082 3306
2059 3008
585 1086
2639 2886
1712 2367
3045 3210
1636 2093
1929 2517
179 291
434 1173
1866 2559
1259 2851
3323 3374
1999 2980
635 3082
3060 3216
354 414
1815 2084
2046 2406
156 2112
1749 3117
2895 3254
2123 2870
148 3258
1890 3361
728 1470
463 1136
910 1469
742 1059
267 2851
1522 2991
641 2834
3153 3360
408 2279
262 2227
3225 3363
99 266
3186 3383
1561 1565
3159 3347
258 1391
347 2415
1239 1405
2477 3059
2753 3206
2198 2527
163 1908
1468 2623
2539 3337
21 3077
1997 3377
855 2534
402 2566
3276 3383
2663 3160
2238 2921
20 2914
247 1677
1121 2124
895 1177
346 2515
1122 1809
2336 2960
1083 3008
342 380
3257 3386
851 1579
294 2906
1967 2891
1483 2607
1266 3201
856 3383
2418 2912
77 1102
829 1584
1198 2578
1350 1980
270 540
2938 3042
2179 2599
432 2192
2907 3023
1006 3189
673 3170
1751 2233
1461 2646
3270 3325
1466 3196
1089 1659
821 2652
1655 1698
547 1173
1934 2443
1767 2317
3334 3391
2195 2932
1682 2367
1398 2541
5 2770
987 3389
2068 2379
111 229
2357 2556
1286 1638
7 1350
1993 3083
2143 3000
2484 2539
1737 3205
3195 3201
1075 1700
245 1132
2002 2451
94 1112
1015 1911
2026 2818
1554 2195
1225 2224
216 831
1862 3123
671 1745
1480 3394
1393 2631
195 364
686 1598
618 1865
2552 2724
1694 3227
852 3148
2250 3007
948 2724
1910 3068
2060 2999
2876 3131
1025 3060
2498 3015
2310 3086
1409 2583
1108 1548
3239 3305
2892 3130
2810 2876
2195 2755
2433 2748
3353 3398
1800 1928
225 2501
2694 3162
2255 2603
478 3107
2974 3193
782 873
2847 3351
2817 3084
3031 3090
2635 3326
1580 1656
1998 2739
1657 2959
2661 2822
1755 3265
1681 2357
2064 2858
1288 2241
1341 2279
1838 2666
1683 2774
911 1811
1752 2700
1921 2586
1670 1907
2286 3395
166 2974
2362 2550
2416 3000
186 1793
263 1581
3188 3209
330 352
2917 3386
2096 2503
202 1282
2979 3065
508 2071
2511 3196
2448 2874
1916 2608
1093 1136
884 2886
369 1435
954 3381
1887 3175
2351 3251
43 2343
173 2289
3119 3347
232 2116
265 3173
3317 3333
233 1589
1025 1815
2234 2807
76 2602
497 1511
2501 3085
1386 2274
2524 2950
2493 3036
2099 2223
1092 3037
2241 3153
2235 2892
97 170
1883 2351
1291 3255
754 1940
1967 2225
514 1732
1393 2552
2582 2929
2731 3082
2996 3272
2535 3187
575 1662
2299 2808
124 1386
2671 3081
3371 3395
2188 2499
625 797
2712 3066
3326 3339
2971 3247
3329 3383
1899 3190
2895 3381
860 1960
748 1027
2418 2927
3291 3334
2715 2800
2583 2814
3094 3167
845 1788
977 1297
466 1869
83 415
2407 2478
2305 2842
757 1101
3342 3348
3329 3389
1619 1832
1646 2836
825 2275
1756 2123
418 2232
2760 2866
1334 2991
910 2135
2258 3207
2491 2850
1288 1996
1910 1929
2592 2974
54 115
591 2877
483 496
2282 3017
3267 3381
252 2885
2961 3202
1012 3192
2031 2040
12 3149
2186 2714
2013 3081
2263 3204
3139 3288
64 300
677 1562
1295 2780
782 2916
1906 3193
2481 2593
2146 2744
1429 1963
2939 3123
1202 2242
2513 2963
2702 2981
1756 3093
2872 3154
2957 3247
2772 2990
2338 3101
1846 2397
2891 3339
239 1297
3203 3330
1808 3057
3013 3174
576 2756
582 2494
217 230
3293 3294
1833 1851
1755 2757
243 1628
2033 2742
460 2023
554 1401
995 1461
2532 3053
68 130
3153 3175
956 2747
2842 2976
1683 2202
1385 2967
3213 3396
300 2668
1790 2974
2901 2929
1230 1874
1487 3181
2825 2951
2878 3243
540 973
80 2908
2041 3309
138 2291
2966 3046
644 2289
996 1524
3076 3199
124 1877
2397 2965
2131 2518
3315 3395
3144 3264
2023 2520
472 2366
567 1763
922 1430
2456 2853
1207 3017
504 3032
3380 3390
2582 2977
309 1212
440 1762
2224 2314
2446 2616
3395 3397
3338 3370
2690 3209
238 3383
406 1681
1372 3337
836 3297
2178 3076
2082 2201
1417 2233
898 2474
2872 3375
2473 3142
433 2025
896 1834
3014 3045
2445 3239
3259 3399
1816 2942
365 677
1127 3259
784 1372
1508 2636
2210 2896
1809 2338
400 569
1438 2545
3059 3286
1730 2737
2222 3121
3371 3372
2752 2788
395 1459
297 1376
1459 1565
2027 2351
1082 3381
3080 3381
537 2229
1779 3232
1639 1839
3116 3130
1843 2306
382 680
1719 2210
3177 3306
982 2917
2398 2478
2261 3295
2173 2454
3178 3181
2188 2793
594 2242
1620 2333
1010 1304
2634 2804
2321 3075
1243 2606
1166 2088
3109 3346
3236 3300
1597 2444
2789 2837
761 1285
2973 3184
2602 3392
3112 3266
603 2127
2200 3151
26 3049
1027 1212
2267 2721
491 2738
738 3392
1678 3243
2467 3260
1588 1806
2808 3338
3131 3174
146 1414
1703 2787
2818 3207
872 1756
104 2077
2201 3146
2572 2791
3287 3289
3009 3299
3210 3256
781 1205
1098 1147
3332 3360
2490 3102
2630 3206
1971 2998
3089 3094
2198 2498
3086 3095
2819 3228
132 1951
3091 3131
1509 1994
348 2074
2453 3370
1430 2961
574 2527
825 1245
2480 2555
3319 3370
2561 3276
1055 1369
2377 2607
3072 3310
1399 1500
697 2171
2281 2617
1480 3070
304 1901
352 564
2057 2962
36 1402
2230 2881
1873 2623
2778 2846
2984 3396
1182 1783
1939 2365
2151 2192
2559 2712
3269 3358
2379 3033
1981 3256
1498 2796
2130 3035
2435 2735
2655 3158
1356 2781
1581 1850
2120 2816
2298 2675
1116 1162
1552 2879
1312 2368
1938 2335
3187 3321
142 2202
2890 3150
453 3383
1277 2432
345 3042
2350 2930
120 3278
2084 2308
198 2667
375 1176
24 3191
2159 3365
1447 3106
639 2924
2294 2345
1534 2381
1706 3328
1949 2036
1529 3080
412 2668
924 2535
1125 1987
2962 3099
366 3018
3144 3346
1954 2813
1478 2396
1674 3394
2983 3208
1925 3074
1970 2020
605 2700
1989 2825
215 937
1488 1689
2112 2237
2818 2949
1872 3009
1400 3134
2582 2620
2620 2634
2710 3046
2338 3334
1508 3306
1864 2445
1713 2906
786 1541
2799 3286
1522 2671
110 1349
1146 2808
3378 3381
2310 3050
653 3046
1393 2924
777 1511
2942 3049
2806 3296
265 3156
2763 2860
1604 2677
3011 3027
702 1776
2737 2800
2877 3397
2341 2709
2103 2367
376 411
2824 3078
2872 3072
2389 2469
1861 3121
3057 3386
105 546
3045 3285
2549 2713
391 923
1784 1939
1547 2213
1469 2715
2301 2979
2627 3250
1266 2671
3209 3265
56 1595
841 2752
1176 2999
2521 2662
2431 2633
2049 2427
125 355
1440 2777
2077 2093
235 1245
1327 1963
203 1103
2241 2546
2093 2122
65 882
2515 3252
963 2813
785 1420
943 2578
2361 2513
471 3073
1277 3138
1953 2881
1057 2073
778 1549
2658 3324
2902 2991
2979 3394
799 1091
874 984
830 2807
2215 2533
3141 3209
2876 3178
982 2127
2264 2822
1287 3133
1286 2720
899 2397
3370 3390
2043 2888
3121 3260
1320 1410
3352 3360
3156 3258
954 2648
1779 3314
2749 3270
2656 3203
1342 2324
1793 2416
2570 2780
1971 2490
357 1255
898 1498
1281 2931
3068 3173
1919 2761
49 3376
350 1273
832 2528
2293 3203
2051 2571
819 2755
510 2370
2361 3346
2240 3112
122 1860
669 1201
657 2773
2705 2847
298 1991
1348 2714
372 1011
1247 2924
811 2896
2472 2732
353 2065
1711 2713
2923 3225
412 733
1757 3030
2890 3374
2073 2439
3040 3175
237 2094
1441 1499
2067 3050
3218 3245
2911 3254
2166 3099
1107 2497
600 1850
714 1701
626 2225
3253 3357
1656 3129
1977 3005
2737 2753
2141 2882
973 1008
2501 3052
688 2324
2041 2369
3169 3356
847 1871
857 2226
1677 2665
1309 1702
2127 2307
2510 2812
1613 2035
1401 3362
1548 2031
887 1057
2260 2534
1658 1764
739 1220
1598 2493
1035 1715
1539 2866
1970 3281
2068 2988
997 1957
2426 2504
2418 2924
1882 2914
1473 1883
2434 3020
3357 3363
1714 2675
3255 3388
2935 3304
1318 3001
2795 2974
1544 2909
691 1380
3289 3295
3306 3352
1924 2772
624 810
3304 3309
1200 3393
1500 2858
2899 2968
880 1579
210 1695
2422 3014
2118 3281
630 3399
2603 3248
3248 3385
1315 1955
1711 2942
143 1852
3107 3175
110 2224
3162 3241
2948 3090
178 1722
1946 2600
2720 3306
2486 2907
1031 1503
1902 1932
3064 3391
768 2819
105 868
3145 3235
2246 2645
45 422
1745 1840
503 1693
2117 2805
224 2955
2999 3037
2952 2988
2188 2655
1521 1649
2671 3292
2163 3296
2693 3276
3367 3370
2840 3109
214 3147
2903 3049
19 987
1745 3034
2295 2383
1826 2010
2190 2401
760 2986
2312 3084
979 3162
509 1822
2503 3179
311 3223
1608 2101
1477 1579
2938 3373
854 1414
3166 3360
3249 3371
1423 3014
316 2976
3071 3350
410 978
1407 1437
2925 3390
1749 2051
559 902
1165 2991
112 781
960 2078
418 1348
640 1520
1326 3039
672 2821
1935 3083
381 1299
2792 3225
114 143
595 1241
1292 3294
2882 3297
388 755
841 2768
1648 2305
1931 3126
359 2698
195 1112
1386 1991
1554 1729
2195 2961
136 1078
496 3204
2347 2580
1386 3152
811 3307
952 1062
44 2678
2691 2954
2728 3270
393 2392
116 2180
628 2584
2716 3363
575 1875
2415 3204
1349 1429
1783 2204
1200 2395
1736 3140
265 2395
3351 3385
3260 3293
1136 3260
2229 3359
1563 3163
889 2017
2826 2885
3388 3389
2918 3033
1352 1828
2270 2875
2391 3079
2418 2591
1489 2013
1903 2692
593 1310
567 673
1780 1843
238 3366
3072 3256
372 465
1093 2603
2315 2762
1800 2079
1154 3241
1291 2284
1159 3103
2802 2925
408 1172
1583 1613
704 1343
1446 1455
3045 3060
173 3006
1611 3276
2393 3308
3385 3398
2254 3257
372 558
786 3227
695 1097
935 3222
1810 1969
1504 3137
2906 3168
186 2700
79 2838
1440 2696
2230 2597
2620 2732
2697 2809
3335 3383
2069 2104
1705 2051
2425 2967
2432 2698
1372 3059
2660 3350
1493 2057
3309 3375
311 1135
1724 3053
285 658
772 866
2701 3121
108 2810
1051 1481
1430 1723
3230 3370
436 1535
1132 2509
541 2344
3274 3294
1953 2222
902 1249
270 1232
3381 3396
2924 3224
451 3376
2464 3399
2312 3379
2492 2863
2424 2929
2249 3321
1991 3311
2402 2597
1163 1745
2508 2769
2273 3191
827 2863
667 2533
1273 2021
2482 3179
1077 1796
699 1640
3386 3393
1379 1585
755 2104
2825 2964
157 3071
412 2171
2397 2487
1610 2809
456 2403
1080 1820
1082 3261
25 1299
1447 2356
2965 3281
819 2719
1543 2587
1486 3313
1375 1663
1152 3223
2141 3011
931 3330
1342 2137
2324 2711
402 1055
1303 2338
704 2316
1551 2585
2418 2547
1700 3158
2036 3076
2725 3139
1639 2005
1898 2973
2431 2919
1857 2548
2173 3375
2992 3381
508 2424
2246 2958
1747 2707
1724 2956
954 1199
1415 2276
2916 3259
1150 2638
1026 1468
863 3024
464 2708
1744 2138
1404 1628
1929 3022
3397 3398
2282 2665
260 303
2603 3348
189 1870
2623 2967
404 1448
529 1003
2906 3052
1201 2509
859 2312
2880 3324
735 1921
1190 2347
2466 3313
491 582
1803 2789
979 2863
1048 2218
810 1511
455 1014
1331 2333
785 3326
229 678
3142 3201
416 2790
1417 1878
117 1456
2101 3264
972 1095
3370 3374
3093 3286
2663 2717
2473 2709
1139 1381
2300 2757
511 803
1962 3140
823 1174
2293 2770
453 2809
197 1619
2122 2526
2076 2615
2351 3015
1281 1779
1948 2818
1357 1950
2693 3078
94 969
2222 2558
1002 2939
31 1284
3355 3356
1306 2516
2756 3136
2262 3222
2096 2339
1872 2721
1915 3061
267 3346
3085 3322
137 2669
658 2995
1712 3004
605 1190
2927 3331
303 2775
2836 3164
757 3118
2817 3124
685 1507
3002 3307
1493 2005
2559 2881
410 2664
1386 2592
552 2096
1958 2801
684 2947
2784 2816
898 1509
543 2965
1199 1454
1607 2277
3389 3398
58 1088
2039 2188
928 1423
2112 3034
407 1540
2766 2879
516 1714
676 3182
35 3246
2430 3267
221 1248
2674 2950
3211 3241
2705 3155
619 1636
1468 3285
2959 3091
3305 3358
2800 3000
967 2127
493 1359
691 2651
2244 3026
2500 3250
194 1521
3280 3323
191 989
780 3182
1716 2916
2111 3243
1764 2729
3326 3369
2059 2118
1829 2011
1227 1595
3260 3300
584 3197
1612 2533
55 2057
143 1096
1769 3045
2547 3045
662 2747
2852 2910
1521 2150
1973 3321
1208 1611
2674 3349
1576 2097
2978 3046
1912 2476
1948 3233
1797 3017
369 2176
356 1441
781 1004
2453 2872
2033 2761
2069 2704
3075 3314
796 940
1103 2521
1545 3371
2491 2941
88 1461
3146 3376
2251 3130
2002 2764
2102 2915
2538 3161
2690 3010
1911 1991
788 2183
1139 2114
750 3297
1079 2843
414 1677
2440 2503
2721 2877
3053 3123
486 1922
3381 3397
2722 2847
2542 3193
3001 3326
2611 2943
2270 2406
625 2441
389 2545
2772 2999
1872 2431
1066 1200
724 814
1456 1803
734 3079
1172 2774
2496 3159
24 2565
2525 2904
1143 2659
2628 3214
393 2329
2054 2306
704 2169
577 3345
1488 2031
611 754
2523 2905
3044 3334
1756 2017
2387 2917
1121 1376
3051 3173
1652 1931
1909 3035
2150 2753
1721 2672
2551 3191
1564 2161
1719 2796
2393 2697
395 2525
2875 3117
853 2285
1445 2034
1020 1396
2407 2721
3004 3101
3140 3267
2335 2451
100 1907
3337 3353
3113 3154
2648 2831
1191 3383
1969 2317
2062 2187
2523 3086
966 1575
2241 2514
2927 3245
1717 2125
2837 3155
332 682
2906 3299
1780 2687
2286 2341
3390 3399
186 1635
583 1853
1208 1861
2603 3180
3302 3397
1451 2752
2207 2280
774 1352
1600 3064
2535 2942
2630 2811
444 2036
1339 2904
3211 3328
537 723
117 1113
2912 3100
1508 3321
2613 2722
697 1323
2315 3108
2860 3192
1222 1516
1610 2225
1877 2371
917 1751
133 1820
837 2537
3219 3292
2775 2960
2315 2448
558 946
3195 3308
3391 3397
1831 3388
515 2832
686 1139
2605 3183
804 1125
2886 3159
1147 1247
1218 2433
741 821
919 1551
2425 2864
1848 2307
1244 1433
1488 3007
2701 2925
1331 1897
543 2448
2306 2651
2249 3105
1168 2090
1027 2239
3332 3349
2098 3270
1116 1964
1321 1620
1275 2876
899 936
1828 1864
1174 2602
1974 3251
2434 2448
972 2450
1534 2570
1459 3108
1797 1912
1841 2698
3310 3399
1526 3116
1871 2565
705 1812
1407 3161
2075 2182
1435 2797
392 1019
589 728
102 511
1879 3295
3269 3369
2742 2831
336 1130
622 1958
2361 2775
2884 3323
2766 3229
307 352
2225 2629
2294 3395
580 1537
1335 2597
716 3312
1844 2987
266 664
2684 3294
1692 2056
1118 2646
3091 3155
1396 1568
692 2295
878 2270
408 3215
2204 3350
2970 2981
1200 3132
3268 3326
2809 3145
1824 2875
291 813
2090 3295
478 2582
2067 2383
208 746
707 2739
675 1161
1176 3021
1295 2108
2270 2845
1279 1479
1728 1890
1917 2747
1071 1270
2630 3035
867 1772
1454 1713
2633 3260
2775 3290
2478 2483
2720 3248
2447 3266
147 2161
781 1688
2716 3077
2304 3359
2198 2622
386 3162
2031 2823
15 1996
3085 3291
2330 3384
1029 1608
137 1642
2121 3344
2478 2922
2445 2761
1806 2431
1972 2112
724 780
2271 2352
2619 3139
1860 2380
3354 3371
2562 3017
2284 2290
1212 3287
3113 3211
1073 3136
2318 2541
1427 2090
3387 3395
2685 3150
1560 1723
1480 2770
317 2891
3078 3268
1286 2626
2863 3117
3059 3227
2074 2414
1110 1612
1520 2890
2748 2894
1340 1491
3248 3270
2366 3256
191 655
2702 2979
1601 2598
1190 2580
526 2025
133 3073
144 1301
1089 2390
2935 2981
522 1407
570 2909
3347 3381
480 2166
763 1967
3193 3257
811 3185
2960 3191
2552 3041
1622 3099
690 1201
863 3330
1431 2306
723 1345
2072 2266
394 2528
302 3206
1674 2955
1933 2677
909 1557
122 979
2992 3172
2985 3058
2644 2764
1978 2821
2765 2842
1040 1766
1620 2051
2633 3115
2149 2246
1233 1785
2684 3257
2243 3301
1102 2364
2372 3275
2798 3349
2479 3042
1396 3111
2229 3186
2380 2509
1962 2422
2807 2916
2161 2880
1617 1739
129 2117
877 1013
3030 3324
718 762
2072 2983
1331 2830
3088 3365
3235 3394
2296 2837
1118 2356
1428 3392
3370 3381
2462 2913
1548 2174
2044 2726
1301 1615
924 3031
173 3304
821 2211
1585 2766
84 350
574 2489
321 1018
2265 2740
1694 3070
2001 2805
2843 3151
2010 2455
626 3375
1919 2354
2740 3364
381 2744
2940 3172
1 2465
2195 2910
3194 3317
1047 3058
3273 3322
2689 2857
2178 3340
3072 3332
1744 2140
581 720
411 1121
2127 3382
3194 3217
17 2213
510 2749
2668 2733
62 1008
2573 2898
593 2371
41 770
207 1694
1206 1392
1612 3179
2773 3252
2927 3152
2736 2913
3336 3347
1342 1814
197 1109
1157 3158
1594 2800
2614 3179
2356 3061
2215 2868
2272 3036
599 1423
779 3325
2543 3010
1445 1734
2866 3351
2708 3105
1725 2356
2375 3182
640 2781
2889 3286
1723 2440
2000 3080
1973 2179
1027 1546
755 2753
3308 3352
2883 3053
3229 3274
3056 3071
1061 3005
427 624
2536 2573
2765 3349
919 1298
759 2607
819 3027
542 2302
2519 2991
868 3034
1127 3012
2301 2434
1450 2411
2495 2623
1193 1801
1175 1642
2637 3050
516 2590
2597 2642
2786 2920
1606 1967
1943 2759
3331 3396
1939 2220
1790 2230
1178 1314
1894 2544
1522 2697
2943 3338
288 2845
1868 2276
273 3041
418 1212
828 2103
1656 2985
1331 1362
1429 1574
2447 3138
2100 2399
830 2444
30 659
1685 2013
16 1311
1912 2255
886 1578
1199 1201
3375 3397
175 1543
3064 3322
2531 2956
988 1089
1582 1899
2847 3114
1921 2051
2632 3356
1383 1485
3269 3329
67 1404
1615 2264
107 3021
2326 2902
2554 3019
787 2409
1796 3050
936 2464
2910 3039
2171 2506
2585 2634
1848 2557
2102 2321
1765 2101
331 1595
1901 2073
2930 3056
3038 3333
2504 3074
809 2399
3120 3305
1251 2653
1391 3280
2989 3015
487 3054
2294 2502
3213 3224
3240 3372
2364 3153
384 2874
2991 3210
725 3081
625 2627
1002 1480
37 1500
3141 3344
542 3066
3070 3373
476 1572
1549 1727
2516 3163
3366 3373
1755 2202
1793 2296
2833 2937
320 3177
365 2330
662 1871
965 2783
2031 2286
21 2198
2814 3253
2732 3146
990 1620
2935 3222
1052 3260
2893 3266
1103 2075
1603 1802
2867 2988
2124 2860
2707 2945
2679 2684
2464 3243
1928 3066
1079 2632
1648 2522
2052 3015
1424 2443
2977 3395
1584 2653
3012 3092
3293 3339
2669 2856
2423 3015
3302 3358
2644 3318
795 1066
130 1987
1794 2397
2750 2802
1635 3058
1179 3332
3052 3250
1859 2292
1825 2249
3261 3328
388 2519
1323 2312
1953 2320
1795 2911
508 759
1824 2349
1094 3310
1558 2595
2959 3161
2684 3019
1324 2008
2026 2620
1522 3299
3100 3265
2492 3373
1197 1652
887 2216
2597 2638
47 1449
3041 3282
2609 2789
703 3303
1894 2182
1483 2643
1135 2994
1964 2047
3370 3390
1299 3179
1443 2091
2812 2819
3059 3374
2903 2983
739 2810
2193 3058
155 2404
2557 2869
2083 2181
3113 3188
1158 1619
1155 2081
2721 3182
581 1585
2489 2631
2795 3145
2620 2946
1512 1954
825 2387
3272 3291
2032 2522
2359 2608
3322 3346
2824 3280
2584 3270
1675 1759
1288 1308
2386 3202
1691 2463
1509 2271
46 1162
682 2776
2843 3345
459 3341
3070 3213
2764 2795
1029 2440
875 3307
1474 2824
1584 2730
1567 2810
843 2047
1573 2395
846 2571
1902 2755
1662 2916
2743 2826
3286 3369
3253 3311
2596 2956
620 2620
1577 3209
2874 3245
3032 3163
1823 2137
3046 3324
960 3394
651 3138
2143 2797
1898 2834
1155 1802
1930 3007
669 2555
1589 3012
1231 2120
274 402
2764 3346
235 3063
1820 1996
3303 3327
2010 2480
3206 3322
1915 3040
1601 1665
1241 1644
2217 2315
1929 2716
398 1490
398 3036
2596 3074
48 2065
2320 2806
878 3356
1228 3359
1373 2721
1920 2338
147 192
461 1066
1646 2262
984 1289
2913 3285
1538 3123
3160 3224
2459 2550
964 1698
800 965
1411 2832
1394 1993
2486 2893
1112 3191
3241 3397
63 1306
872 1669
3107 3386
2797 2912
1159 1761
3206 3215
3124 3289
1569 2637
2691 2936
1322 1728
735 762
1420 1486
3215 3325
2108 2893
651 1013
1300 2669
697 1821
3068 3080
2101 2658
3110 3139
1440 1721
2806 2995
3395 3399
1366 2038
1905 2792
1510 2639
1485 2236
865 2719
983 2628
887 1241
2085 2091
1899 2451
408 1778
539 1653
2798 3057
2249 3092
671 2203
2556 2946
872 2463
2957 3250
268 835
259 1040
1805 2663
3266 3355
25 1012
314 3334
2888 2951
1722 2868
424 2828
2887 3072
1798 2695
2680 3361
1617 1875
1681 1701
168 819
3192 3247
827 2470
999 2493
1067 2513
1169 3326
1168 2815
795 1421
385 635
0 655
735 762
329 2518
72 2035
290 2111
1214 1892
1593 2355
3240 3352
3140 3173
2704 2917
1810 2034
434 1806
3277 3364
1859 3334
1272 3051
934 3354
3303 3338
2177 2793
1770 3045
714 3301
921 1601
537 1910
993 2095
1648 2712
1366 3202
2390 2632
1834 3122
3184 3299
194 532
2089 2646
2584 2657
1246 2067
1194 1986
2784 2836
66 2640
2295 2945
1633 2664
3012 3127
72 1601
1160 2925
1354 2252
2799 3007
1664 2427
1916 2518
1484 2755
992 1119
1930 3166
1573 2818
1344 1706
2160 3236
1250 1529
645 3382
257 787
1856 3074
321 765
3307 3310
1147 2830
974 1978
3360 3395
2115 3107
35 1651
730 1939
908 3150
266 1347
2741 2905
2425 3262
1527 2404
2138 2420
1296 1463
3233 3290
145 1046
1196 1326
2853 2957
677 1971
872 1081
3031 3379
3196 3261
633 1148
283 2757
545 2427
2256 2890
2436 2635
2012 3138
974 2449
2526 3242
2345 2544
590 737
123 196
890 3042
51 1262
1903 2515
1516 2456
1480 2262
82 597
626 1584
2319 3325
367 2830
1085 2851
795 921
3347 3354
769 2725
2097 3369
1178 2095
440 1915
2490 3262
3129 3173
646 2522
806 2842
1605 1820
632 2898
2844 3149
593 2110
1813 2181
1579 3361
2415 2661
3171 3189
831 1851
595 3341
2752 3330
600 2644
3392 3399
710 1590
3218 3394
90 1837
685 2302
3273 3288
1239 2741
2725 2814
1939 3279
2457 3015
1022 1517
1053 3103
2815 2962
3010 3298
119 2654
3305 3325
2228 3336
1245 3158
1906 3369
1646 2489
3211 3267
2634 2700
2617 3098
252 1521
2870 3107
824 1142
489 1377
2132 3160
1948 1994
2340 2373
3268 3278
989 1465
2198 3102
1472 3087
948 2912
2219 2255
549 1196
1211 2484
1436 2854
2670 2970
677 2334
225 1870
2447 2563
1748 2182
412 2173
1528 3358
1031 1427
3061 3373
1370 1670
2625 3030
2361 2871
2999 3017
206 2461
1467 1550
2625 3070
697 1352
264 437
390 2276
2806 3089
2000 2268
125 1890
2117 2371
1749 2068
367 881
805 1553
1535 3327
389 2126
1539 2301
1711 2296
795 1173
1590 2919
1886 3140
85 2386
2964 3251
1654 2407
2533 3272
3154 3173
2632 2756
738 1329
965 3277
1598 3152
1151 2620
2764 3282
1241 1787
597 1694
1673 1807
597 3135
1241 1516
934 2085
1174 2386
224 2581
1825 1854
669 2346
3194 3265
3138 3316
3179 3293
2394 3313
2866 3217
2750 2938
1679 2451
420 2752
1124 2963
439 3204
382 2040
1879 2763
1508 2727
3103 3187
2136 2929
2606 3074
504 2750
2946 3391
216 1212
1901 2400
1153 1340
746 3291
1773 2141
1654 2611
912 2220
1163 2085
444 2030
833 1835
2074 2388
1860 1985
131 3396
394 2983
2655 3315
2862 3267
1447 2854
2971 3275
2062 3302
1632 3090
3206 3307
2142 2950
303 1573
3203 3286
190 3130
1576 2615
2976 3126
2522 3057
1504 3397
3109 3136
1533 2041
2702 2825
161 1787
1224 3072
3119 3324
372 1783
2969 3364
1795 2388
764 2439
2828 2876
811 2666
1621 1871
2923 3151
543 1937
1970 2698
3348 3366
1222 2145
280 1206
1192 2093
306 3206
1582 2239
96 569
657 3331
2466 3097
1001 1813
2510 2975
1371 1678
1214 3134
1516 1981
2897 3247
1307 1532
