1800 3600
400 1394
1532 1798
664 1169
1315 1573
418 793
283 543
838 1075
1178 1438
619 1438
1753 1764
1417 1627
213 356
100 1025
782 904
1507 1683
1112 1157
1678 1793
275 1267
851 1344
959 1792
1761 1773
1212 1423
431 1295
1751 1767
1254 1551
869 1177
194 959
1676 1776
1464 1594
1195 1547
1473 1635
759 1629
1498 1720
618 1371
1518 1725
106 921
1221 1416
1001 1312
1332 1406
1265 1701
641 1345
1280 1544
1042 1540
258 1006
1329 1577
473 1396
1581 1735
1616 1798
787 790
911 1286
1574 1788
1605 1774
1532 1629
748 1146
1391 1420
452 812
945 1431
983 1341
977 1752
720 1538
1070 1621
899 1577
668 1150
620 1358
1087 1481
1406 1532
1406 1767
184 987
305 497
875 1051
381 1494
806 1527
213 1436
762 1157
113 387
617 796
93 333
1138 1536
1348 1464
1118 1408
32 778
1730 1732
214 965
14 43
610 712
394 931
1422 1650
379 810
1525 1656
123 1654
216 1622
1656 1745
1020 1145
268 1314
1275 1647
1165 1638
674 1562
1298 1766
1026 1737
1339 1502
203 1743
1300 1659
288 1507
266 678
636 820
503 1307
101 1010
1155 1404
1044 1345
1479 1602
1670 1679
201 1070
1582 1693
1454 1499
452 1542
717 1105
37 1508
9 928
1704 1742
1170 1197
353 1746
533 721
1052 1388
908 1373
1530 1787
877 1370
156 1531
1537 1688
267 468
1552 1693
887 1533
930 1778
1304 1329
1515 1618
523 892
1392 1430
569 1340
1284 1342
876 1310
1172 1311
187 871
636 659
471 1682
1607 1754
5 1315
490 1774
1037 1787
1613 1691
1085 1254
1078 1415
1331 1668
72 1432
121 675
474 949
538 1605
118 854
75 307
319 1512
840 1174
481 613
941 1345
287 1005
158 316
578 1628
1070 1661
1468 1629
1650 1724
1467 1725
1682 1799
772 942
1488 1618
1262 1411
668 1406
204 663
765 1124
938 1086
1526 1544
1491 1675
786 1640
649 1387
744 1133
55 256
1741 1787
187 458
466 1580
768 1091
159 1784
27 1523
997 1142
769 1411
1116 1167
1686 1748
179 258
1778 1793
1537 1789
99 1399
1206 1262
24 1794
620 1434
1021 1073
1537 1693
1580 1598
260 1260
387 588
526 1373
55 630
1444 1523
217 747
333 1042
1552 1735
1766 1796
657 1456
1685 1780
1710 1761
54 702
49 964
1392 1682
761 1643
396 916
874 911
540 1497
417 1489
1394 1453
857 947
1576 1675
15 433
275 1539
794 983
1283 1395
589 1495
1181 1444
1241 1762
1750 1778
1699 1714
773 856
896 919
319 521
43 666
742 1067
588 938
1755 1777
936 1706
1386 1741
161 352
228 1347
717 912
1277 1582
392 517
1116 1732
1591 1635
1033 1666
1354 1781
1142 1531
1193 1249
969 1583
1138 1140
1756 1761
1045 1378
798 1319
474 1634
314 454
391 1611
1009 1256
559 632
1321 1730
1081 1632
595 1395
131 1498
1736 1770
764 1152
1218 1486
1026 1188
557 698
1626 1722
9 746
982 1650
1514 1531
78 1280
399 898
1633 1639
1606 1760
1194 1707
666 1407
1011 1694
268 658
1296 1634
670 1552
1536 1619
403 872
1451 1735
1171 1488
1691 1728
1244 1286
1567 1698
4 441
1506 1780
1515 1600
620 1443
1436 1727
1549 1655
640 1525
1348 1702
1469 1582
1646 1731
205 1264
1085 1757
1720 1728
1676 1725
1624 1734
744 1341
571 1512
1060 1548
1357 1706
1356 1626
1319 1525
1439 1537
137 958
1183 1259
210 282
588 1210
1119 1742
1767 1789
1562 1644
1178 1701
1146 1488
1660 1668
1488 1525
176 940
1065 1472
58 324
1539 1799
1773 1785
1290 1474
283 1605
1430 1788
1700 1726
1243 1413
1662 1766
1436 1749
1349 1492
1274 1481
700 1715
1562 1664
1177 1598
605 1742
213 1154
1455 1647
7 1526
1244 1645
1302 1624
261 853
1420 1711
311 822
1082 1778
1616 1726
1230 1618
1050 1299
1430 1454
1034 1399
1490 1647
463 1360
1528 1623
1534 1795
1643 1749
584 1617
1489 1758
964 1429
1541 1642
833 1614
1337 1457
139 323
1511 1700
976 1332
1731 1798
1039 1592
538 632
333 1644
782 1326
23 1026
1276 1444
204 918
1722 1784
252 526
1349 1439
204 1372
1135 1202
1662 1685
751 1380
950 1302
171 1163
1221 1563
1401 1677
835 1260
1101 1628
102 167
143 494
1314 1530
439 1475
82 1527
683 1401
733 1552
616 666
142 338
1477 1682
1046 1157
104 554
1596 1639
860 1218
228 1150
1088 1130
1096 1717
1144 1627
939 1605
825 1539
766 1721
604 884
1765 1785
993 1184
666 1261
394 732
1353 1675
891 1424
11 1150
298 872
1480 1549
484 920
1696 1698
638 1033
73 312
698 1622
174 1089
856 992
600 1661
1436 1766
977 1611
539 880
1459 1511
974 1523
528 1669
1651 1672
64 890
1600 1650
1142 1774
262 801
510 551
660 1252
887 1658
1368 1503
1079 1791
1713 1787
197 574
1003 1502
403 889
1573 1652
1718 1749
1720 1795
97 1781
51 1492
830 947
618 1339
834 1151
877 1390
434 1679
1178 1344
1408 1580
898 1476
1419 1621
500 650
1406 1565
643 733
780 1269
195 1070
1191 1470
813 1085
1446 1711
320 571
368 697
1071 1425
531 831
762 1147
712 1184
1347 1526
1677 1793
1242 1552
1272 1533
1070 1129
1590 1591
1279 1533
925 1304
579 1496
142 244
56 312
1762 1780
709 985
1722 1743
370 382
230 256
891 1216
1599 1793
843 1162
1781 1792
270 1425
1048 1206
1790 1799
1559 1753
574 1062
580 589
49 98
857 1162
486 1370
1464 1580
1386 1546
244 553
187 926
1542 1545
585 1589
362 455
835 1320
955 1200
866 1057
895 1321
1483 1657
408 943
735 1588
630 688
399 741
879 935
221 765
1169 1360
863 1528
1360 1487
44 62
1079 1657
1167 1640
1390 1625
140 694
353 1286
824 1517
78 1243
1727 1779
841 1179
783 1244
563 592
1542 1616
1396 1664
1734 1767
638 1556
1390 1574
22 1412
986 1679
222 1348
1357 1634
1568 1752
306 481
159 396
1423 1654
978 1049
332 865
1583 1777
24 950
188 445
1091 1617
648 1251
58 573
1029 1720
327 1242
457 1082
886 1031
795 1472
1771 1775
1729 1783
1071 1762
363 701
422 1549
1697 1733
312 1598
1453 1728
152 808
1630 1722
1539 1643
416 1336
1201 1727
1109 1786
1593 1618
486 842
1035 1265
26 1396
993 1155
1268 1501
112 1429
1659 1709
496 643
726 1764
1289 1699
627 787
884 1254
1657 1674
1459 1709
789 919
269 290
1088 1280
1019 1794
1745 1773
624 1072
589 1216
26 703
1599 1600
1721 1777
1288 1538
1352 1466
852 1734
943 1187
737 1257
571 1194
742 1352
276 412
1507 1777
41 1416
1395 1656
478 1289
1107 1458
386 1235
1183 1238
330 510
391 642
480 1163
1554 1767
364 984
1717 1756
691 1172
1477 1729
886 1490
628 710
1583 1617
974 1451
1637 1681
1789 1799
333 945
270 537
868 1400
1797 1798
1249 1526
696 715
1451 1461
907 1581
495 992
752 1327
795 1177
1718 1747
498 531
144 1556
985 1340
1008 1245
1432 1668
1031 1153
1467 1684
1633 1653
39 487
1015 1442
1786 1799
752 831
1521 1606
703 858
308 475
1295 1422
1752 1776
416 1460
425 1578
123 151
894 1535
1566 1647
1127 1596
814 1102
1518 1573
1265 1674
818 890
1183 1305
1502 1528
153 1122
725 957
1582 1681
1336 1406
144 1204
925 1175
1219 1573
809 1535
1786 1795
58 471
1195 1508
1564 1650
985 1248
1412 1422
1524 1540
196 519
802 1221
609 1003
870 1586
1766 1797
1086 1226
1527 1754
847 1308
923 1496
1043 1778
1753 1768
403 776
378 917
1256 1769
1677 1697
835 1592
307 1221
399 1284
564 1748
1552 1751
939 1361
1151 1375
39 1160
1552 1771
1645 1688
438 561
533 1019
727 1305
94 1088
1112 1213
1036 1116
442 653
1505 1568
448 1506
773 1768
1206 1535
931 1495
1534 1798
1262 1458
1038 1206
1011 1180
1777 1781
1533 1734
109 1784
1220 1770
480 1186
1074 1316
139 1470
705 1393
245 1460
113 1639
1742 1760
1449 1655
679 1613
1701 1752
661 1640
331 828
14 61
724 1616
22 380
38 82
319 1428
707 1537
716 1445
1646 1726
177 421
629 1414
1456 1605
893 1797
972 1261
1089 1710
804 1586
1347 1660
1505 1618
459 684
332 1764
1527 1612
547 913
1041 1680
137 1756
146 712
1256 1413
339 1003
794 1273
194 284
195 1676
1713 1797
1070 1325
523 1267
557 896
1369 1732
1017 1141
1127 1369
49 1513
1330 1519
805 1558
1004 1772
31 1369
139 1107
1548 1757
1664 1786
846 1121
999 1504
587 1377
535 1369
793 892
1387 1458
9 828
531 578
1669 1704
3 1528
70 245
313 368
681 810
842 1361
494 1135
863 1423
1406 1409
1729 1768
686 1014
133 548
1372 1394
680 1138
1347 1684
788 1197
17 587
157 1154
946 1263
1471 1594
644 1337
1209 1400
1133 1553
712 1689
1608 1635
722 1279
1141 1785
1334 1680
136 1540
1111 1166
825 959
283 900
584 1582
1482 1625
1063 1108
62 1015
1004 1276
1017 1174
848 1245
506 1606
449 1625
681 805
71 1140
639 953
421 709
1723 1736
79 1119
595 1725
1645 1661
897 1247
404 662
655 1598
827 962
1133 1300
680 1475
1780 1788
876 1542
1795 1799
249 600
802 958
1130 1229
1334 1522
1109 1758
13 941
1038 1351
813 1797
273 1387
275 1094
1087 1669
1052 1408
779 1494
1541 1747
1573 1689
1329 1378
311 1389
437 480
101 1005
117 716
1491 1782
346 1280
1446 1772
413 787
1113 1592
1605 1725
1671 1684
377 637
1395 1649
290 1774
166 1785
1767 1788
1760 1761
83 1723
1698 1720
1353 1666
1000 1040
984 1329
473 1517
856 1275
1328 1483
74 1451
385 1420
1740 1746
594 1408
748 1208
740 1330
1493 1755
1497 1757
1390 1485
280 929
1114 1163
173 1598
220 1266
1196 1314
948 1721
488 900
784 1333
724 1069
1095 1432
1623 1674
1602 1758
1701 1796
192 1130
682 1575
17 822
292 979
226 989
9 584
533 1344
1342 1540
313 988
1340 1524
206 985
1334 1339
143 605
43 1664
568 1208
1296 1681
671 1076
392 437
183 412
668 1100
551 1738
163 1766
53 577
1259 1632
869 1731
1432 1534
1582 1772
1691 1723
467 962
36 920
317 817
1466 1735
1112 1569
1658 1659
1215 1354
1200 1500
1726 1745
840 1605
330 1040
1198 1272
513 672
1149 1318
605 1176
1554 1655
1040 1675
78 542
855 1643
1615 1713
195 1532
539 1593
1754 1764
983 1759
1222 1523
1012 1315
914 1182
541 1366
1049 1527
1099 1680
821 870
1344 1590
707 1794
1618 1650
276 672
80 991
487 578
402 507
383 542
953 1013
1286 1777
711 1434
1256 1724
223 567
90 799
755 1265
1388 1540
795 1733
1212 1726
216 1482
485 1411
1460 1561
412 1341
1652 1782
1198 1300
1596 1645
962 1360
282 1714
1754 1757
672 1315
41 1785
62 1056
1297 1673
447 657
156 731
1125 1405
1499 1558
1055 1129
1078 1518
952 1576
1644 1722
1150 1152
265 1703
257 1379
1706 1713
1532 1734
413 1429
889 1797
1651 1758
273 846
312 594
350 1202
1238 1785
611 1360
643 1469
1428 1535
1377 1769
539 1050
479 1511
365 1556
396 1153
1533 1606
1556 1566
1167 1495
1298 1545
237 412
524 1219
697 1605
849 1707
1049 1748
326 1161
1148 1328
1224 1289
64 857
926 1013
958 1680
1387 1409
1161 1497
464 904
1592 1766
909 1718
172 1663
511 1762
106 1394
1127 1556
1435 1630
1437 1459
1189 1613
1446 1689
1541 1593
1388 1591
500 1563
1433 1684
481 1553
1474 1561
132 1310
1057 1565
1462 1511
236 518
1097 1715
1269 1433
904 1798
549 860
194 1398
0 703
270 1502
593 1654
90 120
1365 1388
771 1001
1302 1436
510 661
1039 1718
1357 1511
464 846
1369 1610
916 1173
640 684
1005 1726
55 1265
1153 1418
53 465
1136 1241
835 1495
1474 1739
543 1126
400 742
1556 1742
1068 1189
1185 1587
581 1457
878 1490
813 924
340 591
1373 1636
772 849
1355 1731
569 775
181 1760
1200 1467
1247 1248
267 1384
229 1291
147 504
978 1689
369 1134
937 1349
1780 1798
845 1409
1545 1659
1770 1776
651 1423
874 1267
1112 1510
221 1274
294 1611
707 1676
575 775
375 647
1487 1552
626 1551
624 1397
1302 1532
1440 1473
921 1489
442 1643
1780 1792
343 1088
534 1451
209 623
479 1394
1287 1361
699 1796
1580 1660
1239 1607
1339 1698
140 835
970 988
1016 1372
38 898
794 1271
376 1462
1473 1555
898 1477
450 1036
802 1637
1679 1686
56 712
1570 1591
568 618
792 1590
1434 1787
1744 1782
353 588
1675 1700
1117 1532
654 704
348 1288
179 1026
1687 1791
170 1676
900 1225
1361 1749
1595 1722
1574 1708
701 1531
245 1540
807 1475
1020 1754
206 1479
1747 1796
120 1127
1055 1577
1683 1758
1197 1418
42 713
55 1615
332 558
1404 1685
842 1622
78 471
609 1593
441 1013
645 794
560 751
101 1694
1559 1619
688 1609
531 1636
1342 1437
243 546
1050 1346
1752 1753
1715 1741
701 1248
767 785
251 1459
649 985
478 484
756 1268
721 1433
1302 1489
736 1056
1610 1678
119 592
1483 1704
525 1047
536 1129
900 1780
1692 1754
164 202
550 1490
1134 1429
1622 1730
1454 1712
800 1394
306 325
1353 1652
95 1437
1768 1779
1592 1780
1291 1594
1155 1364
37 1693
1046 1209
16 709
1749 1770
308 532
232 1319
1264 1513
865 1710
74 1523
1205 1285
1588 1787
1381 1789
8 127
779 1340
436 440
1387 1493
378 716
122 1737
721 973
1056 1446
732 1700
1693 1769
543 633
749 1200
1690 1732
1116 1621
1039 1367
548 1536
813 845
812 1091
991 1727
1195 1462
757 869
962 1250
681 1423
1442 1671
375 1133
686 1558
1437 1669
1720 1752
4 1764
759 1199
188 1097
1367 1622
1144 1778
400 1311
1570 1775
838 1033
1360 1365
1193 1565
54 1682
1408 1533
1081 1507
1003 1634
761 1292
1495 1654
325 1740
593 1162
238 602
1236 1650
819 1344
1149 1711
1750 1788
1024 1205
695 1633
480 1111
1544 1596
670 1464
1056 1767
1276 1424
153 495
3 1188
32 671
1608 1741
150 775
416 756
1383 1524
1330 1643
132 1344
497 810
439 1063
774 878
831 1144
1224 1275
182 392
277 348
1189 1574
892 1593
1710 1769
768 1646
635 1305
1713 1761
1531 1768
1761 1768
1390 1420
1686 1747
1282 1513
771 1277
1792 1795
620 1682
547 1200
916 1264
454 1482
1241 1752
549 1254
1445 1517
903 1514
806 1584
430 1712
584 1183
1165 1570
672 1676
234 595
1245 1638
32 1186
412 1506
1119 1166
1179 1683
1625 1658
412 953
1443 1604
513 1059
434 1612
1477 1559
28 1451
145 748
1657 1744
1147 1717
521 1746
1641 1669
1084 1695
1154 1198
989 1485
1510 1538
1289 1712
71 1663
1620 1707
341 989
1352 1464
659 1536
1647 1788
201 1248
1206 1705
102 1378
592 969
842 1611
119 955
1778 1783
1631 1691
416 1579
891 1581
1746 1780
660 985
1665 1675
1163 1185
1210 1319
1043 1156
539 1048
310 1764
1480 1736
1491 1561
9 822
179 548
690 1062
1178 1414
988 1206
393 1251
453 1334
576 579
1587 1598
624 756
817 1298
1788 1789
1613 1710
1552 1564
1704 1797
1564 1755
976 1155
523 1753
472 526
674 1497
1144 1249
839 1788
911 953
1172 1581
80 1551
306 913
1157 1202
517 641
834 1135
648 953
844 985
1050 1557
1193 1753
1529 1559
295 1572
1706 1777
1734 1753
1489 1631
389 742
615 1681
682 713
714 1532
517 893
638 735
1540 1619
1462 1616
1721 1741
822 1252
417 1281
1172 1615
1054 1770
1492 1497
167 504
572 1396
68 1204
550 660
183 622
361 1000
121 1210
874 1035
1166 1678
1476 1655
1120 1549
1369 1781
1383 1573
1493 1772
1189 1307
1325 1560
733 1676
652 1249
120 1210
869 1145
501 1172
225 1400
726 1097
1733 1787
1727 1790
436 1072
800 1449
297 665
1141 1177
94 1044
969 1320
1673 1738
563 1319
1541 1787
545 608
177 1706
1589 1787
379 966
972 1280
1447 1672
792 1799
1562 1564
725 931
1643 1789
1052 1498
116 576
1581 1600
1127 1565
762 822
1034 1112
270 1003
577 1500
601 1306
1322 1586
521 1375
1498 1554
655 930
214 278
395 1762
1600 1711
1416 1774
860 1685
346 1642
1288 1354
1782 1788
545 693
1345 1746
1558 1670
990 1215
585 1471
842 1180
448 760
1088 1673
714 721
1155 1261
1472 1678
475 1651
88 1164
1044 1719
329 1670
212 862
187 1520
1763 1772
1425 1521
1021 1340
1607 1755
1270 1413
319 457
772 916
1089 1175
1064 1253
1162 1458
1588 1688
1637 1792
835 1681
598 1153
634 657
1195 1245
1486 1759
36 585
947 1677
1440 1724
1712 1750
628 1184
47 305
319 828
505 1352
1120 1273
1121 1592
144 739
1144 1788
1034 1049
1650 1695
1385 1433
940 1396
1243 1754
1164 1654
1778 1785
495 567
993 1043
655 1581
238 585
993 1666
1272 1705
318 907
1674 1717
1073 1641
1575 1751
1367 1624
800 1779
1538 1632
449 701
917 1275
741 1569
277 300
643 1154
618 1198
1017 1302
78 363
1096 1343
591 1331
1536 1605
1269 1625
1378 1663
160 1393
1269 1333
1622 1639
138 1041
185 1166
914 1160
1646 1751
333 1222
381 835
1461 1482
523 1284
1290 1380
554 923
55 1616
731 1363
1303 1697
1310 1370
233 547
1133 1264
1400 1724
1353 1772
328 1661
1305 1577
1679 1727
757 1744
855 1030
282 1083
941 1296
891 1004
598 766
1762 1772
1511 1751
1606 1783
329 1478
397 1497
552 940
308 1026
339 1199
1605 1777
1047 1197
687 962
1761 1779
1638 1703
398 1139
1594 1772
962 1478
1179 1544
1271 1443
754 1021
644 1490
187 393
565 681
1224 1612
810 1418
623 626
419 1103
1712 1732
1260 1369
1649 1742
288 390
861 1090
1325 1482
1488 1568
1315 1788
118 1384
1028 1172
1314 1713
1246 1638
471 1251
128 1209
1424 1521
194 809
698 849
244 285
1377 1448
1220 1660
1528 1796
30 950
733 1057
1098 1693
1501 1592
1697 1756
76 178
363 737
507 1082
1525 1791
466 626
1780 1787
580 1794
882 1088
24 1235
281 1447
1686 1782
544 1179
516 933
398 1716
143 1168
1127 1269
855 1258
1671 1688
1118 1338
469 1563
318 507
739 1561
365 1458
1207 1456
1154 1500
1067 1371
413 1600
595 1318
397 592
696 1734
116 967
1561 1564
670 1579
1376 1633
980 1456
466 778
1270 1357
1403 1659
1092 1283
732 796
1397 1665
1359 1600
30 606
178 351
1475 1679
504 681
1322 1460
1764 1774
1790 1795
382 1372
991 1685
927 1743
1580 1774
592 982
309 371
1139 1604
487 1337
246 1444
723 943
1140 1736
1741 1760
994 1115
1439 1474
346 1240
1582 1732
1145 1493
178 363
1505 1661
1663 1737
123 1047
1611 1683
146 1007
586 819
368 543
169 578
700 1008
739 1587
568 1108
1328 1332
464 926
266 436
1142 1760
450 1195
75 1376
1504 1728
116 1278
474 945
989 1024
218 1241
1726 1778
439 1469
307 832
631 1290
1283 1726
338 1531
809 1524
808 1272
1147 1383
1235 1362
1023 1771
86 357
277 1344
453 493
188 1217
1522 1592
879 1525
632 822
741 1347
379 1462
1243 1795
1110 1314
50 660
1146 1783
1379 1458
1150 1391
604 1140
1273 1694
1504 1595
799 1695
813 1045
419 1236
1259 1527
1786 1796
1489 1570
204 318
909 1726
1326 1687
798 1221
1691 1765
511 919
1255 1296
717 1695
120 1446
1471 1605
22 1638
1221 1516
1271 1523
77 1775
485 1361
1277 1540
1088 1107
910 1536
1631 1747
1587 1613
533 1360
794 1213
561 1712
1560 1624
828 1030
1321 1630
1355 1553
1443 1578
1101 1141
1765 1769
1042 1044
174 941
554 1272
1429 1795
1019 1206
834 1596
320 555
881 1631
1607 1668
1106 1128
219 1111
44 1299
1389 1634
847 1516
484 1705
1205 1737
1721 1794
1441 1524
832 926
409 1684
1719 1729
641 1208
274 970
552 902
193 661
1086 1339
799 816
226 622
1413 1663
225 418
1089 1333
46 1544
1461 1478
1329 1776
1484 1702
407 1764
1268 1313
1759 1779
1296 1483
1480 1753
1752 1769
527 1506
1673 1787
829 1635
784 1143
415 1355
1750 1775
517 1772
1724 1753
210 996
812 1106
1680 1786
781 1432
1225 1764
958 1137
125 1646
687 1373
540 1454
293 823
970 1621
1305 1617
1752 1753
1235 1345
1616 1745
183 1474
1792 1799
230 1073
700 1088
1437 1571
1715 1770
1335 1411
947 1229
993 1752
1681 1691
74 1553
1259 1735
1208 1602
444 841
321 574
1451 1679
478 1145
116 667
590 1203
1630 1695
191 871
1464 1637
546 892
282 605
1761 1768
1643 1677
946 1354
844 1785
1692 1766
1322 1733
1302 1538
1188 1686
64 911
651 1077
315 1270
1488 1644
1717 1753
1698 1759
994 1230
954 1585
334 695
416 1440
538 1347
1656 1738
370 723
908 1033
773 1408
498 570
1323 1404
128 1109
771 907
484 1602
797 1669
1051 1675
805 1070
1533 1641
570 1259
391 1788
915 1216
12 1675
223 659
365 486
1695 1753
1038 1057
384 1406
1752 1755
854 1342
1206 1409
1246 1390
289 1094
1058 1359
1037 1320
959 1607
433 1034
630 1081
1732 1795
574 1247
447 1667
220 368
20 1726
1648 1783
720 1648
373 1494
1366 1391
1160 1166
1361 1716
981 1741
760 1621
586 1510
838 895
802 1359
1738 1753
1527 1601
763 1067
30 1278
1705 1748
1410 1590
1651 1762
79 1339
455 669
838 1612
1581 1791
1087 1145
863 1660
1007 1705
1486 1511
506 712
152 1703
183 1351
441 805
664 1402
996 1586
1553 1573
1438 1554
993 1311
468 1155
11 1625
1544 1774
193 736
1419 1555
904 1772
1746 1753
532 1568
610 817
705 1073
1060 1264
894 1369
887 1647
55 1602
1181 1553
1279 1780
758 817
1437 1462
80 1136
1277 1539
780 900
800 1218
1561 1769
941 1606
1121 1679
230 564
1719 1784
757 1529
1638 1660
642 1294
119 1393
1284 1710
1728 1758
719 1427
240 1632
296 1787
978 1684
292 583
157 712
1482 1685
1328 1554
966 994
360 1281
138 850
400 417
797 1289
792 1535
977 1783
1498 1655
1632 1783
1552 1560
163 1301
676 973
841 884
566 1571
1322 1704
387 757
705 1375
1755 1773
1277 1532
1385 1387
1097 1558
427 670
1055 1081
384 720
579 1546
347 611
1773 1792
1065 1617
1215 1683
463 658
222 633
320 493
524 1718
1024 1701
492 1110
1279 1745
102 1552
1653 1790
580 1599
1051 1479
546 1537
1556 1633
1553 1642
1498 1666
1062 1226
126 649
444 625
635 1080
414 1260
1720 1759
1320 1466
224 1183
1454 1702
586 961
1213 1480
671 702
1256 1630
1421 1777
631 997
1516 1646
849 878
182 812
979 1172
861 1644
1302 1374
297 1143
799 837
1549 1692
871 1574
1044 1265
281 1311
1369 1463
1203 1411
1348 1376
1126 1196
1346 1635
307 1781
272 572
733 913
1667 1767
401 606
1048 1336
1789 1791
819 1016
1279 1449
601 844
596 632
339 1334
190 759
6 1494
556 580
1209 1439
688 1560
1274 1718
579 774
924 1430
1038 1225
391 476
1154 1543
1163 1662
9 917
338 1707
1262 1467
567 1243
497 1279
359 1041
365 454
393 549
264 1226
73 599
111 1145
1461 1680
146 905
1085 1294
1262 1293
1346 1428
920 1259
1596 1693
997 1282
1730 1783
979 1789
866 1120
993 1345
13 717
576 708
999 1334
974 1331
651 725
1792 1796
1723 1746
180 1549
1116 1634
889 1247
466 1069
1329 1473
1167 1343
1102 1157
461 957
22 1519
777 1706
388 1677
166 1091
525 1669
943 1536
790 1584
1379 1661
1471 1589
1022 1407
83 493
374 1088
1620 1708
987 1157
734 1607
800 1081
1017 1630
718 827
1313 1407
1495 1554
162 181
1452 1476
444 855
1753 1791
1769 1795
480 1049
980 1569
824 1688
1550 1655
571 1345
745 1383
1086 1623
378 758
1686 1735
1513 1641
1662 1699
1032 1781
1639 1774
1787 1788
1088 1162
668 1289
463 1390
1626 1660
895 1038
436 578
228 326
657 660
961 1687
716 1793
1022 1126
1711 1730
695 1396
791 1405
44 400
1641 1736
1260 1479
78 347
595 1313
643 743
982 1060
796 850
1675 1772
1344 1788
985 1460
549 972
214 405
450 1129
1536 1686
738 811
612 1279
1236 1420
347 845
1093 1098
723 1217
1723 1787
550 594
1686 1692
666 1548
1041 1209
896 1404
756 1394
538 1547
1262 1349
305 750
1789 1796
334 411
259 1190
424 1308
993 1064
500 639
85 1255
1707 1794
1034 1314
1612 1701
786 1438
1249 1795
475 1456
264 723
995 1031
984 1707
42 156
396 521
1335 1387
1479 1614
736 1107
1783 1798
19 30
40 95
340 1656
718 1319
1371 1622
1030 1263
489 985
1456 1723
1620 1660
899 1277
1378 1497
1104 1540
70 490
664 680
1149 1178
932 1090
1023 1611
309 882
513 1676
1526 1700
981 1491
1351 1624
560 1485
867 1717
745 1715
747 1020
560 1280
1416 1553
40 746
278 1337
97 1797
1148 1324
2 1303
369 589
970 1450
114 615
921 1501
238 1622
145 1418
318 702
1504 1794
1603 1676
1099 1483
1784 1790
246 1240
273 1530
971 1673
584 1205
1764 1774
986 1148
1440 1702
397 1362
212 1737
174 348
1530 1778
1560 1631
1533 1682
1044 1073
514 1743
1712 1739
949 1720
1546 1730
177 1281
1134 1505
1114 1479
1356 1582
90 1168
118 1422
1614 1725
838 1647
1581 1616
317 1296
555 837
1425 1734
31 80
357 1476
222 1032
303 749
854 1153
950 1189
872 1578
850 1544
654 1664
1535 1763
1380 1464
86 1713
1059 1060
1302 1427
159 1102
1471 1485
121 329
1759 1790
1048 1208
929 1545
958 998
459 1348
1367 1424
1645 1761
1106 1263
253 516
1741 1784
1598 1642
769 1753
556 740
1753 1779
157 1746
806 1621
1506 1712
394 742
1548 1747
390 1335
1355 1712
276 966
1237 1519
70 86
811 1467
1597 1751
1344 1425
1140 1369
1087 1705
1078 1247
859 1182
138 1209
527 705
397 1702
781 990
93 1654
1346 1457
1081 1598
1398 1690
454 1175
1673 1685
1335 1356
100 1462
565 1240
1098 1660
950 1732
1445 1524
33 1435
449 695
235 608
211 343
522 777
139 1267
387 691
604 1765
499 1104
935 1420
238 1008
1743 1770
1052 1798
1388 1750
1283 1740
1226 1797
1264 1601
885 1027
224 667
798 1322
318 815
143 1045
430 1247
956 1701
1196 1459
735 1221
701 980
584 737
681 686
1791 1796
656 1106
391 624
1448 1735
18 473
987 1124
1024 1425
520 1196
1577 1605
1607 1655
769 1663
978 1743
1027 1504
156 1459
1238 1726
1070 1392
847 1781
355 800
1144 1406
1082 1457
704 1035
462 1000
838 910
758 903
14 887
668 1766
1015 1558
1790 1798
1561 1777
461 1764
1469 1764
1270 1659
1601 1780
155 1337
1328 1431
878 1390
467 1169
1138 1337
247 527
1104 1253
675 887
405 817
640 1650
877 1063
42 1743
385 1120
234 1670
759 1500
80 1784
1349 1512
1170 1433
725 1325
387 1026
1126 1429
1392 1576
1185 1618
345 969
1101 1286
1237 1364
1533 1734
294 1278
1048 1386
1598 1707
1324 1655
1230 1501
867 1008
1381 1589
865 1056
687 1163
472 477
909 1470
580 1608
821 1138
144 1420
1493 1495
1733 1790
540 1009
245 1302
36 781
570 1020
689 1403
1760 1771
103 246
1237 1571
848 1129
1198 1683
421 626
1745 1789
1661 1691
635 1045
228 252
1211 1339
550 1271
112 882
281 1552
895 1436
1094 1483
1546 1605
857 895
1097 1177
793 1295
99 653
119 1578
1114 1458
1730 1734
666 840
1792 1798
817 1011
1119 1457
1231 1510
1466 1626
451 1120
777 1728
1 1649
1247 1519
283 384
1723 1770
1606 1736
449 1451
1753 1797
354 953
74 1095
1275 1791
772 1398
693 1566
567 748
1421 1569
982 1669
1573 1764
108 819
1512 1675
1139 1298
190 932
920 1569
1796 1798
435 485
325 438
578 1682
1500 1641
992 1000
1542 1789
519 591
356 1268
1638 1708
1610 1638
1590 1714
388 448
519 655
701 803
838 1076
1608 1614
1409 1587
873 1768
143 1377
1603 1708
37 1571
1388 1714
604 1534
1547 1619
1314 1400
403 552
710 715
426 981
570 706
748 1225
1538 1674
1730 1737
1509 1655
592 976
1674 1700
183 1480
241 681
1012 1091
1656 1787
242 1035
190 1576
494 1081
256 1181
1496 1738
333 1726
790 1201
164 1083
1215 1578
1435 1647
1259 1592
1790 1799
871 1563
422 902
1547 1790
899 947
677 1286
1585 1789
960 1796
871 1189
1067 1194
1133 1754
680 1083
507 548
124 523
718 890
391 1295
490 908
865 1789
297 624
407 484
1319 1443
214 1753
23 71
69 1599
1792 1794
270 1491
91 339
721 1273
348 1640
1400 1616
1765 1767
383 1630
929 1444
257 787
318 558
676 1051
1380 1629
1218 1742
333 1679
720 1443
794 1691
1056 1227
1671 1772
1001 1091
1124 1420
1364 1735
1057 1161
1113 1354
1410 1538
233 665
1636 1700
367 1337
584 935
854 1029
1112 1442
744 963
467 843
157 1765
1422 1721
605 1759
1407 1661
264 1461
603 939
902 1641
1535 1742
614 1661
1244 1456
1314 1422
1556 1649
1030 1343
1120 1690
639 707
580 1276
1623 1781
341 960
1783 1790
892 1469
413 697
513 611
1245 1756
949 1220
1294 1471
1247 1585
1532 1724
1771 1793
766 1638
1023 1353
283 669
1668 1684
83 1481
1198 1643
1271 1353
409 785
95 1046
1798 1799
1392 1519
552 1277
588 1797
1492 1555
649 657
174 1337
1251 1747
297 470
1769 1792
1131 1148
322 1072
1047 1636
1606 1751
228 1747
124 1489
1344 1596
432 1608
928 1473
1071 1712
281 848
1025 1190
251 713
910 1720
790 1612
954 1469
1066 1734
1534 1569
1289 1506
604 1575
173 1523
765 1711
587 1373
1298 1407
153 865
881 1182
1704 1733
1760 1780
371 801
718 1563
314 858
436 880
9 628
548 1729
1330 1592
308 854
1116 1315
4 1588
1212 1779
434 1645
1559 1665
885 1056
991 1418
81 1771
109 1539
935 1216
1109 1795
315 654
1541 1681
76 90
674 848
1300 1554
1600 1633
1199 1417
1449 1732
70 1058
39 909
1788 1791
379 712
280 1402
780 1222
638 1420
1019 1353
94 545
1280 1294
1238 1253
790 1673
37 163
72 1656
620 883
348 1494
1152 1571
36 272
1054 1777
1075 1160
332 1041
234 918
1394 1500
1080 1519
867 1055
1797 1798
1631 1634
514 525
589 1166
98 1225
1198 1680
1606 1676
631 1638
1663 1766
454 1182
1698 1764
1750 1756
1651 1724
234 813
1598 1682
262 1140
1666 1755
1309 1381
351 592
1259 1602
100 1502
775 1673
76 553
240 347
1674 1719
318 383
195 1764
1611 1734
157 179
398 1332
1155 1388
1033 1574
1395 1405
691 782
1723 1744
748 1352
89 134
907 1071
195 199
233 1417
214 990
562 1513
1074 1495
1404 1705
261 1776
1350 1367
1702 1764
470 1628
707 1319
214 563
1751 1799
1559 1672
376 1714
1211 1405
271 914
1019 1080
317 336
1139 1266
1445 1720
1511 1681
846 1427
908 1254
267 1107
635 877
490 924
260 1395
77 510
564 1564
696 1238
10 709
336 341
1439 1712
1751 1765
1555 1651
1005 1626
556 1006
1720 1778
301 1738
495 1375
1739 1779
475 1401
1036 1220
60 255
325 1236
947 1739
1077 1714
1161 1784
837 957
720 1266
706 1494
80 1196
576 1770
1108 1510
384 1229
263 413
290 1735
1195 1597
668 1466
559 1338
1668 1679
1577 1642
471 1723
254 749
1752 1763
991 1668
1573 1779
676 1420
1362 1555
831 1320
777 951
1191 1670
820 1024
765 815
1214 1789
198 1369
307 407
317 1289
280 1138
210 1389
855 1414
692 1663
1058 1447
335 450
1672 1712
1269 1500
1482 1669
521 1354
526 1355
1347 1695
173 1438
707 846
1472 1763
1787 1791
12 1707
556 654
557 1012
44 1423
1267 1524
1209 1729
1678 1743
282 1771
1510 1771
1036 1210
467 1337
543 1775
963 1107
1417 1461
162 1497
1621 1757
774 1482
1692 1761
121 1690
436 1779
406 909
236 1468
334 1640
286 1633
1515 1756
1548 1711
1241 1413
433 784
1313 1597
1173 1213
1375 1635
1179 1428
446 1089
548 1077
1406 1450
1047 1743
1014 1144
338 1125
292 1420
151 1057
501 1594
541 927
1439 1761
650 1148
881 1664
142 575
190 412
901 1196
1394 1632
1298 1364
1438 1734
1461 1681
627 1634
261 373
1419 1730
1675 1716
1537 1639
1337 1569
1529 1799
1511 1679
1429 1772
824 1769
1429 1637
480 1366
442 1486
1595 1772
390 1162
1449 1529
1328 1668
427 992
78 1544
744 1312
1265 1639
594 600
1012 1688
1210 1332
1438 1626
84 1163
206 1599
405 1419
1140 1577
665 1678
1005 1710
696 861
703 735
31 836
138 1064
146 804
112 1561
1335 1632
1514 1547
115 1226
358 1767
428 1201
1025 1645
1603 1609
460 886
1319 1596
1207 1535
967 1780
136 202
1663 1708
699 1760
771 824
923 1238
701 1282
1102 1435
1695 1789
1028 1641
1776 1786
721 905
530 1284
1005 1360
1296 1372
641 849
640 723
293 891
364 1404
1213 1396
1481 1647
1179 1570
1201 1771
1724 1751
1273 1761
1172 1715
1289 1735
1470 1543
1757 1769
1230 1496
625 1227
778 1020
154 868
1478 1540
117 391
402 663
506 683
882 997
799 1554
296 477
454 1155
1182 1532
1196 1611
1004 1253
1487 1528
777 894
260 349
582 1394
1108 1691
53 836
1175 1448
1005 1584
1775 1786
943 1779
978 1356
1781 1798
382 1750
723 1390
773 775
1205 1554
1649 1753
15 1035
1044 1594
1676 1731
476 500
644 1107
406 500
488 627
1574 1671
1549 1783
1480 1737
493 745
1139 1509
570 596
820 1303
197 700
968 1278
806 894
503 1198
1229 1520
957 1694
128 1243
1290 1514
950 1251
956 1450
44 1604
1444 1793
1638 1750
155 1206
979 1692
517 894
376 1552
1074 1173
716 1065
382 894
1662 1770
1276 1784
1156 1467
1605 1713
616 790
1175 1482
989 1030
471 1395
1699 1767
861 1455
148 1252
730 762
326 1421
883 1409
271 329
438 1558
1660 1798
821 1740
668 1417
1291 1791
30 1748
975 1394
285 1331
47 1260
714 1613
1594 1793
1686 1755
989 1695
487 1792
504 1142
1467 1657
1056 1222
397 582
1457 1589
1646 1670
472 1734
1277 1447
1315 1518
1275 1690
127 871
1147 1241
1564 1565
953 1608
347 990
1057 1613
1751 1783
824 1194
212 891
33 410
1434 1456
1406 1793
435 829
1467 1779
379 1231
540 1722
1093 1406
1384 1498
563 1142
721 810
1283 1670
421 944
210 589
303 1625
411 1688
1761 1776
1518 1716
301 374
423 1786
1224 1546
1042 1529
1425 1645
496 589
1654 1686
1074 1351
1087 1256
145 737
1353 1409
122 1672
546 1328
1765 1766
1156 1540
255 864
575 579
82 197
756 1042
1299 1648
481 1389
1205 1576
854 1586
540 849
572 1401
938 1730
528 1588
1532 1620
421 768
787 804
1231 1299
1197 1298
961 1152
810 861
778 787
859 1201
1629 1791
841 1194
11 1735
678 1060
393 809
491 1499
464 1083
1275 1376
350 1766
1674 1699
1148 1492
144 1502
842 1307
1446 1481
1422 1478
100 1117
545 1574
471 509
624 1592
395 1088
651 674
182 1434
1160 1566
1431 1631
1656 1759
285 1181
464 823
922 994
1176 1560
57 214
865 1401
414 656
111 1787
1253 1598
1308 1601
1509 1751
840 1698
1240 1360
426 974
134 1030
1093 1627
1681 1721
1242 1738
1545 1723
1739 1770
609 1069
1061 1671
1000 1253
193 1251
1338 1383
1514 1562
1674 1739
115 180
147 1410
257 607
1413 1750
147 1777
205 650
1556 1625
1190 1563
1578 1634
931 1181
988 1611
1187 1751
114 1207
632 1150
1489 1752
111 870
1365 1393
1793 1794
1452 1566
323 808
1301 1651
187 1538
1121 1136
1337 1480
649 1371
212 826
987 1301
1375 1416
125 1416
1572 1578
336 1241
685 1195
526 1408
989 1127
1460 1735
1629 1743
1081 1207
880 1674
747 1762
1001 1181
946 1230
765 1392
644 697
1541 1564
276 1201
682 1558
191 448
1459 1697
772 1531
1397 1776
1028 1350
1185 1700
515 1266
1564 1698
573 852
119 1201
73 1155
1194 1316
57 1178
1456 1639
91 656
931 1429
923 1190
1500 1715
1667 1750
758 1197
1229 1272
1637 1720
176 1178
320 1235
1364 1649
1667 1686
371 1174
1164 1225
569 1312
373 382
392 1218
875 1336
1734 1740
1620 1738
729 843
1075 1134
552 871
1742 1794
1190 1314
382 1626
733 1289
344 604
852 1747
1565 1623
1165 1327
505 1505
786 839
1381 1556
586 1130
10 1166
1053 1549
904 1419
1641 1672
353 1050
1243 1684
1672 1678
403 933
1716 1796
1599 1788
1628 1650
625 1755
71 1151
206 1513
706 1406
1567 1642
570 1168
1278 1750
385 732
1018 1430
110 992
153 816
44 792
153 1284
569 1521
237 548
1580 1627
1272 1598
276 606
1336 1651
856 1091
946 1063
1485 1792
1378 1553
72 779
1170 1793
1371 1472
1206 1714
1773 1799
383 1401
762 1606
1366 1769
463 966
852 1192
1741 1753
1514 1756
1018 1181
938 1715
600 1428
1586 1673
183 483
1503 1543
993 1032
854 1659
797 1064
1627 1653
1234 1769
1629 1744
1157 1226
414 1615
1631 1740
1005 1767
734 1581
369 633
1741 1767
1348 1486
1729 1752
228 1638
1669 1767
144 840
223 385
740 1223
1153 1188
1367 1729
1315 1700
314 1479
1041 1425
593 781
671 1236
976 1009
1338 1786
12 457
612 1604
1334 1488
649 676
514 833
1220 1378
1000 1114
387 471
1662 1760
1133 1517
529 1069
494 1632
1754 1787
1203 1538
1779 1781
914 1049
499 1725
1469 1552
1003 1441
1369 1648
251 457
1102 1796
881 1190
605 1530
1246 1688
649 1216
920 1072
1201 1311
520 826
1529 1789
1247 1693
530 1184
67 573
1481 1577
1084 1728
1378 1447
380 586
1713 1796
100 678
1457 1580
517 1406
235 333
1552 1724
79 1073
1144 1738
69 504
655 985
1773 1789
887 951
741 1224
214 780
83 287
1429 1783
1297 1434
894 1256
1491 1748
1433 1535
1164 1324
1701 1751
822 1384
1353 1481
1588 1667
1349 1395
179 1131
393 886
1728 1765
1463 1599
23 1654
784 963
783 1372
624 1722
1462 1705
380 1652
1020 1206
563 823
1504 1522
1388 1699
1028 1509
498 1686
818 1351
531 1078
134 914
192 1559
1598 1791
307 375
1532 1670
42 1139
322 1700
1461 1555
104 1338
263 1270
1572 1707
1719 1784
36 795
1070 1153
1346 1644
526 1398
1033 1101
1287 1396
214 1303
794 1746
12 1035
45 1248
388 1551
1686 1799
366 1419
