400 800
294 370
354 387
182 244
62 301
397 398
89 357
165 187
293 330
187 349
188 205
113 254
233 337
49 129
351 368
100 240
186 252
337 389
97 393
311 371
248 310
62 149
32 236
246 308
188 216
215 298
381 399
208 271
277 380
298 385
24 288
139 265
282 318
341 388
190 388
392 395
348 388
365 397
91 378
358 393
174 190
63 228
42 363
201 304
141 234
0 81
116 134
139 177
232 362
320 343
374 389
99 365
75 121
331 338
326 399
44 363
221 245
88 262
229 349
14 238
121 199
110 306
82 197
132 321
392 398
183 222
176 397
339 357
140 392
321 326
55 241
291 343
134 260
284 397
2 127
161 291
101 131
353 368
129 334
154 243
101 237
90 309
145 289
175 345
19 153
327 377
219 384
160 229
306 392
304 348
67 156
203 239
315 385
126 262
392 398
365 377
8 355
299 314
292 374
3 46
256 277
206 291
302 318
187 279
84 165
109 138
388 389
3 301
273 286
36 385
223 364
361 382
251 327
139 375
257 283
338 351
195 376
215 255
68 166
95 365
272 365
67 284
192 257
381 382
80 238
193 380
194 335
361 389
364 382
246 325
48 357
140 270
217 351
35 300
0 269
131 193
127 324
75 165
371 399
332 381
389 391
150 181
249 357
81 239
73 138
237 399
54 62
347 382
184 398
58 372
27 77
295 362
194 359
305 348
64 308
196 272
215 276
331 351
111 229
124 127
182 189
2 196
154 374
321 340
363 379
190 218
129 298
370 389
77 245
241 309
151 272
243 398
247 305
190 215
180 307
113 146
34 253
334 380
201 327
249 303
284 395
69 251
327 396
298 341
297 301
56 202
344 367
310 385
62 140
272 397
319 398
118 298
378 390
123 224
33 169
42 227
323 372
215 298
298 387
91 197
376 384
316 385
318 328
28 316
356 383
315 398
14 86
84 167
193 372
41 368
248 395
27 61
97 169
244 265
379 392
112 319
313 370
109 211
242 283
33 356
370 397
273 311
13 326
197 381
69 235
293 351
317 376
38 369
199 236
121 233
0 335
168 370
44 196
148 333
394 396
79 98
244 345
41 315
142 304
86 217
352 394
225 379
123 254
272 363
78 226
185 335
333 396
45 198
83 236
340 361
66 323
73 358
372 382
122 170
48 307
160 358
346 351
70 279
77 221
353 396
187 275
136 370
68 162
102 187
334 352
262 385
232 275
192 289
186 224
239 375
348 398
98 309
355 365
16 173
218 335
106 274
71 240
173 355
359 374
166 376
189 324
331 351
293 377
147 349
240 337
54 138
123 150
310 324
156 194
195 342
245 397
95 157
81 138
384 388
42 343
51 166
21 170
366 382
241 348
380 385
134 173
348 371
284 285
160 273
129 269
125 258
251 275
371 386
83 334
275 279
56 102
288 389
290 327
75 292
260 261
322 324
352 396
318 335
323 378
328 393
203 324
21 84
306 399
23 253
351 375
213 395
206 230
34 209
281 380
208 220
365 396
371 378
247 372
396 398
143 228
296 323
65 306
287 347
127 142
254 394
312 332
373 390
21 336
102 309
265 371
146 325
222 381
300 384
96 303
287 324
218 258
343 392
155 242
358 385
78 390
222 344
329 365
193 396
184 384
144 186
92 312
200 393
169 218
17 209
293 297
174 242
99 322
189 250
368 378
100 290
366 373
300 396
133 353
126 192
380 388
223 336
360 396
175 280
195 330
276 359
42 108
177 367
254 372
95 303
375 399
348 362
22 342
225 288
25 134
213 307
69 170
133 280
93 150
154 353
58 99
253 280
211 282
363 376
210 306
192 376
131 378
30 235
91 386
58 375
128 295
308 371
65 108
269 372
326 340
21 25
369 389
73 156
25 103
102 150
394 398
112 304
78 244
17 103
382 399
65 195
199 346
360 383
141 318
24 82
387 392
229 242
160 190
27 52
99 141
165 174
385 398
283 344
388 398
70 150
114 368
329 342
170 329
312 353
245 277
23 73
56 136
167 334
186 359
314 325
227 318
249 364
16 237
369 392
179 336
312 361
11 148
201 387
87 160
63 397
315 383
193 291
375 385
327 393
11 200
129 320
238 243
386 398
212 233
16 122
74 305
59 144
238 262
71 271
192 328
293 368
90 199
140 215
391 396
75 224
249 386
169 372
377 389
369 384
207 251
208 270
97 319
70 260
139 297
80 209
181 259
109 347
366 379
367 383
212 391
208 276
329 389
17 280
370 371
98 302
199 372
346 390
241 318
64 220
2 15
76 113
191 359
293 345
43 375
88 137
249 254
360 379
360 376
50 212
299 303
180 391
223 387
389 391
336 350
16 163
165 196
273 294
225 320
86 96
177 392
155 158
108 128
124 154
363 374
40 124
61 262
273 313
275 362
283 382
30 289
245 368
151 197
232 327
43 56
387 394
28 278
296 350
356 381
292 323
280 388
131 328
48 246
107 284
23 319
390 391
376 377
1 107
280 369
13 167
289 370
319 399
388 392
276 314
204 294
214 396
11 195
221 260
243 364
361 392
390 391
71 167
241 270
209 359
276 344
368 389
388 393
344 358
330 351
15 270
84 243
346 359
248 364
215 274
132 343
318 340
295 376
383 387
381 383
289 387
189 233
195 244
124 246
163 182
303 343
360 367
72 135
326 398
94 97
239 273
68 186
128 145
103 200
263 298
185 282
274 277
124 326
208 393
249 301
304 327
47 56
235 362
250 351
290 396
327 381
69 109
140 146
36 262
17 94
187 221
153 360
145 185
29 31
243 279
264 288
263 392
188 239
141 259
314 373
276 356
143 214
11 257
173 351
239 362
204 296
224 254
351 384
350 351
163 330
140 380
135 322
250 394
384 391
85 291
86 140
54 87
315 395
196 395
101 182
303 317
19 324
120 177
170 267
184 381
179 232
390 392
150 201
389 396
375 399
108 163
149 275
121 138
341 345
197 312
282 395
188 291
323 392
339 361
208 233
378 382
231 335
258 366
171 281
311 383
364 384
385 395
95 224
244 335
283 398
90 219
179 359
298 310
64 213
114 234
203 272
252 271
83 226
253 361
67 380
315 383
183 218
37 85
341 350
359 390
224 385
4 200
267 277
85 333
393 399
382 383
298 363
221 265
178 343
179 381
102 166
216 320
396 398
344 357
183 375
325 388
330 383
131 329
356 391
249 289
73 384
225 320
82 134
120 134
344 345
392 396
6 63
397 398
296 374
305 364
302 335
319 378
214 306
354 372
322 391
384 393
316 361
28 291
166 373
372 376
173 320
25 355
333 363
361 391
296 337
125 257
345 364
111 167
218 312
312 399
17 234
116 354
338 339
63 265
42 119
182 334
320 387
8 335
112 176
210 278
295 310
322 334
284 310
221 225
273 282
199 306
91 197
353 371
381 391
142 369
182 329
110 274
302 328
372 393
277 386
360 367
190 223
120 328
171 371
163 207
102 245
14 184
114 206
252 267
228 369
20 224
132 192
128 165
37 143
200 364
2 5
94 255
265 269
209 221
155 157
97 358
239 334
377 384
166 286
249 385
52 214
181 331
331 384
390 395
155 167
123 359
358 394
168 325
193 295
168 275
175 354
7 237
339 370
269 278
60 338
323 399
76 126
332 375
62 161
