1200 2400
503 1091
392 1032
604 1199
626 751
265 873
728 1029
388 769
255 1073
483 728
769 1060
25 759
392 698
879 953
1131 1193
961 1073
57 628
500 868
1194 1199
1037 1174
590 881
1089 1110
555 578
211 1128
312 642
1190 1191
598 1061
86 552
1149 1192
897 1186
988 1112
645 843
398 1021
332 884
1117 1155
623 880
644 875
527 1149
1002 1062
68 247
405 1012
107 886
440 969
1019 1191
1170 1198
246 941
36 445
91 771
451 631
440 682
802 928
0 435
925 1081
1036 1039
106 794
552 944
765 950
1175 1197
560 1018
165 173
500 1123
275 1027
182 724
1045 1124
913 1154
146 966
321 968
76 683
1176 1192
555 878
668 1173
365 763
511 910
636 852
917 1182
794 1191
889 981
248 285
32 241
1064 1177
742 812
434 1146
417 504
1089 1099
176 935
729 917
201 290
164 268
710 1106
289 955
51 835
195 298
35 809
453 472
155 633
745 1107
188 218
56 308
11 195
698 1129
259 392
1167 1194
718 1146
29 338
1157 1180
711 795
106 260
799 893
191 405
1050 1188
993 1171
545 1068
144 863
274 1197
671 994
247 1184
1009 1062
490 697
580 1102
1018 1070
269 777
691 775
1095 1139
1060 1192
196 1163
287 638
889 1014
372 771
665 877
626 1071
659 912
1006 1071
865 1122
116 277
768 934
1110 1184
37 664
1057 1175
991 1144
91 826
357 665
322 1021
228 940
141 797
873 939
1139 1175
154 257
1035 1154
445 590
529 921
978 1180
920 1122
943 1056
268 1053
961 1116
75 1051
967 1113
815 888
548 875
1059 1080
1079 1111
723 1013
459 901
101 428
1155 1169
555 1128
603 1190
60 620
773 1171
983 1026
137 360
1040 1133
489 1083
396 995
870 1196
631 853
539 1143
506 852
591 875
686 1145
1123 1175
1065 1134
857 1071
126 131
409 1116
935 1103
755 891
1000 1105
566 957
204 494
906 1183
162 1198
699 811
907 1173
286 557
836 1042
104 1196
681 1086
1078 1188
159 775
333 434
1042 1094
123 859
125 226
476 755
777 997
601 655
171 1184
1148 1149
979 1000
561 1121
247 534
1121 1169
955 1161
44 370
628 1127
900 1165
527 850
1190 1191
933 1185
241 263
306 379
1179 1199
300 1116
129 484
817 1079
87 1001
504 571
1100 1125
543 1170
394 509
649 808
89 162
307 895
1178 1182
940 1156
684 1091
624 919
735 964
634 1126
674 706
205 713
561 644
71 591
579 724
674 853
743 1035
1063 1087
247 690
280 1160
461 736
83 552
1035 1051
836 1095
896 1023
819 878
253 771
9 673
709 892
1078 1184
985 988
230 399
531 1070
1187 1199
239 820
35 476
348 494
966 1129
638 805
694 825
205 1092
673 896
170 656
744 1146
395 1020
596 654
917 991
257 569
561 913
596 1074
771 817
1051 1084
109 1105
230 953
960 1065
126 340
160 1036
63 804
872 1044
289 459
410 444
989 1121
954 1188
530 540
124 710
148 565
1196 1199
825 957
307 335
1145 1199
22 1109
873 923
1 1108
48 369
1140 1162
456 762
838 1014
4 1061
860 1172
530 979
936 1056
823 1050
435 704
1140 1171
39 259
1196 1198
581 720
204 853
578 1142
142 827
1187 1194
717 1174
203 370
689 898
238 1057
75 1029
122 620
474 1168
1102 1148
448 890
13 1158
267 1113
1110 1138
188 982
1184 1192
882 1163
232 394
1054 1084
1135 1155
841 1065
877 993
46 672
584 1015
1157 1178
343 1161
703 1117
9 1197
924 1177
920 1045
1180 1181
299 503
72 125
498 1176
401 644
1061 1164
840 880
280 1002
327 457
687 697
1121 1147
970 1024
1017 1161
38 671
205 769
914 1085
484 704
814 1126
1171 1184
270 368
963 1135
867 1140
137 153
1186 1198
425 451
842 1062
609 973
611 1029
310 1045
257 381
1082 1111
1118 1196
974 1111
1063 1150
745 802
1154 1157
501 1150
719 989
1191 1196
963 1093
486 559
466 1132
753 939
571 1037
669 1069
569 642
157 971
381 813
871 967
287 592
906 1011
221 1085
473 910
0 62
1124 1163
614 1118
651 1011
1044 1190
169 645
792 801
444 859
981 1138
720 1168
398 860
686 823
993 1103
1157 1167
747 862
21 584
39 1146
81 1073
731 735
849 1090
1077 1118
1021 1025
409 867
927 1062
366 634
833 1058
1183 1190
973 1061
225 1177
799 846
1086 1170
165 573
511 583
306 524
1022 1025
481 947
72 383
535 611
74 793
1068 1122
99 597
207 1148
674 1097
44 789
592 825
1132 1143
898 1158
641 1022
1173 1188
976 1196
1051 1161
852 992
847 1135
425 1025
777 1161
280 1152
828 1099
48 1074
640 1093
18 745
840 945
838 1172
1052 1055
1037 1131
685 950
532 873
412 985
350 798
632 1118
1090 1115
1189 1197
117 538
472 485
1044 1074
514 840
1025 1049
806 1033
770 991
191 589
262 1127
849 943
1028 1039
736 1169
761 835
380 775
1164 1182
251 420
539 1162
1196 1199
47 995
428 481
507 773
308 1169
49 375
335 628
497 979
799 1092
534 813
440 776
63 351
435 1010
1065 1155
865 1053
725 774
1159 1161
980 1198
65 568
783 873
469 1143
801 982
444 501
392 576
990 1002
736 893
171 908
1074 1112
12 1164
711 845
623 671
838 1180
1043 1170
851 1055
993 1117
622 1182
664 1148
227 931
705 1086
642 734
160 401
155 847
833 904
360 698
805 849
1038 1049
729 1020
199 919
233 1131
204 483
858 1141
1161 1178
1051 1111
493 1108
912 1132
426 482
109 248
790 1194
355 1024
1077 1159
156 1018
241 899
140 800
244 765
693 1036
1164 1195
783 899
673 964
911 929
1108 1161
542 655
505 636
319 524
137 900
1109 1182
606 906
150 919
72 1034
669 745
1035 1119
968 1029
874 954
326 642
840 943
1059 1157
829 933
46 1052
428 580
669 855
1055 1177
983 1045
176 730
67 379
319 905
367 800
33 917
1118 1179
806 1168
802 912
764 1170
988 1182
386 697
1168 1188
350 400
482 821
74 1069
561 562
781 1083
319 611
963 1124
566 780
363 685
418 760
855 937
510 1150
1055 1162
275 446
396 1143
205 380
597 1116
411 454
280 1126
1107 1155
831 860
745 1135
812 999
818 1181
999 1072
378 729
923 953
630 881
868 997
447 563
940 941
514 1132
29 325
534 586
134 700
92 1165
479 620
457 1134
614 698
692 1125
805 963
483 642
1132 1149
331 531
385 702
1198 1199
893 934
20 1178
330 612
754 821
914 999
42 727
406 670
31 321
249 365
213 768
241 629
202 1004
545 1096
416 451
960 1057
1023 1198
886 1136
762 1053
415 697
468 925
600 868
1115 1138
170 1086
586 1193
272 347
6 177
31 43
851 931
406 719
504 1090
269 1110
244 544
154 687
811 948
557 606
58 569
3 169
927 1176
254 723
640 649
106 343
4 137
267 607
1121 1178
1165 1190
117 840
359 1145
676 1104
604 706
778 985
711 831
5 671
844 1046
696 1080
1012 1102
677 1010
189 286
921 935
0 411
360 1047
1077 1114
803 1177
531 1125
450 454
785 1112
1113 1130
831 1186
46 252
120 689
71 480
161 219
353 358
456 1096
682 1141
1178 1199
1118 1129
741 866
639 641
1035 1189
1149 1196
136 1056
195 632
974 1129
3 497
1035 1127
828 1159
1077 1098
476 730
1047 1132
516 777
1154 1196
267 928
80 1184
20 1068
876 1194
738 943
640 914
578 977
611 942
468 795
409 729
1147 1188
931 956
247 928
773 812
2 38
1184 1195
423 526
793 1165
18 557
1066 1119
616 1030
420 775
431 1051
734 765
58 1006
111 354
621 677
161 486
556 912
1173 1198
843 999
440 929
930 1114
481 537
544 944
743 913
605 621
410 1015
962 1096
689 874
569 731
788 1022
824 1168
490 956
683 1045
525 1022
893 1084
670 754
406 1119
907 962
672 849
545 823
197 869
178 930
1155 1191
161 1002
379 470
921 1159
713 788
27 216
166 750
819 928
368 1016
326 921
474 1127
345 796
78 1009
378 533
1005 1194
870 1198
286 625
1073 1142
748 1046
343 1163
22 213
849 916
100 1156
718 1134
521 842
151 1140
89 516
532 650
941 1144
254 1130
85 467
635 736
490 565
395 1074
165 176
1123 1192
681 1104
399 714
253 430
1006 1123
131 949
44 385
911 934
1151 1195
323 729
1117 1198
1057 1175
412 634
1123 1129
1016 1159
941 1139
178 769
299 1132
412 796
751 834
200 862
1059 1081
237 633
570 1067
291 731
681 1190
488 1030
1075 1087
429 1166
684 783
565 1062
1140 1196
921 1060
581 1168
870 1132
505 883
725 910
768 1167
318 933
616 740
419 781
4 1197
611 1122
597 899
485 1053
1049 1061
962 1076
302 978
726 1161
833 1068
1132 1190
144 1167
603 616
60 978
136 339
1112 1168
260 579
1034 1127
1171 1192
533 779
801 1092
350 432
445 1035
634 804
689 1184
689 1057
252 273
203 993
1121 1131
471 874
407 1019
949 1177
276 1189
966 1116
1038 1147
292 656
353 646
202 358
952 1116
807 886
880 1053
299 674
980 1066
1156 1194
984 1082
189 1099
91 829
700 737
893 909
8 980
439 542
154 602
346 632
1178 1183
337 662
996 1135
1050 1061
990 1181
1125 1131
796 979
680 695
509 606
322 1103
360 827
280 342
1123 1154
43 258
783 837
1178 1198
811 839
1176 1183
247 669
880 1084
658 999
1171 1180
298 712
565 918
98 167
660 951
286 533
522 982
796 1016
638 697
1080 1189
979 1162
637 1151
1088 1192
119 303
966 1011
1108 1141
946 1153
522 653
148 267
335 466
1003 1017
1162 1165
375 377
669 688
1149 1180
557 933
579 1168
570 950
841 847
164 1135
55 125
1071 1161
955 1051
958 1134
683 1082
635 699
234 583
901 1066
892 1146
587 985
489 527
1059 1153
93 1024
895 1034
309 325
394 992
676 926
877 1108
575 1002
549 1141
308 344
1170 1198
957 1197
464 687
750 1070
558 1034
12 1144
315 608
473 778
711 934
119 178
422 863
121 1036
909 1013
207 847
359 800
1107 1191
1021 1180
705 977
636 829
713 829
1130 1196
1196 1197
1130 1153
273 374
824 872
586 669
626 778
795 907
664 1044
382 841
1180 1182
135 503
993 1092
544 1151
1048 1108
551 638
1093 1099
760 822
376 1147
48 628
72 132
1182 1199
1081 1121
194 520
479 1089
597 882
245 276
640 930
688 925
339 991
419 566
650 1037
1020 1145
550 768
1078 1190
1078 1111
1169 1175
207 889
1197 1199
338 369
45 561
800 1175
637 1146
720 1074
602 1040
508 1069
904 1030
787 966
568 1091
891 1174
442 685
391 794
80 922
477 1075
717 759
116 392
1131 1155
554 1105
569 1092
741 946
714 993
567 789
568 1187
938 1008
696 1063
739 773
936 1128
737 862
1154 1177
563 1042
619 852
461 839
363 914
407 434
1060 1138
599 672
615 1192
420 771
356 648
486 997
268 1016
797 1027
719 741
324 835
1058 1182
977 1123
185 334
1077 1095
1030 1036
1124 1157
432 598
635 972
91 882
756 1180
337 1007
884 901
882 1142
474 739
116 1195
351 887
556 1124
44 774
899 938
1132 1158
510 658
542 732
212 754
690 815
183 327
734 988
1081 1144
1043 1185
295 757
238 244
634 795
1188 1199
134 1132
979 1035
211 701
709 1014
567 1054
1090 1175
630 1016
1055 1096
918 932
625 1128
392 577
774 837
1117 1140
216 274
613 812
1031 1099
917 1149
128 463
1184 1197
227 1089
876 900
748 924
607 832
968 1065
990 1146
993 1136
1082 1199
977 1175
1086 1179
1170 1196
154 549
1012 1099
1198 1199
279 912
1131 1151
82 258
24 793
502 1018
1148 1177
702 1068
371 686
5 180
110 1159
323 1030
172 802
831 833
293 463
1012 1101
1196 1197
1170 1195
36 656
844 913
792 1016
654 811
833 1079
489 945
1053 1173
532 616
1016 1048
973 1184
316 1144
1002 1180
660 1108
425 729
1019 1098
150 348
325 945
814 1063
77 421
790 1021
535 831
763 1115
457 643
216 1171
1064 1180
784 1019
421 1157
772 1024
83 959
415 643
332 510
1179 1199
293 743
954 1059
201 403
594 598
1156 1197
804 827
966 1149
1093 1154
836 973
965 1070
1151 1191
695 1131
1093 1139
145 518
780 907
391 783
778 817
233 549
765 798
987 1001
794 923
556 705
181 1168
345 569
1187 1198
495 610
910 925
351 1088
200 824
26 842
210 314
430 460
973 1022
257 711
270 671
974 1086
415 698
1029 1126
259 998
185 983
317 581
533 829
604 692
1189 1190
1068 1149
514 1150
749 883
72 113
897 1182
1166 1172
70 223
929 1073
1137 1148
772 966
660 1128
858 1043
806 1083
1047 1077
376 794
577 1058
221 624
1104 1193
912 1076
1013 1077
1138 1143
196 419
690 1151
34 799
929 1150
1096 1138
151 916
74 679
874 1174
1171 1183
69 1024
1127 1171
728 735
999 1087
636 854
698 717
511 820
688 983
892 913
967 970
675 1159
749 1055
734 783
390 1068
1189 1195
630 778
55 302
929 1016
1153 1163
140 808
553 1083
806 953
302 592
447 750
444 785
1099 1102
55 912
275 636
1036 1163
716 994
874 1109
571 1119
366 759
641 768
1042 1192
644 871
953 1154
846 1020
131 271
683 1156
376 597
481 507
722 869
936 1080
407 1092
671 750
778 793
584 1157
246 1061
1057 1059
630 755
1079 1183
503 845
28 640
669 778
598 1172
984 1092
134 1099
1014 1164
617 699
208 382
556 1119
893 944
464 618
1060 1064
116 306
833 969
795 799
819 837
639 730
181 432
1190 1192
66 332
1076 1137
716 1195
629 1080
220 342
1029 1046
1091 1187
100 861
922 1176
225 908
788 802
643 745
629 1056
200 894
1087 1159
387 526
504 642
810 914
74 202
1060 1081
331 1162
362 370
420 636
704 874
1078 1146
262 903
168 1040
19 765
980 1143
446 763
761 904
685 1163
221 255
1035 1121
411 999
17 21
667 776
226 1059
448 514
296 441
488 1099
668 935
1175 1176
1015 1195
802 876
642 953
16 512
33 380
328 773
468 757
204 789
764 1187
432 1060
583 965
216 323
1006 1046
537 796
378 652
559 934
843 895
1197 1198
446 1164
724 962
18 717
219 614
1064 1097
348 861
1046 1085
790 926
1019 1100
599 617
196 639
725 914
1156 1168
824 865
383 716
389 616
1187 1198
780 966
5 774
452 990
856 984
847 1195
563 771
1163 1169
1122 1198
947 1043
247 423
8 278
1014 1133
116 555
37 712
664 977
601 760
490 683
143 180
496 568
106 1124
428 946
567 737
423 1063
964 1096
1186 1192
958 1041
101 590
817 828
27 802
679 909
577 629
607 1119
531 587
1 591
449 895
162 195
588 898
147 231
204 968
44 1191
985 1162
444 940
148 421
263 530
1093 1101
888 1149
85 354
723 994
508 1191
257 545
977 987
882 1009
762 998
720 852
799 853
197 1072
841 1028
537 709
1146 1174
361 870
389 603
130 971
150 518
67 929
489 735
418 1011
537 542
82 972
313 962
563 1054
74 864
435 1107
799 1151
572 932
1070 1127
1060 1176
96 168
963 1021
114 1037
603 629
242 574
746 802
495 714
843 898
86 557
1034 1098
21 506
1093 1139
781 982
162 1113
674 823
913 973
225 1085
451 574
869 901
586 1192
132 1015
521 614
1131 1193
98 1079
923 969
313 949
950 1089
518 1025
333 900
921 1157
622 1088
482 590
1156 1180
902 1103
611 1154
198 1158
72 297
555 1102
220 424
798 926
720 1111
807 1187
363 395
530 643
58 124
618 770
901 1195
938 939
145 730
527 974
155 159
1145 1181
394 621
994 1189
1090 1119
745 1186
572 796
792 945
501 888
85 208
881 911
977 1131
223 763
134 789
404 621
151 848
127 605
217 458
203 1112
17 785
444 878
818 1192
128 1191
371 849
67 296
1161 1189
241 691
1066 1125
411 838
304 1063
649 759
120 458
528 663
526 1035
715 952
177 1050
935 1058
447 745
128 170
646 970
440 1006
366 861
187 1125
379 467
2 924
401 1183
504 983
805 1180
645 1045
686 788
1140 1178
463 465
565 897
978 1057
328 1137
68 366
1069 1164
232 895
471 743
354 843
939 1025
25 821
141 971
587 992
12 1158
367 423
1160 1171
1177 1181
760 1064
804 1039
248 824
208 1000
756 850
669 1100
157 1147
776 872
1157 1195
550 1010
854 964
1059 1166
114 167
1034 1114
1007 1072
328 576
906 1151
307 412
1081 1190
395 1033
332 931
349 931
480 780
712 1166
1156 1197
832 1086
408 438
86 954
836 944
583 829
592 1138
875 928
233 299
206 1184
298 810
184 371
423 448
845 924
333 647
681 1160
361 1187
1175 1196
765 958
1058 1185
897 1028
45 687
1198 1199
1135 1190
685 1153
750 999
1018 1194
283 1106
121 790
580 1048
681 795
780 879
636 984
638 672
31 616
400 1145
884 934
179 489
638 987
135 948
835 1057
1055 1184
466 576
250 746
482 749
1097 1140
929 980
188 627
82 788
244 816
376 1025
643 1035
643 783
591 1070
615 938
511 1105
874 936
584 1122
1197 1198
686 1011
696 1122
494 907
145 1085
471 1178
946 1109
1034 1191
1183 1189
207 527
464 1098
513 609
161 275
111 516
998 1071
909 1128
524 525
912 1105
1008 1071
38 687
94 303
422 641
980 1035
528 867
894 1047
1185 1193
886 1093
1037 1174
272 316
456 1108
1131 1181
274 736
970 1087
882 1098
257 626
656 1060
453 1046
68 991
834 999
151 827
214 492
1135 1199
793 897
88 252
612 866
90 966
1121 1198
1018 1044
274 294
394 1195
126 1041
646 807
392 502
958 1061
165 1103
972 1041
906 1177
770 874
1096 1158
390 945
1195 1199
387 904
454 985
257 489
1112 1168
135 540
53 696
558 745
888 917
1021 1024
726 741
475 1153
1179 1185
645 702
405 892
634 910
1197 1199
524 1040
953 1131
561 659
249 449
607 1088
1032 1169
126 258
759 1074
617 830
1111 1158
993 1071
678 974
675 1151
1084 1139
77 660
880 971
585 885
1107 1182
654 742
118 1054
142 448
302 413
474 1162
889 971
182 499
112 720
41 1001
1163 1170
1178 1181
93 898
771 1034
788 1186
988 1071
5 206
36 247
492 748
1130 1174
999 1082
507 914
477 973
991 1067
618 829
81 93
985 1020
135 208
41 1074
588 1167
316 996
725 862
116 440
446 1096
501 811
1125 1144
624 1121
1006 1026
779 868
838 895
503 536
176 945
135 1078
1064 1104
89 822
825 1154
791 1076
970 1163
159 846
951 1016
291 1102
885 1131
865 1113
123 372
605 943
1140 1185
700 1170
480 696
987 1011
217 762
307 696
926 1013
823 945
1077 1087
618 788
1163 1177
719 1039
568 624
330 562
1188 1189
505 1011
884 942
183 1061
364 853
699 729
0 135
330 570
239 584
827 909
419 763
856 1026
129 882
18 479
56 1172
1161 1175
155 847
874 1104
339 1155
850 861
599 801
502 559
878 1140
170 721
1132 1192
796 978
308 330
450 936
226 1105
735 1108
251 802
1095 1144
632 1021
208 865
994 1096
645 1139
145 383
1086 1128
550 937
1117 1178
995 1119
10 1109
655 793
890 1197
32 772
1051 1132
981 1011
964 1072
786 993
34 897
1006 1074
136 787
553 764
1014 1067
463 931
577 778
1001 1162
818 1199
80 451
335 1015
1133 1189
679 743
580 731
1103 1175
715 1072
282 892
673 677
615 1139
177 887
742 1140
285 1084
478 593
695 1072
872 979
272 1075
408 845
1052 1100
886 1080
52 1172
668 1095
1020 1095
755 1096
280 649
377 1106
1146 1181
19 65
1043 1098
186 658
944 1190
169 912
382 670
747 943
921 1159
875 1029
930 1135
310 579
933 1099
317 736
55 174
780 804
70 241
365 825
670 1097
130 246
620 1061
1122 1172
112 1015
147 1091
433 1005
947 996
721 819
770 942
17 948
1123 1152
1110 1180
349 453
554 871
1197 1199
565 917
59 845
1165 1193
622 682
336 1095
383 1107
776 1076
76 309
1011 1112
38 145
818 908
823 1110
911 1053
1023 1075
758 833
1029 1068
473 1067
1174 1183
1101 1199
249 437
167 416
846 1129
1071 1097
386 545
218 689
38 103
697 830
846 1012
693 800
2 27
38 833
444 605
388 956
101 171
245 802
756 923
833 1071
615 720
1196 1199
56 774
483 493
972 1156
893 1190
820 1008
740 800
1054 1198
715 1191
780 1103
678 1048
895 1063
717 905
628 630
269 1169
278 585
106 413
184 893
534 785
941 1111
1064 1186
725 837
292 1193
202 778
1088 1137
454 555
302 949
11 949
197 831
1021 1162
786 1059
516 593
721 1002
791 815
433 870
817 1041
31 927
871 961
1123 1186
235 1119
302 667
1110 1155
712 914
330 1045
439 1173
164 1081
1010 1075
587 625
363 609
923 1019
1030 1167
474 979
596 778
313 687
327 1036
484 865
506 847
500 551
572 611
937 940
985 1001
952 953
146 705
306 1069
1118 1156
60 122
1012 1197
147 552
696 1131
564 826
242 763
724 907
177 740
996 1124
497 760
290 1034
673 896
256 563
366 524
65 755
213 1128
1053 1055
558 847
927 994
1040 1114
551 1104
789 962
770 934
271 634
35 1089
355 836
46 833
14 24
178 489
214 769
715 924
40 351
771 986
761 1120
606 855
778 1151
498 1124
146 912
1192 1199
118 684
868 1086
1086 1193
117 721
759 1065
899 986
1128 1146
62 1120
370 763
897 1011
124 473
826 1166
385 445
348 405
400 1157
162 213
996 1078
924 1105
1063 1153
651 1078
71 661
852 1180
1133 1161
1165 1175
498 708
816 918
38 848
387 858
143 1065
1075 1173
265 468
966 1162
917 1190
935 1132
179 1114
390 923
574 1125
690 1180
87 898
201 407
1107 1158
58 695
64 953
86 480
355 1165
262 873
734 824
909 954
502 1113
721 1112
217 357
668 978
1076 1171
154 998
222 430
1063 1111
973 1077
239 1152
150 1106
946 1047
170 543
161 705
975 1058
522 1077
1185 1187
199 901
455 754
721 1099
228 541
246 858
495 585
616 790
852 1199
112 635
729 929
167 205
265 266
1051 1080
1047 1192
468 478
387 1067
1047 1114
300 359
502 787
401 847
959 1021
1035 1082
583 800
554 946
570 863
134 361
1164 1185
240 340
732 1142
591 955
715 1123
952 1152
1019 1033
758 1073
447 941
970 1068
812 838
754 1120
951 1194
93 511
702 824
1058 1182
366 618
1064 1072
626 879
156 794
67 392
809 939
98 1098
948 1167
317 825
100 901
1168 1175
750 1172
560 813
613 974
123 881
759 923
310 1161
101 528
608 666
242 483
634 1154
406 1052
1000 1112
327 482
174 1011
167 548
336 1185
724 863
47 934
440 476
1147 1181
1151 1176
212 880
824 1041
1109 1124
702 869
1189 1196
591 916
1175 1198
801 952
41 670
145 424
931 1190
1157 1196
451 1096
780 1156
981 1015
1154 1187
441 1090
726 813
483 1147
405 1016
672 885
316 438
111 336
386 1046
1162 1170
135 435
662 980
502 906
472 632
598 693
1173 1195
465 920
719 1046
753 1143
526 1109
978 1076
163 1176
909 1007
858 909
26 193
1192 1196
743 855
1188 1198
384 1164
204 210
1043 1194
1123 1184
641 847
818 1041
1104 1155
1045 1151
556 917
491 940
353 737
234 1169
991 1096
96 227
954 1120
1012 1109
1169 1187
860 1122
345 886
326 414
498 509
43 909
1105 1182
987 1110
893 1114
305 599
91 447
984 1125
501 646
192 972
1067 1101
449 813
212 355
417 582
309 971
407 1013
1127 1169
458 738
1078 1191
686 717
346 483
119 454
1174 1180
753 1059
369 902
303 402
1026 1028
229 1182
971 1124
288 328
295 504
282 554
698 1030
226 565
780 1070
458 709
180 335
223 687
479 669
569 965
986 1030
566 616
566 999
1027 1167
579 862
151 1170
133 202
316 399
1009 1168
1099 1155
685 1183
546 549
297 614
510 787
766 1178
352 688
320 527
110 914
481 652
622 1182
745 1080
395 1040
612 854
236 734
1080 1118
962 1194
848 963
514 814
604 635
612 1012
986 1002
707 1031
217 1152
640 793
