2800 5600
1574 2232
601 1823
885 2508
1554 2551
1729 1864
1862 2424
1048 1935
101 2669
1224 1629
543 1483
2152 2591
36 1407
2677 2799
1548 1793
1823 2012
2138 2247
449 2436
2405 2581
995 1917
2410 2797
1445 2261
1474 2108
2707 2735
2100 2402
882 2650
1196 2053
409 2404
1380 2673
1210 1860
2442 2452
499 2333
971 2775
1247 1703
1547 1880
508 2493
94 2002
1123 1701
612 817
1507 1991
1210 1828
1714 2260
682 2207
1477 2745
363 1271
2540 2590
2256 2472
2022 2726
2482 2797
2437 2723
2730 2783
334 428
404 1256
237 2105
1287 2311
2493 2731
1795 2496
2595 2612
338 2714
812 851
2433 2651
966 2205
99 2070
1131 1794
855 1722
1382 2403
185 1493
334 2330
203 2183
2051 2618
1659 1673
1465 1955
2797 2798
1830 2185
855 1173
1402 2737
1913 2376
213 2677
2703 2758
534 2642
313 1768
2433 2508
230 1960
251 2407
1724 2059
1078 2518
258 562
402 2532
434 1053
812 1599
2189 2621
1511 2468
168 533
1252 2642
1033 1539
2328 2557
1925 2210
149 1562
217 1454
1365 1727
610 995
2130 2722
168 411
2175 2583
948 1350
1439 1710
2719 2753
480 749
2545 2751
1157 1432
1323 2358
90 796
135 947
2676 2679
1182 1516
1429 2120
1909 2670
2031 2673
621 2688
553 2134
2674 2708
745 1072
2126 2471
1276 1959
1758 1908
1497 2210
900 909
2549 2669
210 1421
2740 2774
2632 2719
813 2336
686 2393
2123 2650
1991 2275
841 914
2640 2718
2484 2744
1441 2716
881 1641
2111 2601
5 2383
2357 2523
1761 2392
2707 2764
2316 2503
419 787
972 2382
984 1430
2217 2684
1077 1167
2692 2764
329 498
2171 2477
1780 2382
1954 2528
1373 2408
1450 2307
16 992
1513 1617
1653 2114
1466 2545
645 1665
2602 2606
1966 2505
236 1111
503 1807
1967 2325
1155 1882
1399 2476
956 1284
515 845
857 952
1889 2253
2757 2772
1907 2126
211 965
2623 2669
1308 2547
2196 2784
15 1915
258 2155
1772 1913
1226 2016
2408 2653
882 1499
2304 2565
1220 1240
817 2525
2024 2242
336 994
1860 2566
2396 2510
241 2476
2149 2282
1088 1509
2551 2696
2241 2683
46 2278
2635 2799
105 1002
152 2076
2028 2069
2494 2641
2463 2535
2097 2389
1649 1756
652 1836
40 1955
1082 2093
2053 2442
421 1232
2074 2760
2568 2620
2718 2783
166 2620
285 500
2209 2674
1233 1472
933 2418
330 2169
1191 2266
1075 1617
2273 2481
1301 1461
2437 2520
1871 2753
2442 2790
307 1804
1374 1434
1086 1843
173 2731
1963 2589
1866 2004
319 2622
2208 2767
1650 2269
441 559
2427 2445
1790 1859
1249 1356
2034 2519
796 2726
1801 2569
2323 2715
2136 2775
2295 2699
2647 2652
2124 2657
2006 2482
2704 2769
523 2697
2026 2540
2593 2792
2016 2464
2340 2714
2785 2798
897 2759
945 1933
290 1504
1908 2108
2062 2105
1104 1995
2698 2755
1467 2758
823 1886
1558 2595
2796 2797
2573 2578
108 1535
1422 2162
1263 2218
2434 2769
784 1937
2074 2159
2635 2729
2330 2733
885 2343
1433 1839
1800 2590
538 2661
2330 2723
2720 2738
2622 2794
2625 2744
1117 2058
1202 1679
1910 2244
154 219
502 2491
2570 2777
1333 2666
1157 2149
1260 2450
221 1061
87 2356
1169 1778
401 2273
2173 2432
857 1117
1227 1439
989 1072
2396 2412
906 1932
494 2797
2235 2791
1290 1510
1402 1634
2552 2587
1329 2273
1949 2560
2733 2754
2056 2247
417 2507
2008 2282
2301 2383
1602 2671
296 571
962 1006
2044 2347
2747 2756
1465 1967
1683 2691
831 1122
2507 2567
2092 2766
499 1330
2583 2609
1970 2440
2678 2737
1027 2294
1995 2763
2728 2771
1019 1784
2251 2256
2442 2725
2667 2798
752 1650
1165 1507
2465 2728
2580 2705
542 2113
174 207
2294 2515
2217 2614
455 1994
1921 2451
216 647
871 1080
1572 2702
894 2221
127 1446
2634 2765
143 2225
2126 2733
1504 2431
1223 2025
156 2741
683 2607
2252 2625
2750 2798
1012 1635
279 1708
1582 1583
755 1552
59 2082
2086 2518
1474 1921
2022 2530
5 1684
1880 2795
2191 2437
812 1270
291 1392
1211 2331
2574 2614
1759 2185
2150 2689
580 2719
1835 2081
1671 2647
2740 2774
683 1553
1372 2325
1369 2365
404 726
2638 2699
610 998
1941 2660
1641 2238
2778 2787
2792 2796
2740 2764
124 226
2247 2320
1981 2762
2346 2736
1549 1894
177 2065
190 2269
286 2723
2105 2695
1226 2031
2256 2291
1983 2723
845 1823
2237 2349
2742 2753
108 1062
1945 2395
1096 2603
1243 2412
2327 2474
802 2190
121 2250
105 286
1470 1750
124 2423
2431 2501
1010 1756
1553 2474
2589 2721
319 1852
2499 2769
513 880
1634 2135
1471 2031
2577 2771
2627 2719
2324 2461
78 2180
1523 2789
1578 2732
815 1811
333 2686
1198 1740
442 2685
1829 2346
1565 1860
957 2529
2297 2403
1581 2281
271 2639
1878 1957
564 1509
1536 2287
493 1319
1821 2246
1262 1466
2394 2745
56 2333
1766 2668
2484 2717
63 1128
2622 2686
2092 2117
1310 1528
2394 2454
530 1302
2136 2631
89 1037
1542 2669
2249 2377
2575 2746
2763 2788
1638 1701
382 2386
2766 2795
232 1782
1555 1822
2423 2570
834 1734
1408 1550
2278 2397
2735 2772
175 1033
1356 1933
1550 2538
916 2180
2789 2795
2760 2765
2653 2729
333 837
1928 2747
2379 2561
513 1126
14 2099
1743 1940
2443 2737
1772 1846
2503 2772
2665 2738
187 2768
2252 2662
2310 2444
1655 2417
777 2717
2710 2797
1858 2495
519 1544
1334 2367
2510 2716
739 1736
1044 2098
2612 2695
2259 2720
137 823
2386 2762
1324 2459
1052 1710
1398 1857
34 133
1312 2178
541 1982
2427 2522
887 1923
1856 2583
797 2632
1445 1485
195 442
1975 2534
392 2371
717 1515
973 1154
2466 2660
1694 1973
2665 2796
1782 2068
984 1918
2495 2751
2137 2453
488 2306
2548 2598
1412 1820
36 1346
1136 1325
1212 1430
2768 2792
1194 1221
702 2359
1216 2392
62 590
544 1469
2128 2170
2750 2761
623 1142
2623 2716
562 2671
2753 2799
1023 1531
1400 2729
2025 2248
2356 2370
2696 2787
561 1086
1335 1911
2560 2761
2139 2498
2761 2779
2043 2748
902 2269
1949 2791
2024 2643
1610 2599
2373 2449
1734 2509
341 776
1375 2793
681 901
1115 2571
2081 2676
2393 2666
952 2481
60 1725
292 2792
1110 1330
1207 2686
2009 2646
2303 2484
1279 2502
2532 2659
2208 2304
552 2198
1402 2608
394 2651
1046 1138
2510 2712
1289 1586
2595 2717
1511 2408
874 1177
224 2249
481 2361
136 1584
1417 1514
966 1012
1010 2322
1846 2289
2759 2786
411 1887
1506 1586
2689 2731
1851 2675
1531 1559
2261 2384
1880 2150
1457 2465
1988 2284
2502 2711
2762 2765
1212 2747
277 1539
992 1387
164 1728
827 1017
2232 2574
2728 2760
2604 2616
909 1837
145 897
786 2339
2150 2208
46 550
553 1101
2786 2790
320 2387
1123 1546
281 2403
2118 2531
496 539
1583 2359
1267 2060
2590 2698
654 1129
1213 1265
1092 2489
2047 2172
1126 1941
1194 1252
2174 2541
1075 2102
309 562
1758 2224
1417 1747
2755 2795
588 2530
944 1579
1998 2639
1634 2682
314 345
2745 2784
1415 2347
240 1107
1269 2300
2106 2163
183 1627
198 2572
132 2123
2206 2328
842 1056
1702 2364
1666 2753
1985 2557
2776 2789
2172 2757
511 1853
2033 2152
1870 1880
1584 2543
2451 2637
135 535
2517 2523
1697 2438
569 2267
1874 2401
2421 2781
1431 1527
1920 2733
1076 2440
61 1018
1862 2263
1942 2052
1403 1828
2604 2706
2003 2195
2121 2616
2015 2309
1177 1257
2453 2600
1824 2736
2363 2514
1530 2115
994 1532
1584 1924
764 2360
1170 2277
348 1194
2039 2536
1403 1499
273 455
2764 2781
902 1383
255 269
2410 2629
881 1114
2210 2789
2758 2781
97 417
2568 2610
2109 2146
794 2272
1018 2339
923 1679
1459 2217
74 2494
607 771
2731 2791
2293 2698
1647 2131
2658 2715
1088 2570
2603 2605
1511 2102
2208 2602
2766 2787
2613 2669
366 791
949 1926
1669 2079
502 1881
973 1200
266 663
93 1747
1879 1949
2166 2595
2026 2727
2356 2541
2100 2334
1898 2746
2369 2458
2388 2743
186 1577
2522 2650
211 2658
2483 2685
1844 1884
2220 2263
1730 2316
142 707
2237 2356
2684 2779
2244 2695
916 1011
2718 2724
1279 2749
876 1488
463 1219
665 965
2501 2757
794 1234
2789 2793
15 2043
2374 2488
2127 2674
1815 1945
318 1434
591 1326
2145 2150
872 2282
510 2151
2404 2682
2398 2770
655 921
1912 2212
1328 2288
1158 2613
1933 2319
1577 2524
1561 2791
1731 1965
207 1383
281 1099
166 296
2356 2416
1912 2391
191 836
1639 2006
1774 2380
1393 1550
1967 2143
2414 2583
1800 2393
505 1730
446 1515
406 850
2560 2748
874 1266
2089 2748
369 881
1667 2069
2160 2287
896 1302
842 1623
2359 2466
925 2774
2638 2728
614 1357
2028 2792
424 2296
2330 2340
1329 2419
327 1269
1559 2757
516 2519
1542 1551
292 487
2054 2795
2429 2555
481 604
2226 2554
898 1871
478 615
978 2742
2184 2372
671 997
1179 2636
2770 2789
1683 2371
1470 1558
1982 2567
328 420
2164 2261
974 1099
464 1792
803 884
1486 2586
1902 2561
1185 1833
2065 2415
1706 2783
1945 2386
1704 2324
1132 2686
1703 2261
2131 2427
1336 2445
1183 1325
535 1872
962 2329
1679 1901
1838 2705
2660 2755
2665 2719
1138 1249
1594 2097
2797 2799
647 1121
88 1855
1496 2342
2178 2206
430 2511
946 2017
1304 1352
192 1247
2729 2733
181 386
2334 2744
1132 1610
884 2261
2460 2622
1670 2672
2667 2746
338 1823
511 2680
1097 2526
630 1238
1478 2279
2682 2686
2635 2664
1388 2508
581 2760
2796 2798
823 1338
1205 1416
182 594
1199 1904
60 2516
2000 2327
138 323
1308 1907
442 2124
1969 2714
1835 2145
1506 2537
2081 2174
1838 2069
670 932
150 2731
395 799
329 461
1518 2580
2473 2762
2618 2768
2731 2760
1641 2239
1751 2765
2005 2440
967 2736
376 1502
2096 2658
164 2271
1045 1928
2578 2708
2692 2767
1136 2070
521 1247
1679 1885
116 1590
1944 2057
767 771
2354 2683
1567 1618
1353 1720
323 647
1359 2358
1173 1381
2688 2690
2475 2574
143 914
2338 2797
118 953
692 2484
849 2549
1740 2418
2607 2732
1288 2655
66 762
1741 2506
483 1613
582 2615
2027 2716
2053 2334
2371 2390
1657 2441
1035 1895
2672 2768
1679 2244
2550 2696
551 2397
878 1553
1894 2377
1001 1673
2053 2546
1636 2053
167 2238
2131 2636
1293 2721
2258 2799
511 1793
675 969
1764 2563
432 1203
2150 2754
857 2615
2274 2609
1096 1724
1216 2779
1132 2784
1227 2598
690 2454
175 604
574 2647
860 1496
2648 2682
626 2380
1008 1521
2073 2494
1482 2341
1421 2042
947 1259
462 2778
2461 2775
1891 2257
2647 2734
62 278
743 1227
1710 1960
735 1388
799 1095
2637 2711
542 997
2273 2631
1139 2473
799 1774
479 1174
507 781
428 798
2790 2798
92 2488
375 2344
751 2794
785 2609
926 1458
1314 2737
1166 2762
1894 2609
2514 2677
2347 2709
1668 1750
443 2725
2501 2617
1911 2487
1355 2423
2039 2410
2634 2695
1360 1715
1634 2595
1458 2245
2165 2724
1876 2359
464 825
2609 2695
1968 2233
1807 2009
1142 1483
273 709
249 577
1527 2383
1662 2198
2612 2741
2093 2355
2193 2275
74 2535
125 1163
1489 1747
1027 2318
388 984
2247 2693
2430 2726
57 158
1364 1609
1937 2417
1405 2430
1500 1590
2571 2705
1834 2715
844 871
977 1453
577 1833
1710 2258
2088 2428
1893 1898
2543 2687
2383 2392
673 1552
1462 1803
1878 2137
1113 1267
2461 2699
1231 1865
2688 2714
749 1992
2345 2545
2341 2547
2163 2608
2653 2773
1019 2398
149 1601
1037 1773
2422 2677
1108 1669
1324 1704
2478 2558
145 2599
869 1658
1974 2654
214 2384
1245 1322
1356 1777
147 2063
1370 1839
2639 2665
948 1487
2067 2159
884 1627
1490 2403
2132 2326
826 1750
1365 1687
1100 1778
2282 2285
239 2326
2017 2584
2467 2791
1065 2584
2344 2611
2518 2651
2486 2492
1376 1700
317 2216
1254 1509
1761 2354
2611 2796
2774 2786
1581 2615
574 1839
1458 1777
717 1281
1301 2354
26 2451
2593 2702
2167 2551
2405 2624
1723 2309
873 1490
1217 2748
2202 2767
676 1266
161 2113
1439 2284
1896 2471
1311 1842
2457 2722
1461 1801
601 1217
1857 2790
862 2011
2206 2281
815 1810
167 1681
1909 2716
876 1465
971 2628
284 751
112 2555
303 2009
2616 2647
1989 2096
354 1059
1618 1763
1139 1290
1770 2108
898 2196
2168 2382
2748 2752
1510 2362
307 1262
2287 2629
2088 2151
1950 2462
1329 2776
1986 2241
1437 2194
1405 1735
2254 2474
776 2086
475 2095
2512 2720
1316 1693
1523 1856
2461 2608
1312 1613
877 2016
2679 2789
1515 2728
904 2356
1267 1603
1458 2063
2143 2653
1546 1930
610 741
1029 1388
433 1010
606 2326
1836 2075
2229 2273
2262 2559
352 1130
1435 2354
1504 2004
604 2209
2000 2750
1869 2448
1485 2506
152 573
1873 1976
1128 1679
2176 2487
1637 2094
66 2300
1807 2168
1474 1732
1603 2702
2710 2777
223 1013
1873 1909
2246 2591
1235 1971
885 1272
1847 2664
260 799
1839 2181
1695 2102
594 1973
1134 2785
365 1717
2780 2789
2247 2676
1888 2146
1774 1796
1682 2525
961 2207
2047 2448
960 2165
734 2771
2482 2764
1800 2376
1817 2142
1017 2022
1964 2539
614 2687
1042 1060
1765 2044
972 1693
1647 2449
567 1685
2367 2774
1687 2121
1281 2278
1245 2451
1587 2148
1434 2426
1999 2504
836 1449
1713 2557
2479 2633
201 1278
1196 1779
2289 2307
1129 2786
82 2043
2005 2123
2013 2271
891 958
1671 2659
302 2094
2574 2589
881 2224
821 1294
796 2465
1688 1727
1740 2475
693 2757
1146 2059
1102 1107
576 1140
413 2093
2118 2121
2338 2567
549 1034
1409 1970
2583 2617
1905 2240
1657 2423
1696 2346
609 2083
2588 2705
929 1906
1116 1299
2494 2649
129 1972
1343 2320
863 1180
2553 2617
120 416
1785 1917
2408 2702
810 2198
1929 2570
972 2462
934 962
2033 2137
1194 1850
1876 1953
1934 2789
2197 2470
625 1454
1041 2381
1384 1989
924 1168
961 1584
914 2646
2581 2785
79 1266
2786 2799
2059 2205
2305 2309
223 1590
1241 1515
1328 2329
454 1370
2155 2764
1455 1606
2588 2597
970 2704
130 2062
1351 2302
2333 2750
1907 2117
1586 2569
838 2674
2067 2183
1260 1292
2759 2792
2260 2793
1382 2149
1643 1667
1297 1883
1261 1311
510 1454
786 1862
1114 1558
2272 2438
2097 2643
1589 2704
265 575
2169 2500
2599 2667
643 1123
947 2732
2773 2793
643 1535
2753 2777
2700 2769
2672 2748
591 1482
2063 2526
2667 2734
2627 2752
2422 2753
2057 2660
1230 2078
546 1723
971 1681
1642 2523
531 2623
2420 2715
2745 2748
1018 2717
2724 2726
1839 2559
2585 2747
1227 1988
1964 2319
307 2762
2625 2709
1180 1666
1832 2673
372 1838
1163 2789
2788 2799
1392 2288
1087 1479
2086 2665
369 2579
697 1072
1617 1933
1007 1191
847 2100
2608 2765
2015 2508
2525 2772
1230 2521
759 1565
1928 2647
2368 2380
286 1009
1809 2171
801 2501
434 683
1467 2655
383 2363
471 1240
400 2134
2457 2490
2385 2454
2115 2347
1305 2153
2785 2792
1045 2284
909 1569
1874 2169
288 1573
2074 2357
1587 2450
2510 2673
1225 1624
400 524
621 1979
2622 2664
151 1250
1395 2574
1266 2620
931 1311
596 2572
2390 2799
866 1294
2340 2751
763 2082
1169 2437
341 2194
132 2727
132 2207
1053 1910
88 1452
928 1058
2693 2771
1175 2145
1189 2677
2777 2782
1481 1803
1304 2627
1473 2521
2287 2321
907 979
870 1948
684 832
2119 2670
2659 2679
2289 2573
1485 2694
1898 2656
649 1096
1244 2263
1322 1744
659 1074
2132 2342
1665 2223
1547 2575
1710 2163
132 2528
910 1753
2733 2787
770 1202
605 905
849 2293
2069 2462
416 675
1460 2785
629 2596
2635 2774
666 2291
1505 2005
883 1777
2276 2762
2574 2595
206 1699
1584 1800
491 2345
1938 2433
704 1735
561 1207
1349 1607
6 2182
1384 2682
2511 2724
1655 1965
207 505
542 2480
63 1293
1294 1662
840 1805
577 1443
2190 2791
890 2271
2636 2673
218 2045
2701 2772
181 1749
1016 2184
507 1244
793 2019
1567 1576
2572 2731
662 2216
1379 2012
2234 2749
4 1297
1406 2770
1647 2738
888 1242
647 2463
247 1167
1815 2449
2308 2799
2653 2756
847 1954
1712 2559
1770 2728
1346 1651
1730 2756
332 566
2419 2581
418 2027
1533 2162
1512 2658
2195 2557
290 1680
2357 2720
2652 2778
2352 2631
1335 1661
2254 2747
1150 1541
2034 2286
1383 1852
2640 2740
645 649
2102 2582
2042 2122
1123 2244
2281 2403
863 1489
1088 2546
233 1547
2551 2674
716 796
2564 2682
2375 2603
1767 2317
1663 1749
2507 2710
1132 1975
618 1795
2567 2712
2491 2661
2043 2787
1860 2693
256 951
1947 2415
867 1624
1348 1637
544 1219
2745 2758
2394 2570
640 832
1176 2374
663 1388
1820 2251
2115 2735
1062 1410
1395 1864
2760 2778
2753 2767
1693 2262
1903 2079
1905 2096
1374 2120
1842 2646
1062 1796
123 2500
1453 1533
2445 2661
418 965
31 2687
922 1784
580 2425
1658 2242
1364 1455
947 2288
2394 2485
1677 2078
850 2248
650 1785
45 1677
340 1951
646 1918
1741 2526
1112 2205
367 2055
2070 2326
2546 2603
1216 1795
1431 1879
1035 2522
705 2394
205 1371
2356 2632
1287 1359
2091 2225
621 939
1342 2350
2451 2715
935 1796
1604 2292
1887 2616
1798 1830
106 1927
1711 2042
2577 2671
1721 2053
666 1470
435 1586
953 2422
429 869
2000 2030
2694 2784
37 1318
1206 1820
169 1982
849 1135
1429 1926
2187 2275
699 1733
736 1505
497 978
895 2372
7 1602
2035 2290
215 2373
1103 1288
319 1215
2783 2785
1985 2541
378 1797
2578 2623
341 1034
2643 2793
1899 2497
1224 2463
1733 1825
2600 2704
2437 2587
1586 2200
926 2370
1320 2353
748 905
2164 2493
666 1505
19 1962
942 1962
2081 2140
1221 1828
2597 2619
1341 2701
2755 2772
842 1295
2227 2340
1166 2518
2605 2734
2337 2774
2092 2478
1336 2510
1457 2623
1688 2615
1272 1931
2332 2479
1840 2617
997 2446
1360 2482
290 1713
538 2366
1196 1640
244 1258
529 1001
1839 1928
1116 1628
1389 2795
295 1756
870 2223
565 1892
2077 2693
2638 2706
416 1784
1991 2199
542 651
676 2164
848 944
540 622
735 2614
825 1201
461 544
2153 2683
2284 2768
358 1452
579 2040
574 1582
1246 1383
2524 2702
160 2156
553 1719
2731 2774
2220 2749
283 765
2409 2618
1895 2198
2507 2657
2169 2701
1739 1899
68 2000
2740 2770
226 979
1529 1913
89 2581
1116 1932
897 1191
2312 2548
2366 2441
2747 2778
1270 2745
166 1587
1246 1821
1370 2303
2347 2658
964 1051
1678 2368
1879 2095
1 2459
746 1503
191 1786
2255 2398
2089 2697
368 2544
59 866
235 1450
1204 2227
104 440
375 1008
2184 2735
2670 2773
1237 1755
592 2012
1979 2062
2371 2744
2697 2798
2641 2688
393 2609
2767 2778
547 2565
1639 1719
1849 2665
1329 2678
1889 2097
566 986
2294 2392
518 1691
504 2691
2025 2496
961 2388
777 2237
1277 1696
1180 1548
2130 2752
2587 2638
564 2141
408 2500
813 1140
1404 2119
729 2170
2354 2382
1026 1632
314 326
1734 2425
1595 2512
1335 1780
1047 2528
2261 2782
2311 2608
1166 1574
804 2330
172 2285
189 1836
1850 2434
1397 1550
131 1213
196 2368
1771 1934
2705 2775
2266 2778
2771 2781
488 2043
269 2515
305 1969
1107 2110
1610 1893
2625 2702
1286 1604
1674 2776
1894 1921
2475 2506
2 2375
1478 2747
2123 2278
1357 2402
2387 2671
2583 2677
1718 2732
48 2290
1252 1495
1009 1345
1334 1565
760 1594
2314 2323
2128 2414
2356 2562
240 1358
2544 2593
2479 2667
1975 2443
2458 2716
2524 2706
2367 2463
2134 2787
33 1161
2258 2676
360 2532
2017 2310
1207 1260
204 293
1339 2179
1595 2193
914 2316
1800 2098
2109 2704
2144 2223
1921 2417
1439 1605
2281 2589
107 1209
1588 2330
1480 1530
695 983
914 943
1144 1941
2699 2760
613 1323
2155 2639
1072 1762
1478 1588
917 1389
162 1762
349 592
869 1113
303 2162
365 1879
41 764
1957 1960
2166 2340
899 963
2649 2737
2089 2181
2417 2553
531 2704
2724 2733
1947 2650
2442 2730
1463 1782
797 1548
127 2551
110 275
270 1936
444 1686
518 909
1126 1183
1690 2305
671 1715
1067 2353
746 1928
13 1681
887 1916
2477 2773
876 1538
1031 2192
1909 2393
514 1285
574 2290
1714 2312
240 666
631 1601
274 2109
1503 1975
124 1319
1925 2607
2210 2212
2539 2641
679 1801
397 1814
1614 2019
1875 2490
18 711
256 952
530 2643
1647 1809
473 1103
438 2139
653 1048
2286 2703
748 2638
514 595
1135 1489
278 2158
985 2323
2226 2429
380 1292
45 833
2598 2606
916 1272
1397 1849
867 1017
774 1164
582 2222
1572 1639
904 1850
859 957
720 2538
2497 2516
2361 2439
2601 2798
2687 2744
2577 2706
1 1271
1190 2467
1626 1937
920 1119
313 2182
193 781
1438 2398
446 771
2535 2643
371 2573
515 2543
1917 2636
1841 2431
2548 2597
2404 2516
2025 2093
2753 2777
1096 1721
953 2578
1320 1543
1625 2327
2187 2496
2726 2792
889 2639
119 1785
2158 2404
1969 2717
445 2794
1478 2320
865 925
1166 1811
1206 2529
1727 2565
2707 2772
2573 2654
885 2500
2652 2709
1549 1706
1781 1829
568 1573
1514 2741
1493 1544
747 1496
1438 2776
1099 2710
2771 2786
513 908
246 1863
1391 1748
1469 2066
2671 2787
532 681
1222 1459
1400 2059
1417 1880
742 2670
2316 2643
2528 2709
364 1981
2721 2794
1320 1413
2517 2553
53 925
1014 2271
970 2618
1520 1836
1787 2346
2446 2763
490 1802
1489 2300
2453 2737
2286 2796
2788 2791
1276 2723
824 2006
1636 1663
592 1358
2271 2535
775 1627
2030 2460
204 686
391 1736
1342 2642
496 2164
2247 2653
479 862
2461 2794
2766 2791
849 1271
1452 2175
802 943
246 1729
1339 2240
1258 2118
2338 2553
2180 2405
33 84
2662 2667
2055 2348
2716 2719
1721 2453
1371 2681
1428 2212
2546 2580
2612 2661
1144 2196
2206 2538
1756 1918
2448 2746
340 2115
2794 2795
829 960
44 305
1626 2560
1283 1549
2059 2592
2728 2736
1167 1417
1786 1892
352 795
824 2655
1713 2191
2617 2637
1018 2147
1338 2499
285 1064
1406 2125
584 2478
1807 1842
1592 1666
802 851
568 2621
2724 2779
2695 2719
2010 2716
915 1119
692 1212
2709 2716
2495 2650
304 2376
1102 2599
674 2109
1421 2445
1186 1583
1134 2571
844 1374
2481 2622
1647 1896
2290 2432
1574 1830
1537 2775
2065 2521
1375 2267
460 2724
2674 2685
153 928
1146 1920
425 2440
1135 1400
1875 2363
700 1914
1473 2549
1273 1713
1860 2100
1313 2447
1159 1758
1091 2534
2621 2781
2222 2642
1473 2158
1258 2232
1152 1512
2339 2380
2227 2332
1965 2318
1213 2606
2631 2708
2028 2449
1295 1585
1207 1591
2558 2668
1834 2149
578 2512
2212 2337
1550 1855
1044 2409
1918 1972
1670 1992
2303 2748
513 660
2797 2799
823 2084
667 2632
475 1853
434 809
363 1325
2661 2773
1580 2564
1975 2551
1982 2319
813 2489
2664 2774
2086 2569
535 613
1374 2719
1183 2260
628 2708
257 1983
1385 2020
853 1296
1872 2417
2010 2376
997 1748
1107 1872
276 583
340 460
1870 2179
1598 2119
1664 1753
2366 2647
781 1083
72 1402
1165 1649
590 1535
938 2146
1775 2291
791 1488
2653 2662
1548 2670
1156 2103
956 2546
2313 2470
1247 2738
2381 2528
2020 2259
1716 2148
215 2394
43 1565
2116 2246
1134 2704
1816 2712
1008 2141
696 2322
1474 1907
1075 1317
839 2230
2040 2153
1472 2160
611 2574
1767 2776
871 2367
725 1627
1461 1953
1134 2400
2764 2795
2643 2657
2700 2771
779 1349
1975 2740
238 452
1871 2729
1432 1712
2302 2499
1285 1908
1763 2740
1038 2264
2648 2753
867 1330
1420 1720
1837 2792
945 1412
2120 2497
2365 2605
214 1579
159 359
1838 2347
1141 1999
1927 2037
1744 2080
2100 2438
2643 2704
1038 2742
2033 2067
1346 1775
2142 2608
1645 2329
2304 2765
1466 2327
1857 2250
326 1750
2001 2386
2776 2778
1372 1831
1632 2011
1959 2017
2588 2707
1456 1463
1376 2799
650 1312
1808 2532
2424 2788
742 1599
738 916
2621 2787
2406 2452
1589 1594
2392 2771
514 1395
1952 2438
2454 2457
2146 2244
2014 2356
1078 2141
1231 1272
368 1933
24 2628
2254 2269
2240 2734
1334 2519
545 1286
2664 2692
1819 1844
1970 2380
120 663
1080 1111
1350 2000
2603 2788
2410 2444
2478 2542
1198 1477
2091 2421
2290 2313
1377 2730
124 2024
494 1549
2683 2711
295 1297
1348 1540
1883 2537
917 1182
510 2262
2378 2539
1871 2131
374 1842
979 1746
430 1733
271 1548
250 1045
1986 2079
773 1827
2020 2108
125 131
743 1571
1244 2690
2609 2686
495 1177
2589 2796
2362 2732
2073 2468
700 1632
562 2286
1933 2393
2416 2564
2497 2504
505 2240
2193 2362
2519 2740
2430 2442
2442 2762
1288 1293
255 2669
2174 2748
700 2415
2706 2724
552 620
1779 2176
1176 1487
1957 2787
104 904
2768 2778
2522 2523
1004 1810
59 2018
802 1321
2150 2462
1810 2708
1695 2596
1342 1693
1901 2299
36 124
1942 2418
286 1215
579 2297
498 1410
1619 2594
1403 1891
2669 2787
1580 1749
2699 2781
687 2496
1123 2392
158 2310
2329 2429
1963 2008
980 1273
1621 2702
691 1437
265 803
1255 1791
2300 2421
91 1732
572 2716
686 1922
1938 2244
1725 2279
1350 1814
145 2628
2451 2602
1471 2260
619 635
308 1554
25 103
1144 2170
2225 2618
2583 2678
257 2459
389 866
2080 2300
1377 2382
1536 2530
1308 2556
94 410
2511 2652
1993 2710
1790 2108
2616 2644
297 1126
378 1057
159 783
6 2760
1846 2439
728 1801
942 1467
123 1042
1020 1035
275 2237
62 2781
2716 2761
1309 1970
2471 2477
2074 2120
360 1823
2148 2321
2155 2456
2153 2226
672 1166
1210 2770
2240 2724
411 1081
772 2030
849 1498
1755 2203
2080 2762
2619 2768
1848 2286
1490 2279
2042 2481
2114 2237
1604 2728
2389 2773
2617 2766
1472 2050
823 2194
1855 2421
1274 2533
2510 2784
2429 2543
1732 1834
260 2181
1607 1760
629 2295
1315 1990
2232 2797
1341 1859
177 1206
1204 2365
929 2018
551 1273
2441 2708
995 1725
1148 2361
2043 2581
2352 2364
498 2206
2547 2761
1792 2437
1873 1960
2088 2468
1230 2515
597 2350
433 2703
2483 2549
2265 2708
1903 2791
2062 2731
1741 1847
870 2452
843 1482
1941 2108
1986 2165
1276 1782
1526 1631
1374 2180
1863 2144
1965 2380
1354 2587
1876 1977
462 1789
1568 1853
1869 2149
922 1586
354 2530
1022 2625
1853 2331
995 2390
2646 2717
2618 2678
1725 2308
2157 2414
791 2107
2306 2740
875 1727
2003 2046
312 949
2251 2462
1453 2327
1650 1680
1496 2653
1784 2693
2278 2348
2144 2623
719 2084
496 2576
601 2418
742 1375
2440 2535
1129 1433
2517 2625
748 938
431 2144
817 2445
1947 2653
1204 1344
727 1397
673 1527
2062 2114
2448 2490
556 558
921 1681
2397 2443
2653 2768
967 2796
1964 2657
1102 1612
991 1448
1438 2045
61 1325
704 1160
2314 2358
1135 1465
1121 1460
1091 1567
2075 2571
1989 2135
1197 1539
1495 1594
456 1365
2510 2623
2515 2731
268 2631
1743 2243
1272 1466
88 1815
2528 2720
1307 2712
1036 2514
1504 1540
2310 2409
1831 2454
1302 2148
1228 1784
2756 2773
2547 2606
133 694
2627 2700
246 1678
570 585
1155 1843
2494 2731
1380 1421
1317 2158
2384 2707
1095 2624
1348 2796
2734 2797
1165 2591
250 2202
119 674
170 2131
2439 2495
790 1082
1949 2094
1274 2288
299 2471
1716 2622
2732 2767
601 2521
879 2332
1419 2783
1641 1736
29 1489
338 1553
1271 2720
2394 2417
131 1973
836 1442
265 486
2036 2599
1208 2518
2448 2666
1773 2609
1933 2663
2725 2739
1901 2386
2454 2640
301 2750
1169 1623
2015 2082
1334 1799
2024 2584
65 2008
2718 2768
560 2024
449 1346
2167 2217
1468 2272
1309 2158
1446 1694
1044 1541
1830 2377
1605 1762
458 1289
12 2571
180 2085
1567 1686
2257 2603
2206 2266
2347 2727
534 1235
2282 2512
1233 1910
1736 2776
2592 2648
901 1773
2099 2302
1597 2786
463 2526
2252 2525
2238 2681
1159 2503
968 2482
1830 2028
977 1214
44 735
2351 2664
1821 2504
1111 2699
229 405
1202 1675
2111 2444
428 1752
84 786
2433 2535
1752 2682
124 2616
1743 2277
2316 2556
1597 2210
690 1391
1554 1866
123 1693
98 1347
2350 2592
356 1660
2713 2788
332 1009
692 2559
172 2365
556 2364
1071 1323
2608 2682
2277 2352
2122 2665
1540 2023
752 1897
1896 2099
670 2349
49 359
1211 2282
2297 2720
1601 1687
1763 2470
1136 2150
2069 2341
965 999
1217 1265
2474 2509
790 2266
1347 1830
364 1523
2490 2646
13 1800
1772 2152
2333 2465
1648 2757
2373 2495
255 1784
2581 2747
688 824
1048 1555
2489 2748
2062 2362
116 1691
1447 1603
886 1990
526 958
1889 1894
2708 2764
2223 2419
2742 2793
876 977
1785 2733
1485 2548
2294 2415
2506 2777
1262 1564
685 699
78 205
551 1839
221 2226
1335 2064
1833 2385
2668 2759
1155 1576
1052 2448
1374 2427
797 2069
238 2735
1398 1867
1899 2320
209 413
1976 2016
2395 2725
1836 2155
1851 2097
1188 1515
1205 1604
1206 1640
1185 1506
37 64
2703 2745
1742 2792
2376 2481
372 2117
307 1131
1410 2119
1030 1498
275 2438
1245 2166
160 2287
1927 2085
848 878
2542 2761
2683 2689
964 1177
1185 1478
510 2374
2601 2646
1008 1701
1233 2410
1851 2024
1783 1993
2627 2635
2092 2398
1485 1632
1386 1758
240 422
2596 2604
426 936
1515 2323
1530 2768
653 2053
1805 1911
2263 2428
2407 2658
1037 1737
2570 2743
698 1477
2718 2786
704 1747
2770 2796
807 930
516 2381
2566 2605
1002 1608
2660 2692
1830 1860
1403 1546
2444 2735
1551 2339
639 1022
2087 2445
2065 2552
2569 2700
60 1709
562 587
2349 2465
830 1195
877 2712
918 1403
835 1457
411 2224
2193 2354
1993 2749
1050 2513
689 2046
1290 2264
2190 2766
581 1377
1060 2615
1298 2404
2030 2541
2317 2507
185 1395
1442 1572
885 1981
1500 1718
815 2388
1522 2709
307 2125
256 1594
2103 2479
1992 2114
464 868
300 849
64 1302
2356 2707
1959 2103
2062 2586
412 2738
61 68
2474 2587
2718 2741
912 2268
2382 2646
2175 2513
1367 1505
1400 1488
9 1649
1481 2082
2295 2563
225 2446
1616 2290
2743 2769
1851 2002
2519 2696
11 2028
1452 1629
1353 1769
769 2243
1251 2475
1675 2109
1616 1661
828 2590
2678 2720
1572 2318
1038 2256
1054 2797
1389 2765
2591 2773
1039 2675
2525 2712
461 2396
2560 2577
1030 1441
963 998
2326 2556
162 2079
751 2359
1611 2172
1898 2179
2733 2779
233 731
976 2147
1037 2545
1393 1826
792 1997
922 1193
2420 2702
2436 2534
1232 2183
949 1011
1550 2548
2179 2496
380 2415
1826 2499
1775 2481
2302 2764
1096 1904
658 1579
689 2106
2356 2488
621 2692
1828 2049
9 2535
2528 2658
444 961
950 1407
2352 2611
2099 2373
1929 2722
1155 2433
2721 2757
1836 2134
1969 2040
1225 2357
1249 1504
2204 2353
2076 2622
1584 2400
2013 2372
334 1198
2060 2499
738 2422
1274 1437
441 754
1680 2116
2195 2387
2790 2798
2234 2614
200 1295
240 1537
211 1193
108 338
334 1218
2473 2535
2613 2779
1767 1771
1699 2482
2330 2674
1331 1521
1723 1894
977 1853
1156 1767
591 2783
2470 2512
964 1224
2084 2194
2065 2216
1725 1770
2774 2775
609 1660
1428 2602
2174 2406
961 977
2065 2355
2042 2387
234 1669
1033 2471
1578 2500
1104 2639
1447 2324
1964 2471
1716 2097
1172 1614
1830 1854
668 1743
700 1738
1047 2193
1185 2174
27 2413
2265 2504
719 2080
2611 2733
1464 2120
548 2709
2210 2448
328 1012
2096 2695
1615 2062
1058 2018
1959 2510
317 2196
678 1352
929 1502
1740 2630
1993 2622
1400 2004
2754 2780
343 1732
2473 2589
2119 2135
2043 2537
1692 2129
2479 2545
2670 2735
575 1209
1849 2130
1545 2467
1665 2629
1584 1663
2470 2747
601 1856
1286 2406
2355 2396
38 1342
911 2083
415 2548
2157 2660
2274 2375
490 2590
1780 1820
489 853
2456 2643
2547 2662
2049 2241
1840 1962
15 176
2574 2745
138 2260
361 2158
2252 2754
1105 1706
2574 2647
2654 2745
286 2380
2327 2682
2264 2492
1328 1370
2602 2612
2134 2507
2432 2773
320 1822
1973 2644
566 908
894 2011
906 2175
499 2254
2534 2536
349 2033
163 1713
7 1654
1613 1795
1796 1978
2304 2429
2166 2247
1234 1558
746 1348
2391 2741
1631 2364
781 1888
1558 2127
55 1489
1837 1934
2352 2463
2659 2757
975 1516
2077 2325
2207 2705
1786 1988
1487 2748
93 2468
1714 2674
1289 1783
2377 2741
1323 2034
17 251
1381 2289
1426 2487
2689 2709
2345 2496
960 1601
632 1234
2341 2497
980 999
1403 2751
1858 2218
805 1101
1645 2386
23 1674
2037 2325
1887 2309
2253 2545
1210 1285
1878 2513
813 1454
827 1338
1966 2524
1318 1867
1264 1699
554 2609
1046 1581
215 827
1416 2240
1176 1587
2250 2261
1184 1924
2759 2790
2502 2798
1113 2741
1715 2099
633 1190
1212 1795
69 2094
2328 2691
1347 1961
1050 2654
2216 2504
1154 2280
2071 2782
2529 2762
1843 2565
2020 2037
76 1467
1651 2506
2106 2518
366 878
2350 2604
2551 2602
1589 1761
2595 2762
1358 2221
199 1843
1083 1622
386 2529
1973 2150
1484 1803
1814 1863
2076 2247
699 804
1441 1794
1870 2287
2127 2529
2168 2369
43 1747
412 1091
1571 2202
2715 2771
214 303
1240 2007
2726 2738
2214 2489
2101 2341
2189 2518
1928 2399
2171 2240
921 2767
876 2144
1059 1978
1003 2421
1333 2234
2640 2750
636 2214
1483 1544
1355 1902
161 889
1903 2057
1407 1981
2457 2778
1554 2262
458 2276
2670 2792
1589 2789
44 1627
2326 2327
1686 2346
1281 2583
642 2615
2397 2414
1970 2335
970 1814
693 1861
2079 2488
1488 1995
1618 2620
213 1506
1380 2082
1211 1466
1789 2548
552 1734
153 2761
2402 2591
2671 2753
2197 2442
2347 2470
1698 2545
1472 2657
475 971
2464 2528
1204 1334
1627 2507
2066 2704
1961 2458
1208 1823
2575 2577
2626 2789
1008 2686
2300 2776
1137 2453
631 1973
1848 1866
1724 1787
509 1193
1923 1925
1572 2138
1759 2574
2084 2342
264 1472
2346 2592
1735 2649
754 2220
1445 1966
2453 2681
1825 2396
1575 1628
56 1449
2761 2781
338 878
65 2061
1904 2504
879 2594
953 2599
1825 2312
1965 2141
2533 2665
1496 2484
607 1654
1206 1826
2741 2773
1695 2718
1637 2528
2227 2533
2283 2548
203 759
2330 2582
124 272
695 1674
1799 2559
1031 1051
1606 2047
1787 2617
1287 2367
538 2738
1292 1501
864 2726
1247 1720
948 2425
2442 2489
1027 1673
536 2602
1288 1602
1768 2794
1271 2452
673 685
998 1432
872 2312
2588 2605
2785 2790
408 2262
749 2253
2251 2564
940 1572
454 1013
724 1019
2105 2242
261 2123
111 1625
2233 2295
1957 2444
2418 2571
579 1130
1087 1982
936 2263
1018 2722
1632 1881
53 996
823 2566
233 812
1247 1659
925 2312
21 2701
2279 2304
2281 2625
1689 1935
2562 2605
986 1902
914 2275
565 1687
1500 2434
2762 2766
2282 2656
1921 2469
2378 2445
1379 2470
324 1891
489 2156
82 2466
2632 2724
360 1796
458 2675
1002 2791
1353 2755
775 2292
526 672
2180 2336
303 1778
1198 2140
934 1468
1463 1700
2189 2334
1183 1527
2441 2786
1860 2464
223 2745
1510 2237
1350 2024
989 1335
1767 1877
180 531
1495 2117
151 1897
3 2295
936 2301
2272 2772
2041 2187
882 2625
2228 2473
200 878
1742 2787
783 785
2121 2205
975 1917
11 89
561 1943
2462 2503
590 1594
904 1236
309 772
1969 2221
2308 2416
1097 1986
1813 2443
503 733
696 942
1511 1611
1013 1453
1745 1816
1684 1857
1348 2114
1678 2178
784 1008
1212 1690
145 808
2737 2760
2213 2746
793 1182
1317 2332
257 2160
738 1618
713 1625
2427 2716
237 784
2440 2499
90 587
2543 2725
2546 2625
1732 2152
182 1018
47 569
2048 2697
2430 2583
659 2716
1658 2091
867 1557
1813 2274
2023 2109
1025 1698
627 691
1206 2237
1023 1383
314 2608
1534 1629
1760 2555
0 2032
1399 1773
672 2033
646 2260
1498 1882
2523 2785
1422 1761
1507 1534
853 2754
1441 1640
2153 2789
2376 2603
141 2286
2382 2396
2460 2705
792 2634
632 710
1307 2179
427 465
762 1371
2493 2691
1298 1336
2664 2750
1039 1737
1188 1606
1222 1229
340 880
1261 1321
1733 1847
1364 1801
2157 2307
2761 2793
1144 1616
952 2672
1110 2016
1385 2222
1106 1407
418 2403
1734 1981
945 1023
1609 2326
1020 1924
2656 2695
1430 2042
2298 2775
610 1477
1144 1665
2341 2495
1891 2298
1781 2585
1021 1726
854 2344
177 1599
272 925
2249 2466
2602 2703
1329 1406
1053 1322
1413 1844
2527 2634
923 1802
18 1035
2312 2629
2210 2678
407 2408
640 2666
1887 2021
1511 2585
625 2297
720 2791
402 2742
28 1320
240 433
1528 2065
163 2588
1642 2218
948 2791
1490 2121
2662 2747
1718 2473
241 1860
528 1452
201 1779
179 897
0 2746
15 617
1120 2246
50 83
2316 2349
76 1433
2434 2471
255 1759
1237 1559
2675 2740
1750 2443
1036 1485
1496 2670
2701 2741
2226 2590
1089 1681
2307 2404
1516 2091
1376 2517
364 1713
1511 2206
1541 2124
2556 2761
2657 2689
330 2356
2673 2786
1517 1786
716 2104
2402 2706
2485 2639
2070 2361
1483 1803
411 1724
2789 2799
1322 2193
2349 2439
697 2379
785 1553
2239 2468
1626 2783
1965 2787
2346 2538
2584 2658
1133 2513
18 1987
2577 2736
2222 2308
1673 1994
2515 2550
2734 2779
2562 2681
96 1644
1722 2029
1608 1965
2761 2765
2380 2420
123 587
115 1517
2735 2737
2688 2716
774 1128
237 1100
751 2285
1293 2544
650 924
1725 2657
2262 2676
1152 2092
1649 1655
2284 2792
689 1562
178 1082
2074 2671
2440 2743
2020 2649
1106 1350
1106 1402
2432 2761
337 2486
2486 2710
2602 2771
192 1570
871 1785
281 359
819 2641
892 1511
1828 2085
1323 2126
2238 2700
2593 2630
1564 2588
2046 2773
1613 2270
1927 2710
2516 2636
493 2709
496 673
2214 2459
2079 2396
1256 1402
1735 2231
936 2087
1998 2210
2140 2711
840 2774
499 1877
1248 1298
2010 2742
2254 2324
1075 1764
1689 2016
1562 2460
1612 1688
2270 2290
1189 2439
2390 2636
825 1231
2051 2532
2269 2601
624 2726
1694 2436
2639 2648
1638 2642
1364 2022
1716 2640
1749 1880
2405 2438
1311 2298
579 1542
1398 2758
1650 2319
744 1658
689 2498
2274 2353
69 2488
463 2390
798 1518
2470 2489
1609 1720
1173 1714
2146 2710
1958 2211
2427 2538
1527 2093
2680 2778
1721 2628
392 2461
2134 2354
514 1123
2678 2747
1149 1420
626 2221
123 2505
891 1753
1154 2702
2076 2096
2446 2618
1621 2671
2588 2745
1016 2705
1255 2214
51 918
2049 2373
1206 1570
1370 2411
1413 1497
1578 2705
511 2692
1575 2288
1952 2045
137 485
1853 2197
692 1385
468 599
1461 2596
898 1177
2619 2627
2667 2760
1271 1354
1361 1525
1357 2541
2347 2723
611 1924
2341 2681
1601 2670
1255 2250
2798 2799
2303 2617
2563 2705
1110 1690
105 1041
982 1275
273 771
1732 1808
2311 2683
1242 1427
832 969
403 1781
755 1802
88 1614
1718 1757
1753 2654
2115 2298
345 1097
1611 2596
1432 1927
748 1103
2268 2741
1192 2124
2160 2584
1830 2179
437 828
521 2451
288 2004
2177 2345
2352 2392
328 1318
1353 2380
1280 1481
429 2734
2257 2284
2230 2579
1546 1849
1504 1542
2446 2720
919 928
1372 2481
202 1114
1318 1591
235 478
544 2278
500 1838
2372 2695
1134 2081
1983 2102
1638 2605
2391 2453
2732 2763
72 2420
2006 2689
783 961
1827 2331
2416 2592
1107 1926
11 16
510 623
313 1892
1792 2036
1007 1020
2555 2635
1586 2476
1961 2292
1898 2501
969 2150
2477 2562
68 1188
1409 2383
2635 2762
1270 2376
2485 2707
1727 2456
279 487
2503 2628
173 559
2782 2799
1209 2177
136 2445
2277 2739
73 1080
1782 2738
2045 2712
2356 2472
228 2539
1746 2207
1725 1873
1604 2150
1829 2301
2766 2775
1760 2537
1085 2145
2364 2455
1551 2234
2025 2074
79 1152
869 2504
404 2236
2279 2399
565 922
2398 2543
2024 2328
283 2740
808 1510
1091 1401
1330 1840
2693 2794
514 1465
853 2074
1227 2509
1979 2151
1307 1811
1206 2243
2082 2425
1213 1372
742 1421
2569 2602
12 2561
579 792
2139 2395
963 2637
1912 2210
710 1308
691 967
820 1040
1020 2020
2404 2679
1206 2549
2073 2106
305 2078
2524 2756
195 491
2094 2499
1103 1603
2698 2751
2014 2397
1879 2677
85 1931
2286 2467
179 2351
2252 2465
294 2355
265 465
2409 2563
2280 2408
2591 2758
2089 2778
2264 2350
1841 2646
2773 2785
575 1225
890 2791
1014 2449
386 1675
770 1843
1040 2033
1113 1179
1361 1398
2279 2539
2599 2749
2452 2476
1697 1841
1587 1639
2125 2236
1888 2338
1685 1878
827 1414
269 479
1395 1821
1222 2411
1540 2633
524 2053
2011 2401
1891 2742
2772 2799
768 1396
73 1034
1884 2046
1300 2260
2528 2582
1627 2013
760 2796
2094 2792
2459 2622
2233 2709
2370 2552
700 1586
1363 1807
1019 1351
2570 2601
802 1392
2563 2672
2210 2216
701 2268
2294 2310
1041 2494
2591 2695
2382 2469
2446 2449
469 1271
1566 2265
1331 1709
2168 2486
515 1769
1387 1546
479 1831
1292 1848
2086 2669
2004 2102
787 1776
2188 2672
2775 2798
1526 1652
838 2429
1599 2743
2495 2671
752 2530
1958 2551
1021 1405
2345 2715
857 1087
123 313
2258 2329
1319 1501
1088 2293
2612 2764
1338 2321
193 1569
2268 2783
1845 2158
2022 2640
1990 2329
2730 2762
105 945
2432 2643
2342 2413
260 639
658 1632
188 1202
733 2576
166 671
2145 2161
2146 2533
1276 2491
2026 2412
1892 2356
1720 2040
638 2178
1647 2291
586 1736
1028 1437
2470 2578
764 1302
294 2440
2553 2743
96 1665
1837 2470
1669 2041
128 323
1429 2010
1829 2530
249 2603
152 1959
1868 2304
2397 2512
1946 2617
153 1910
2328 2392
2482 2731
569 822
10 1915
1160 2752
953 2193
2424 2430
509 1281
940 1725
817 1245
553 2360
2545 2784
12 1252
263 1572
159 216
197 1174
2122 2471
2206 2786
841 2442
188 191
1441 2329
1526 2118
1282 2671
1634 2623
250 2447
1179 2360
1083 2603
1100 2452
1577 2111
869 2622
285 2568
2675 2776
2305 2395
1949 2614
255 731
1268 2411
1482 1986
217 1392
1708 2728
2284 2613
1585 2323
1577 2739
1548 1794
677 1036
2736 2768
1511 2464
1295 2432
162 2336
805 1811
287 397
2642 2788
984 2643
1038 2598
2535 2634
848 1213
1333 1438
874 2508
91 2188
87 2586
808 1987
2214 2675
1359 1970
1504 1785
534 2368
1155 1278
1869 1870
1462 1731
363 2518
586 887
1534 2138
2581 2622
1482 1875
1075 2281
1010 1878
1192 2565
2278 2341
1422 2665
1032 1832
1163 2276
2202 2767
1885 2467
1659 2476
1984 2101
661 1757
2325 2643
425 720
2381 2734
205 882
2017 2393
594 855
2161 2235
105 1488
1678 1871
499 1704
460 2091
1168 1885
1473 1678
1241 2041
2402 2492
1114 1496
101 232
958 1719
2212 2491
769 1397
2222 2687
2352 2523
1904 2672
2607 2703
991 1197
578 2300
1243 2169
1935 1994
773 2144
1479 2794
754 1901
1883 2579
1922 2101
2690 2706
1003 1876
2631 2694
1154 2475
1370 2532
1252 2250
2239 2649
970 1270
291 2373
1677 2488
185 1614
1988 2102
1477 2509
2753 2772
2455 2613
2226 2648
813 2488
2272 2356
2795 2796
808 2381
2004 2484
1690 1937
1787 1800
2420 2739
769 1878
1970 2583
409 2025
224 1275
1398 2623
1446 2119
596 739
1527 1970
470 1559
2614 2738
2608 2793
2296 2708
2058 2460
1754 1965
13 1000
1779 1921
780 2733
960 2609
1963 2321
67 1643
1919 2104
338 2477
2683 2717
1956 1984
920 2105
136 2192
1212 2078
244 2615
885 2687
1701 2366
1777 1916
2563 2602
2562 2764
1773 2021
230 1223
1956 2375
906 1589
1686 1996
592 1534
858 2474
1939 2787
546 732
33 2794
1781 2337
2052 2440
789 1261
1944 2067
2138 2545
1684 1762
264 508
2750 2797
2288 2622
1270 2369
850 1478
511 2150
493 1784
1834 2415
726 858
1197 1780
1274 2367
1379 1813
2118 2426
2385 2686
1171 2085
167 2275
1480 2419
2254 2430
198 1202
213 572
1306 1604
2002 2409
757 2248
2338 2423
2271 2293
1076 2449
1325 2416
168 2211
567 1929
1971 2037
330 1691
2587 2643
2426 2580
1751 2366
1352 1671
621 2666
370 1480
993 1509
669 2378
552 2617
192 1622
2628 2678
954 2499
1251 2627
2274 2505
157 1833
2629 2784
1705 2773
392 574
846 2111
665 1669
1593 1867
2387 2504
275 493
2128 2370
2007 2103
57 1672
1517 2023
2050 2399
155 911
2509 2529
652 2063
2062 2328
887 2738
519 1379
2614 2729
2657 2688
1928 2622
2133 2185
907 1566
1175 2764
1742 2005
2710 2774
1177 1729
1076 1534
1634 2261
2769 2771
1586 2755
1708 1908
2699 2727
134 883
0 2066
2262 2785
740 1594
2664 2771
1455 1514
1042 1965
2494 2696
2391 2477
948 1331
341 2629
529 692
1691 2642
943 2682
857 2591
1510 2276
2653 2769
535 2365
720 2734
479 1659
165 1581
676 1965
2537 2796
1621 1634
2010 2195
1153 2570
906 1731
1905 2341
81 550
2013 2097
2494 2692
2248 2725
2087 2660
355 1765
2467 2552
2195 2515
1565 2433
207 1261
473 2102
2268 2356
1441 2133
34 2336
1869 2195
2563 2593
638 1328
2046 2330
2185 2661
220 358
146 2337
1652 2533
1601 1644
1608 2527
2522 2733
543 2060
2455 2775
1339 2257
90 1929
2683 2774
2166 2602
2391 2394
2595 2722
2267 2556
1978 2464
1309 1413
1157 1504
451 1847
1266 1394
1422 2739
1690 2289
1816 2393
1004 1062
671 1458
559 871
555 904
2576 2669
2760 2784
2651 2674
1422 1830
93 1397
1649 1983
1588 2302
2633 2729
1242 1825
2044 2568
2381 2776
1942 2069
910 2296
1176 2015
821 2273
719 962
2418 2516
2446 2622
1138 1972
683 2045
2753 2792
2240 2740
1449 1460
2131 2324
1101 1636
394 1859
1654 2551
2368 2481
1206 2130
2106 2502
693 1629
2024 2455
2289 2366
1479 2225
2326 2396
1761 2622
1494 2733
1175 1782
622 727
1836 2546
609 2566
1424 2391
1109 1922
2551 2665
2778 2788
567 2486
266 645
846 1752
443 2047
2035 2490
1407 1796
1188 1398
1797 2716
1079 2293
995 2550
521 1816
2248 2298
1187 2788
1812 2023
2515 2680
2741 2797
1271 2078
2304 2517
856 2048
1625 2743
133 1049
2158 2430
2675 2770
1685 1965
1024 1522
2008 2042
1123 2391
993 1802
843 1143
1112 2514
301 1258
141 1871
301 2670
1326 2102
2619 2787
1941 2532
133 1236
21 504
921 1358
2053 2759
2530 2768
151 438
2793 2798
1399 2350
134 1399
1813 2465
1490 2214
1700 1855
2551 2566
2091 2713
98 2378
975 2165
2772 2780
2417 2545
1666 2304
1354 2042
704 2060
1476 2275
633 2646
912 2429
206 481
1077 1850
1546 2525
2735 2741
2705 2779
2136 2294
493 1306
355 1043
2629 2749
1275 2025
2711 2794
1852 2519
1598 2658
2236 2539
946 2429
644 2097
1090 1222
88 692
73 1677
428 961
2766 2793
2427 2763
1081 2149
1079 2488
1765 2615
1595 1906
1501 1859
1287 2502
1 2030
762 2023
1472 2480
1492 2218
219 231
2407 2434
278 2282
1867 2723
2721 2750
869 1013
1390 2217
11 2045
2725 2775
945 1182
1585 2139
2492 2553
2574 2693
1224 1482
2407 2682
1808 2187
1830 1993
686 1909
48 509
1581 2576
2325 2570
1045 1446
2594 2722
2413 2733
1623 2606
2681 2759
620 708
1230 1822
1246 2606
1529 2178
2164 2790
1206 2152
1179 1309
2788 2795
1416 2729
463 2650
2253 2427
616 2558
2354 2583
1658 2120
1160 1567
889 2465
443 2107
1182 2476
1077 1620
292 2406
649 2025
880 2778
2113 2457
2437 2452
1252 2399
1473 2758
1096 1792
1673 1743
2052 2371
2087 2697
1473 2048
1051 2294
1391 2076
1069 1167
2225 2445
2731 2747
1185 2543
2140 2580
730 2728
1268 1445
658 1085
2015 2676
361 1039
1787 2260
1084 1724
1532 1772
45 2360
2125 2406
2238 2501
1498 1907
791 2248
1907 2169
2120 2540
746 917
2161 2418
1878 1899
1105 2723
2051 2251
997 1152
1806 2505
1707 1946
1946 2679
727 962
20 1038
1637 2767
1051 2676
2697 2789
295 2275
1167 1260
1289 2402
1687 2358
1097 2024
10 518
1124 2676
569 775
1556 1824
1499 2100
736 958
2053 2611
2558 2714
628 1737
1853 2530
2070 2156
2631 2687
1816 2362
1937 2488
1444 2546
1365 2056
706 1529
1601 1605
2269 2490
2135 2786
1019 2245
2116 2203
2277 2335
1848 2383
11 1204
1364 2638
1456 1978
1352 1760
2720 2789
1543 2725
513 1161
1691 2688
2040 2711
515 1607
1461 1884
2416 2567
1235 1389
59 1203
2574 2700
296 2777
2062 2586
1550 2488
1242 2511
877 1970
1409 2326
1765 2693
2114 2611
403 501
2196 2302
8 269
2624 2667
2397 2791
953 2679
538 1834
727 756
1382 2667
2642 2778
683 2545
209 1234
176 1573
2314 2322
2583 2700
1387 2519
832 2466
2610 2683
2465 2566
1348 1656
28 874
96 652
1600 2645
1539 2419
1212 2051
757 1587
287 1902
160 1807
1230 1914
980 2420
1709 2630
2036 2453
1600 2753
2776 2782
2494 2669
803 1456
2012 2056
2102 2379
352 1990
1495 2693
1056 2715
1396 2572
1984 2256
4 767
1688 2015
15 609
829 1229
1238 1713
1029 2489
6 1953
542 1329
1423 2768
570 1421
419 2528
711 1968
2058 2125
1789 2298
1424 2043
538 2686
1834 2157
2773 2788
1791 2218
2630 2724
940 2348
636 1965
878 2301
2405 2449
1395 2241
2645 2757
666 1852
484 2389
1298 1818
50 2443
35 2606
535 1352
2382 2411
1070 1510
2092 2536
2333 2426
1894 2317
1158 2155
543 811
1422 2365
1388 2138
835 1189
1455 2778
1933 2562
2247 2796
2118 2781
484 1011
812 2754
2067 2665
204 1966
417 868
1602 2731
1210 1686
936 1284
412 1160
2628 2731
484 2690
370 1661
494 1173
539 1719
2292 2300
574 951
2716 2727
2025 2514
2453 2585
2317 2647
2117 2489
1450 2783
2634 2799
1387 1953
829 1136
719 1876
207 1448
1097 1792
290 2280
1420 1906
1142 1391
1860 2465
1033 2614
2759 2791
2757 2799
2078 2771
2552 2726
2241 2491
1638 1821
999 1070
2618 2682
534 1695
2305 2443
2066 2204
744 985
1946 2294
2069 2414
950 2517
2163 2555
797 942
37 2535
1286 2355
764 1969
768 841
2021 2681
573 1622
645 1475
1594 2423
2061 2612
882 2401
1665 2145
2002 2613
2368 2649
1165 1622
1582 2402
1469 2602
1619 2716
2010 2446
510 1387
2017 2056
1972 2615
1311 2596
2566 2591
2675 2745
168 1625
143 574
972 1030
1579 2750
2606 2632
211 2205
2634 2675
1900 2077
1544 2233
2330 2427
1072 2207
580 1917
2048 2669
1346 2282
1364 2508
191 351
2692 2771
1523 2671
2501 2603
564 2403
2052 2456
2639 2786
941 2034
2409 2481
1805 2664
2115 2745
1424 1515
2188 2362
2112 2717
2236 2515
2193 2243
1657 2007
1919 1971
541 1009
619 910
1138 1410
898 963
2781 2793
2573 2634
2758 2760
2482 2610
1744 1976
566 2767
1138 2701
2454 2763
1189 2361
1876 2204
1286 1499
1841 2544
2567 2618
2036 2745
2705 2732
1854 2220
2660 2731
72 2223
1650 2556
987 1370
2209 2340
746 1754
1107 1120
417 2713
2127 2762
1125 2474
185 282
539 2206
2411 2556
2668 2774
1412 2298
1587 2785
845 1191
2784 2794
1625 2323
1169 1508
727 988
1958 2634
1636 2547
1437 2324
1520 2179
1244 1525
754 2353
2235 2445
893 1082
1549 2016
847 1061
2078 2584
621 2300
741 2254
407 2237
2096 2742
1972 2521
698 1368
958 1097
1935 2340
2497 2554
683 908
1536 2590
2009 2784
519 658
2332 2621
2376 2443
2394 2494
1494 2693
840 2732
1490 1979
1723 2750
97 112
72 1234
1356 1905
279 1225
694 765
1351 2210
669 1500
1221 1929
470 1595
1138 1298
487 1933
2300 2662
1610 2723
2170 2195
137 2423
2085 2291
144 1893
2478 2692
419 2007
2081 2465
2692 2758
2698 2767
98 1644
1909 2480
1482 2302
2305 2706
2656 2771
994 1919
1344 2201
2454 2572
855 1907
177 346
701 1037
1493 2702
801 1517
2140 2227
120 913
1557 1681
246 896
874 1721
2205 2243
807 1213
2225 2630
808 2699
2055 2533
1850 2582
1404 2754
1471 2116
1493 2416
2636 2664
1566 2259
623 2389
578 866
159 818
2308 2451
1200 2293
2095 2669
2574 2766
1551 2522
1479 2682
2644 2733
772 2088
602 1461
2340 2546
1809 1905
2307 2499
923 1260
535 1161
1988 2214
1983 2337
2379 2511
1790 2471
582 2247
440 1849
901 2517
902 2470
721 2724
1943 2357
2741 2787
1893 2054
576 930
245 1105
852 2062
2233 2751
1377 2709
585 1425
237 1496
502 1618
849 2217
793 1284
410 2079
1479 1606
1486 2098
1583 2114
208 355
2404 2531
1119 1265
946 2625
2098 2637
2671 2749
2027 2247
1050 1510
2749 2762
801 941
378 2009
10 1662
1140 2289
13 2368
992 2283
1627 2546
1346 2573
2296 2783
2770 2780
1504 2510
2246 2452
1600 1757
1155 1483
1556 2131
285 1548
1481 1512
2653 2773
2086 2523
1456 2363
2065 2649
1999 2558
210 1218
128 1602
2244 2385
1716 2390
237 809
2476 2564
258 2067
1868 2112
1243 1683
1559 2799
2279 2290
2193 2458
672 916
2329 2646
1774 2384
1397 2363
56 1310
748 1847
1692 2702
371 734
846 1041
2219 2468
2223 2548
618 2197
2489 2742
2293 2320
6 1885
2674 2717
2471 2595
127 2428
626 2459
877 2728
2002 2296
1780 2098
10 903
1518 2434
1061 1540
2155 2402
1879 2252
2682 2718
886 1154
2397 2594
893 2118
2526 2595
2092 2710
1043 2445
1926 2688
1084 1868
2774 2799
466 2359
1100 1661
576 1637
411 2429
242 2478
317 995
193 886
642 1984
795 2787
2172 2420
1382 1641
579 1993
857 1316
617 2529
695 2027
2187 2641
1600 2537
1202 2046
1828 2408
158 439
644 1034
2121 2366
2665 2689
1836 1863
218 2241
437 1798
1054 1564
2343 2752
1381 1773
1035 2692
106 1185
454 1690
2229 2449
548 1465
2697 2766
431 1843
1446 2573
2489 2714
714 2362
2007 2244
442 947
501 758
2066 2081
2592 2744
2379 2391
989 2100
2673 2786
839 2781
309 2415
2300 2446
1027 2404
2018 2144
1683 2287
1871 2049
198 1703
609 2354
685 1117
342 367
1119 1635
2510 2629
432 1130
2239 2675
2259 2786
1856 2390
46 199
2695 2707
2161 2645
2072 2153
2569 2575
1649 2202
659 2647
927 1090
2381 2417
1324 1613
2758 2795
2773 2795
1184 1431
507 1309
318 2531
1451 2113
2251 2571
155 2031
2243 2587
2300 2312
390 2514
1755 2627
924 1632
1512 2710
869 879
30 1083
1567 2472
106 1176
54 1878
2444 2652
969 2506
2489 2744
1053 1645
2311 2558
1385 2546
1732 1757
2613 2623
118 2510
1791 2204
2019 2717
1205 1955
2096 2409
1039 2106
2557 2759
1619 2597
2533 2652
261 403
870 2107
1535 1701
2497 2635
2326 2694
1634 1710
955 2762
1968 2135
1398 1875
1617 1962
1393 1435
859 1689
1946 2407
638 2150
814 2585
390 1875
367 2323
1978 2189
1184 1532
700 1598
184 898
2687 2770
2143 2241
1460 1716
1204 2301
433 1391
2763 2769
872 2453
2667 2698
2121 2780
2719 2728
2704 2733
2063 2092
181 876
1935 2462
295 2456
1916 2260
2636 2758
2585 2690
2664 2775
1123 1755
132 1167
971 2576
963 2310
1634 2649
787 2774
1454 2741
1202 1314
1492 2698
1596 2069
2111 2447
2456 2599
1445 1763
1867 2390
1392 2574
639 680
1918 2161
2414 2745
869 897
969 2519
2794 2799
2038 2622
1257 2628
198 368
335 1118
2644 2790
1356 2360
1538 1749
2171 2293
1959 2461
88 129
2670 2773
349 432
1847 1962
2549 2647
2395 2474
1833 2732
531 2783
106 562
2710 2712
2656 2667
592 1461
2025 2676
1014 1497
2659 2725
864 2193
684 1164
160 2497
1965 2612
1326 2785
1116 1801
1964 2398
2117 2211
1884 2050
1610 2530
526 1756
2055 2504
2105 2625
1648 1662
152 1188
770 2203
1705 2443
446 1466
512 1589
757 1405
436 571
2410 2719
2763 2765
2774 2799
1758 1886
2716 2741
2151 2589
1320 1750
769 1801
2012 2740
1960 2546
952 2298
1980 2644
2209 2650
70 2592
2109 2740
370 1194
1268 2004
1964 2471
1203 2455
1975 2373
420 1025
1288 1541
1658 2292
126 2300
2674 2694
511 647
2466 2713
2357 2770
1882 2374
892 1517
1902 2705
55 2070
228 1318
1500 1755
1800 2736
2483 2695
1070 2739
403 1206
2695 2765
2408 2559
1085 2358
583 1707
529 1096
2609 2647
1172 1523
262 370
364 1061
2762 2786
431 1441
1955 2266
488 1717
613 1811
1095 1598
880 1421
189 2065
72 468
2525 2723
747 2218
699 828
828 1903
446 1244
1076 1760
1493 1714
2403 2442
817 1273
295 2731
1123 2142
331 2302
2404 2491
2774 2778
2432 2581
847 858
2633 2779
2783 2799
1079 1963
319 524
924 2714
1033 1464
2681 2796
468 2759
1198 2747
77 892
1080 2026
1260 1574
153 299
1445 1784
1907 2243
1529 1943
1428 2610
541 1759
788 2738
30 1624
423 1483
2565 2574
311 416
891 2259
586 2436
562 1291
388 1159
2750 2791
2717 2747
2441 2591
1692 2066
323 1687
413 2738
2232 2572
1213 2681
1541 2310
1714 2161
2189 2717
2265 2454
1644 2363
2433 2492
1410 1620
2600 2734
509 2487
597 743
1188 2077
8 245
874 996
1562 2189
1395 1559
1135 2028
1014 1941
2526 2700
450 2781
654 1126
2729 2760
647 2167
1717 2216
2352 2372
1072 1307
547 2611
2515 2759
154 2282
1510 2567
1961 2390
633 2572
225 244
2673 2701
1187 2519
2720 2773
2658 2752
1460 1500
768 2511
1451 2695
1827 2198
2294 2485
1140 2450
2520 2654
824 2201
803 842
402 1963
2344 2450
2265 2491
2692 2738
955 1173
1317 2521
2219 2757
2385 2573
2069 2506
2326 2430
1691 2109
2709 2763
1630 2193
351 2598
2054 2295
1052 2137
1464 2544
798 1725
1215 2679
681 2620
2797 2799
791 2080
979 1257
742 2419
1306 2783
1900 2296
51 164
824 2700
2630 2644
701 1913
2025 2492
1383 2407
2616 2705
1586 2649
1714 2773
1975 2748
1411 1715
1245 2413
1098 1853
2709 2744
1224 2027
2615 2787
2511 2693
1055 1551
2284 2306
820 2048
626 1376
764 1314
2294 2446
2357 2719
2768 2785
2506 2611
724 2493
1968 2452
1966 2068
68 1810
1202 1211
1098 1767
357 992
1829 2331
945 1853
1257 2388
1941 2433
1027 2462
1334 2211
753 1161
1381 2544
297 1300
569 1869
272 2375
1666 1952
2306 2732
2567 2776
342 897
1242 2112
1693 1774
1114 1834
1588 1973
1906 2553
1735 2072
910 2608
273 2116
2160 2229
1771 2163
1638 2279
979 1860
99 841
495 1121
1246 2186
1809 2780
1872 2528
60 1252
1416 1765
863 2000
1843 1914
1699 2614
125 2685
304 816
2012 2750
1032 2548
2646 2790
2709 2728
1417 2323
1792 2543
2616 2672
348 1690
148 1330
529 2046
1824 2470
1576 2518
2129 2366
973 1809
1402 1661
69 749
2232 2245
2018 2640
1054 2054
258 1285
2116 2463
1095 1580
1042 2380
780 1249
2243 2276
2127 2191
2208 2577
2607 2679
1582 1695
614 917
1452 2433
592 2707
6 1242
2426 2710
2797 2798
652 715
127 2614
679 2235
16 2005
2430 2654
2292 2558
2558 2669
1887 2289
2719 2785
415 703
1095 2411
1549 1918
420 857
196 2758
925 1395
1185 2340
257 1872
424 1619
2086 2430
2028 2553
1486 2498
675 2316
88 1667
1465 2221
1827 1988
514 2052
1358 2233
2345 2578
224 2036
1651 2783
1005 1775
1042 1875
1886 2518
696 1856
189 730
77 1193
1293 1635
1304 1652
1604 2336
1601 2771
993 1078
1605 2252
505 2510
644 1899
1584 2527
757 1500
198 1462
1929 2322
1278 1416
7 1978
679 2246
263 1932
1767 2522
252 2148
761 1616
1967 2698
2017 2446
1938 2126
950 1210
57 2563
1281 1418
1686 2375
2664 2786
537 902
2130 2195
788 1476
2304 2694
2037 2290
2337 2647
2408 2634
1241 2152
273 927
967 2195
1986 2097
1958 2080
671 2229
1439 2214
2752 2758
2098 2304
1763 2569
2588 2704
397 1301
2531 2681
802 2556
332 1700
987 2369
1230 1537
833 900
1300 1825
1379 1959
2325 2423
2598 2626
2478 2670
2266 2708
1285 1935
2310 2374
56 75
1995 2669
23 111
645 1827
1850 2474
1880 2291
2611 2767
318 1911
2198 2674
453 1316
1054 2651
1010 1444
945 1539
911 2143
2698 2718
94 514
1846 2755
2594 2651
2719 2726
1358 2599
78 2355
693 2497
490 2540
899 2564
2102 2529
2390 2481
2033 2350
1932 2478
712 1349
1359 1839
145 473
1847 1988
2483 2702
594 2402
1203 2028
1338 1712
164 1956
1833 2793
1995 2715
1523 2296
897 2791
145 337
1050 2110
1296 1478
2581 2746
419 1047
491 1118
308 633
931 1234
1346 2693
1589 2085
1810 2612
1714 2353
1151 1561
1258 2663
588 1628
1539 2708
591 788
82 736
2743 2780
372 579
2347 2557
843 1927
2787 2795
2614 2735
71 714
2100 2639
786 1730
2556 2723
1273 2653
2461 2527
428 1343
1124 1470
93 1560
