3600 7200
281 706
1648 3556
2103 2440
974 3192
1323 2733
722 1010
1203 2716
2494 3165
2317 2605
3460 3514
2377 2799
994 2635
2888 3443
2221 2544
86 3093
2774 3575
1819 2103
390 1737
1480 2765
2112 3097
1015 1034
122 286
2966 3387
3069 3119
3134 3241
2403 3110
1687 2145
1270 2712
474 2009
581 3179
2422 2662
900 1576
3200 3478
1958 2956
1416 2834
2393 3110
1189 2752
509 2764
441 1449
3512 3594
1638 2968
3053 3276
3324 3568
729 3552
763 1004
3210 3320
2140 3266
1506 2066
2445 2817
282 3033
1413 2905
2609 2804
3418 3493
3176 3588
2973 3457
24 2140
1484 2229
2568 3043
2404 3037
2699 3057
3314 3421
898 3556
739 1975
3509 3563
1283 3078
974 1443
522 1736
1344 3559
2859 3282
1741 3196
1549 2421
1643 3459
1632 2284
1282 1863
2748 2765
3416 3460
377 1304
2027 2787
2769 2867
356 809
2366 2506
709 2617
3351 3580
674 3462
2773 3554
3579 3585
3425 3458
594 1030
1429 2456
3506 3532
271 689
3445 3480
1580 3055
62 901
839 3543
699 1908
803 1362
2428 3039
3124 3285
2404 3377
3286 3511
1268 2684
1120 2006
2998 3234
1193 1245
977 3314
2015 2619
456 3509
531 3299
2869 3522
578 3183
374 2579
1133 3324
3033 3599
507 2085
862 2133
643 2519
3210 3397
3133 3144
1660 2609
3259 3432
1538 2085
2661 2746
111 573
902 3042
618 3220
280 384
263 1527
3442 3519
3002 3551
61 1924
2400 3419
147 1169
3595 3596
2369 2958
2202 3527
2031 2193
944 2811
468 2485
1675 2755
1910 2282
2904 3076
2416 3260
915 977
892 1131
2074 2936
2490 3069
1626 2293
389 1415
873 1805
2761 3513
1951 2584
3017 3416
655 1415
2902 3529
1427 1690
3318 3597
2838 3575
1943 3046
2515 3581
3465 3575
2652 3598
3178 3280
2764 2967
1528 2609
1726 2286
1969 3083
321 2971
2156 3459
260 1034
212 3187
3187 3293
2979 3005
243 2261
3177 3549
800 2406
969 2742
3563 3581
1362 3234
976 1376
3091 3385
2257 2878
2911 3318
1979 3360
1258 1781
87 795
99 126
98 2281
2914 3237
1963 2375
1731 3170
1900 2894
3575 3598
660 742
699 3359
1739 2441
640 2053
1214 3045
3290 3456
877 3114
1601 2022
610 2222
1684 2292
2876 2919
231 1672
2098 2521
3100 3289
802 3347
2871 3354
3279 3321
2906 3082
54 2617
754 1497
1107 2431
3335 3438
620 3333
1763 1821
295 2577
2020 2744
3310 3358
1478 2549
657 2503
2204 2247
649 1991
3374 3527
277 1212
3343 3457
1561 2794
2168 3039
2207 3159
1715 1850
558 1362
1580 2770
1990 3025
2951 3138
2424 3024
54 1422
1885 2036
3551 3596
2788 3269
3225 3534
2609 3352
1268 1558
3302 3531
2925 3286
1682 2326
3095 3379
723 3516
351 2125
2660 2676
22 2648
2744 3536
2310 2761
878 2193
2110 3013
1357 3376
2533 3021
3328 3596
1412 1565
2115 2426
2229 3498
762 1819
2806 2825
1587 2702
746 2802
2778 2986
576 1345
3467 3566
2502 3534
196 1220
958 1416
3046 3234
612 3425
3535 3552
1391 1715
2144 3432
2871 3025
2204 2509
1170 2877
393 3138
3416 3460
2917 3413
2566 3100
3504 3511
2326 2778
169 2338
1118 2927
755 3071
1936 1994
2156 2245
2500 3487
2999 3182
1842 2206
1394 2954
2191 3139
601 2935
162 3056
1179 2499
1860 3512
217 298
1160 1184
1473 2532
2416 3449
1029 1655
1004 1885
1338 1548
2997 3406
2184 3412
2299 2380
644 3149
2177 2306
117 2046
761 2756
117 670
984 2021
2914 3381
2280 3067
3104 3113
1910 2277
2236 3361
1301 3471
1126 2382
702 1544
2490 3255
3424 3533
1970 2491
2399 3490
2915 3127
1319 3077
282 1670
1974 2851
2516 2662
576 1077
1079 3212
3275 3312
1078 3434
1431 1983
2561 3506
2818 3375
1643 2595
902 1384
1912 2954
996 1123
3073 3535
3589 3597
2569 2894
1353 2747
3022 3479
327 2952
1475 3413
2355 3032
348 365
1962 3093
3271 3357
1768 2326
1373 2257
779 2085
830 3160
1530 1627
2180 2496
1702 3514
923 3379
1686 3328
1813 2552
85 2688
1479 2834
1225 2677
1589 1825
341 1005
1680 1811
1941 2470
2268 3069
1375 2654
3566 3583
864 1980
2746 2919
1233 2526
2455 2580
2954 3502
2656 2817
852 1119
2281 3000
2712 3574
2660 3081
3164 3261
1102 1941
1464 1590
73 834
2484 3261
1629 3215
868 2849
78 1335
2279 2364
1308 2291
727 1247
3118 3246
2586 2823
1269 3255
531 2004
2235 3372
1530 3193
777 1559
2983 3376
146 2502
920 3158
1293 3415
3314 3363
2874 3097
1038 3046
1716 2515
2803 3311
337 415
2411 3252
1924 3417
77 555
1507 1883
2826 3288
1019 1401
1563 2736
847 971
2247 2441
764 2994
2834 3345
2465 3122
1174 1776
2001 2429
2949 3515
3419 3597
3050 3242
2455 2613
3072 3314
1969 2263
961 1122
2430 3178
1089 2909
2354 3314
1310 2028
1963 2977
3029 3181
3108 3598
1260 1287
2774 3478
1392 1440
2685 3293
1073 2326
2003 2301
828 1959
968 3528
2672 3334
1741 2412
1033 2572
2897 2998
337 3305
990 1077
2179 2646
1111 2352
2737 3097
811 1967
726 2948
217 906
3411 3498
868 894
3417 3534
943 3384
3251 3373
2805 3296
804 976
1426 2300
2546 3116
1579 2981
1329 3009
3042 3105
515 744
323 3125
1724 1847
557 1420
2034 2603
3274 3596
2062 2600
1802 2338
223 1750
2491 2635
2869 3542
2912 3399
958 3041
675 1999
422 2055
152 1710
2243 3263
2702 2745
3286 3296
999 2586
2466 2899
3045 3522
3169 3580
217 1263
3120 3475
3491 3494
1638 1978
1029 3239
38 3356
348 1453
2479 3021
192 1742
852 3529
2608 2797
2423 2956
506 1013
2882 3054
1372 1559
2845 3108
971 2011
2639 3160
938 2734
3321 3533
2941 3351
3250 3287
2181 2777
2218 3022
171 3520
713 1780
2310 3009
1597 2869
585 2443
1864 1877
36 290
797 1137
2095 2157
57 3449
3455 3469
2505 2851
2929 3263
1621 2489
400 3573
342 2753
3115 3196
1296 1877
3391 3559
2268 2987
2999 3479
33 1758
1030 3546
1495 2772
56 3428
2922 3401
3272 3593
815 2486
1403 2493
247 1781
2883 3047
2769 2785
713 2674
1864 2144
2753 3166
1883 1977
3356 3540
1563 2214
446 2377
484 3273
622 3599
3002 3556
1787 2503
3574 3593
2050 2574
1821 1979
1218 3309
1839 2818
2676 2793
2879 3096
1399 3412
2265 2305
3124 3254
2494 2566
2400 3030
1462 3064
3135 3221
2478 2953
2641 3031
1404 3399
3292 3567
493 2349
1405 2059
614 2348
852 3549
3565 3596
3512 3583
3260 3334
2748 2846
76 645
2669 3356
197 2688
1617 1913
489 802
2086 2385
1428 2911
775 2773
194 2822
2662 3305
719 2773
1022 2328
3570 3576
2977 3202
1091 3036
2972 3556
286 3349
2834 3588
3250 3376
1721 2961
3480 3562
1535 2723
352 2818
2096 2533
293 1493
1645 1666
948 3232
123 2584
407 786
3209 3356
568 3138
1336 2316
2800 2948
902 2741
2362 3324
980 1596
2781 3088
2709 2917
3544 3591
1923 2581
2617 3130
2105 3039
2914 3024
2671 3303
1854 2204
3585 3594
2718 3262
32 1386
2137 2218
2834 3586
1453 2331
3071 3233
1123 1299
2916 3466
398 1076
2253 2501
3184 3587
2911 2982
1704 3062
354 2174
1868 2886
49 1672
3360 3463
2885 2929
2442 2938
2273 3534
104 2677
2522 3436
2854 3544
2736 3472
275 1284
3099 3440
2058 2770
2946 3226
2203 2476
2130 2919
440 1797
3274 3442
2771 2802
1081 1310
1576 1623
2850 3082
3514 3539
2803 3129
2571 3408
2101 2585
2564 3125
3149 3567
1342 2116
1734 3382
2050 2804
1547 3079
851 2446
3313 3404
1108 2464
2131 2945
3324 3543
2170 2753
361 2631
1887 2135
2680 2847
1754 3389
2635 3182
2673 2815
3230 3433
2661 3584
201 3134
2135 2460
870 3327
808 3530
1389 1466
1492 3234
2305 2607
3486 3487
3080 3356
461 3243
3422 3463
945 3163
549 2812
1943 3472
359 556
1831 2200
1226 2067
1875 2504
874 2810
3556 3564
1763 3152
136 728
479 2060
3385 3422
1537 3074
2552 2648
989 2923
3479 3592
1587 3026
2724 3087
1400 1468
3391 3435
1719 2721
3034 3255
2181 3183
3329 3512
2590 2927
1276 2015
459 1963
401 1003
1228 1332
2625 3242
916 3264
1929 3017
2287 2859
608 2306
2536 3200
12 3073
1418 2642
2535 3020
778 1131
260 3464
2640 2734
2775 3520
1622 1844
478 3410
134 3505
1329 3353
3573 3579
3043 3402
521 1122
2703 2712
1682 2192
1326 3336
348 1647
950 3464
311 637
911 1489
3393 3451
478 971
887 2157
1058 2823
2738 3356
904 1147
1272 1809
2455 3320
1421 1591
3516 3564
1168 3224
1502 2175
1549 3180
2375 2854
1962 2120
2283 3465
1834 2340
2186 2513
1005 3024
434 3335
2313 3177
3160 3593
1832 2235
28 1374
1446 3341
669 1635
3336 3387
3039 3084
1218 2187
847 2161
3299 3372
3497 3532
2334 3250
2287 2612
1370 1945
3335 3408
3156 3364
2013 2543
2207 2983
1248 1467
3594 3599
1181 2245
1348 2505
356 3429
1729 2121
850 3037
2369 2731
260 2089
3008 3031
2345 2464
3598 3599
1846 2398
602 2849
502 2457
2900 3044
1342 3429
3431 3552
2744 3395
2831 2869
2297 3167
1086 2062
2120 3275
267 750
2701 3413
971 2105
3502 3555
3285 3586
2994 3034
1430 2932
143 372
1858 2217
1992 2948
3486 3524
1748 1972
1931 2518
3564 3574
2221 2472
1620 2709
1770 2348
703 1407
290 2832
1970 2139
78 543
2824 2906
1235 3473
936 2281
2956 2991
411 2230
1363 2350
1173 2205
1638 1833
1579 3187
1883 3091
2381 2927
3258 3342
2870 2901
79 1581
2817 3286
1370 1745
3100 3122
2939 3421
1799 3387
1375 2428
3381 3531
2446 3326
2362 3476
3523 3557
2744 3087
3034 3244
3131 3474
924 1028
621 2851
2825 3249
587 3490
486 1043
126 2626
2504 3407
1497 1936
993 2816
3481 3482
238 2221
128 1603
71 1042
1704 3005
3426 3555
2943 3114
114 2308
3348 3512
2929 3055
259 2066
3364 3424
1922 3231
1823 2621
60 553
1279 3034
1051 1886
1511 2299
1021 1911
3137 3255
211 608
614 2454
374 2736
1937 2769
1723 2816
3000 3008
1188 3447
121 2957
2624 3152
2840 3471
3472 3535
2627 3466
3256 3332
1854 1957
2492 2699
3314 3535
3147 3417
1117 1847
416 1997
1943 3121
2258 3583
2329 2558
102 667
68 1775
77 2378
177 1795
939 2235
2036 2825
806 2401
2555 3097
1791 3040
604 992
3524 3540
251 257
2118 3231
1867 2741
821 3051
3274 3494
3490 3578
440 1862
2845 3136
2087 2401
2764 3017
86 2317
19 460
2692 3110
1747 2538
2882 3496
1656 2916
1703 1960
650 2685
1172 3455
2066 3501
185 2676
1341 3140
894 2024
1308 1427
2633 2670
3511 3594
2242 3122
904 2826
45 909
3351 3531
1756 2610
3442 3584
273 2427
2488 2925
1667 2706
2968 3327
438 2097
1411 1424
2108 2935
29 1972
556 2161
2923 3030
2535 3405
1854 2219
180 551
2667 3403
2354 3439
1886 3571
1145 1965
1434 2552
2716 2749
988 1757
3324 3567
2496 3538
2542 2809
3470 3503
1644 2426
2277 2950
1097 2314
52 3599
1702 3561
2639 3106
1719 2940
2568 3318
2371 2430
3373 3411
2131 2230
2325 2737
3412 3474
3287 3302
2343 2563
2047 2949
2689 3588
396 972
97 938
1126 2143
3577 3587
705 1557
410 1988
79 1256
2593 2605
1321 1627
2245 2995
255 935
2207 2313
806 987
806 2796
1072 3158
2690 2692
1839 2309
1954 2017
2798 2814
301 1231
2778 3162
918 2456
2015 2069
1278 3026
2358 2841
80 2108
848 929
1351 1538
2393 2436
848 2659
3437 3447
2797 3344
2732 3123
3388 3536
1854 2125
2044 3417
1171 3485
586 2316
83 1824
2651 2868
1834 2621
681 1513
831 3044
463 2318
2585 2885
605 3317
2974 3461
408 940
3218 3326
2351 3283
688 763
3556 3577
933 2096
373 2033
3410 3436
656 717
2253 2905
217 630
1788 2509
1260 2047
2272 2404
2393 2440
3546 3559
1609 3094
1273 1837
1547 3162
987 3300
2800 2834
3484 3586
3472 3570
1095 1940
824 1754
263 855
2540 3368
1641 2297
2502 3444
2843 2858
1275 3236
1207 2164
2215 2403
2047 2955
2617 2807
837 1481
675 850
1610 3071
2036 2629
860 1033
1008 3598
1104 3045
2731 2991
1170 3127
1338 2783
259 967
2675 2964
673 3385
1346 1601
1858 2988
571 2926
60 1361
962 2010
957 1339
3520 3539
1174 2465
2016 3054
891 1811
3537 3568
2040 2879
2332 2839
758 3236
725 1659
989 1879
2298 2676
1797 2437
1524 2486
2093 2643
961 2672
2363 2893
2195 2749
2721 3491
2556 2744
3559 3575
2394 3079
1615 3144
1768 2939
62 2748
366 816
1493 2367
1941 3281
3067 3592
911 1113
2757 3434
1160 3409
2875 3335
1132 2967
1082 1494
2107 2211
2111 2646
986 3247
1495 1897
1036 3432
2655 2735
619 1271
2107 2174
181 3249
3379 3571
3117 3222
59 1073
1942 3102
1917 2858
589 1752
72 1162
2561 2838
1532 3528
2938 3347
1485 2718
1609 2592
523 1223
2611 2651
2321 3019
1675 2517
33 2023
1465 2518
2572 2677
694 798
3347 3372
1299 1510
2562 3291
3458 3548
2601 3099
1858 2551
278 3419
1200 3291
3515 3527
1567 2640
2032 2185
1551 3372
1820 2618
3280 3358
633 1152
1710 1724
2035 2838
2905 3271
1118 2184
3443 3499
2171 3077
430 734
3407 3568
171 1883
3022 3523
2729 3514
431 2176
2607 3094
62 1440
852 1590
771 2894
1433 3094
1798 3104
2517 3565
3083 3519
2194 3450
881 3573
2311 3284
1174 1379
1416 2712
2322 3453
3125 3202
794 2168
2541 3156
2899 3305
1997 3115
2178 2890
576 2310
3334 3484
3060 3105
1618 2504
1194 1658
2657 3022
2572 3124
1768 2266
3135 3369
1818 2676
1934 2262
2340 3257
1999 2721
3462 3493
2918 3506
3015 3174
2250 2734
2441 3547
475 2235
3022 3467
1874 1948
3195 3410
990 2123
1020 3215
2767 3210
3593 3596
571 1745
2078 3388
3433 3470
371 696
2417 3191
3440 3496
1097 1328
1215 1762
1728 2274
3121 3566
2407 2694
2571 3506
3237 3371
275 2694
688 2755
604 1920
3396 3505
911 1891
3046 3131
2811 3058
2036 2243
2534 2916
2078 3265
494 2398
460 2021
2430 2626
2485 2677
3549 3551
2163 2881
1187 2848
1622 1956
2103 3584
939 3229
2053 2853
1656 2749
1125 2580
132 595
2005 3049
829 1940
1817 2272
1192 3348
2848 3060
3530 3595
1678 2066
322 1933
1088 3329
412 908
1149 2697
3394 3408
3334 3484
1376 2486
1477 1637
1177 3054
869 1452
1065 1667
1537 2515
1414 1757
2717 3278
1796 2112
313 2010
2003 3082
1392 2597
1809 3474
319 2007
223 968
3038 3156
191 3348
772 1686
1376 2878
329 3209
938 3100
1726 2404
640 2773
3147 3254
2907 3523
3202 3554
143 2844
2555 2879
3468 3479
3560 3583
1421 2439
2985 3034
707 892
453 3495
2578 3166
3292 3322
1984 2952
2233 3113
2838 3072
1530 3039
261 3180
3284 3552
628 2957
962 3290
1724 2968
2349 3090
1364 2174
443 2906
2455 2931
22 216
49 3422
2234 3344
1232 2515
2094 2939
3448 3502
3333 3399
3143 3182
2960 3013
1760 2885
1163 2487
165 1190
3572 3579
178 3541
2172 3374
1237 3231
710 3412
2195 3509
1607 2445
2360 2983
720 1783
1478 2666
3401 3407
611 3058
1919 2766
1008 2496
1487 2422
1264 2473
943 2492
237 1288
2104 2615
755 1219
3447 3555
1667 2181
3153 3534
3145 3477
914 2301
3575 3596
3398 3438
3378 3433
1537 2100
3082 3381
1771 3343
1579 2810
2475 3461
3421 3519
3123 3380
2742 3205
2468 2726
581 2578
631 2020
1374 1523
758 1619
3287 3591
2372 3019
314 2337
2770 3528
1369 1378
2965 3354
1628 2603
1747 2035
1552 2776
2103 3250
1863 2545
1695 3299
1647 2041
2475 2980
2882 3311
1709 2248
1876 2188
1660 2021
3427 3573
2261 2739
849 2924
3277 3574
1095 1275
2065 2563
3269 3385
929 1342
2181 3371
2125 2774
2640 2756
2319 2956
763 1092
2297 3044
970 2698
1237 1504
134 2947
3273 3510
2815 2971
716 1488
2713 3194
1465 2772
101 2292
2560 3296
2902 2939
882 3249
288 1200
2883 3380
18 1131
630 1282
1338 1738
3396 3420
1539 2441
22 1643
2731 3536
3292 3445
466 2759
2196 2252
1355 2403
1116 2655
1906 2174
679 2872
974 1807
1943 2308
2890 3497
254 940
1675 3551
3381 3446
1770 2343
1971 3149
149 3171
1728 1815
1783 1963
2958 3163
1654 2563
3173 3314
628 1710
2846 3563
1077 2708
2995 3585
3209 3230
68 1513
33 846
2580 3461
375 1163
2727 3177
229 845
535 2415
1979 2776
1162 1964
1683 2230
3492 3520
1843 2424
2552 3203
3360 3491
2647 3133
2675 2944
1980 2368
2708 2929
1400 1869
499 698
3111 3196
2003 3456
1427 1835
3238 3352
2625 2899
2182 2657
3316 3323
1544 1601
691 1000
2493 2731
2012 2849
719 3204
1813 2983
2951 3507
3402 3422
2743 3562
358 788
218 3094
1029 2493
608 2414
2085 2217
775 3329
403 612
2583 3113
273 1169
3276 3442
2724 3273
1826 2995
2738 3014
3493 3589
3037 3286
2584 2801
3385 3410
1956 2706
2049 3484
990 1657
5 1336
481 3252
667 1287
682 1066
345 3519
1114 1317
1448 1487
601 1876
405 2572
1700 1973
3010 3202
1602 1873
2592 3117
3594 3595
288 1525
2696 2888
927 2152
742 1663
1304 2720
2868 3097
511 571
1761 2703
1206 3240
2355 2791
1403 2969
426 3022
162 3507
1309 3434
1891 2951
365 1755
1971 2365
677 3125
1202 2602
2 2866
2337 2507
616 1292
3027 3520
27 3556
431 1931
2998 3374
3183 3499
2823 3397
1095 3048
2885 2888
2241 3417
2596 3080
2709 2718
2265 3300
1525 1777
1385 2036
956 2911
600 3185
3397 3528
1488 1788
1238 1698
1357 1643
2897 3124
1045 1882
3486 3585
507 3417
3287 3323
2391 2607
1142 2213
582 2221
1775 3322
2086 2983
3542 3597
2756 3154
345 2114
2902 3406
3436 3488
2562 3096
779 2887
2438 3015
2465 2485
2493 2928
561 1504
554 2104
1992 2374
1525 3508
2278 3261
189 1822
2046 2048
3203 3508
1530 3526
1606 2380
3172 3456
628 650
3209 3455
2843 3294
2833 3507
2536 3571
356 3532
2190 3542
132 476
1284 3036
2536 3064
2559 3355
569 1951
3117 3554
1792 2373
2519 3447
2513 2978
1925 3525
2833 2954
1362 2680
2630 3519
410 1042
1180 2369
503 2944
1666 1940
3035 3254
1897 3545
661 1692
3080 3477
1803 2040
527 1897
776 1972
2256 2778
2961 3569
856 1525
1505 1839
3551 3584
1495 1800
833 1861
888 1186
3171 3504
2233 2347
1601 3087
624 1261
257 2317
3373 3469
2313 2682
1800 2498
1375 1795
1675 2259
3301 3315
3555 3586
3578 3585
1118 1644
1384 2467
1503 1880
1386 1389
3499 3547
2136 2711
70 2717
1178 2826
845 1304
2123 2490
1290 3253
1992 3099
2501 3138
1789 2496
848 1425
2697 3168
1825 3444
1068 2705
3032 3285
967 1030
3008 3332
1029 1786
1324 1524
2021 3339
1395 2916
1331 2680
565 2783
3052 3117
1394 2455
76 576
496 1311
935 1710
690 3214
1827 3172
3351 3512
1480 2964
2223 2454
1163 2772
3149 3432
3581 3587
1682 3283
1103 3273
2773 3360
2550 2995
243 2774
237 611
918 1881
2406 3509
2492 2604
3573 3592
403 491
1148 2629
1404 1887
832 2175
889 3176
2228 2262
30 308
695 3347
721 971
3236 3519
1691 2596
1586 2724
315 1871
1321 3585
3239 3578
3433 3475
1202 1784
1309 1921
3433 3491
1844 2186
497 1110
3486 3565
1628 3533
2562 2622
738 2913
1494 2202
192 3324
3372 3539
2560 3108
2237 3201
2903 3088
3436 3503
2996 3588
1989 2472
184 2657
3590 3592
1697 3180
2984 3538
3439 3450
340 3337
1287 2841
1609 3196
630 3319
1334 2498
3132 3571
923 2113
2776 3472
1263 1673
2654 3262
2231 2320
1934 3462
3100 3315
2229 2276
75 1166
789 1425
2926 3505
615 2612
2086 2951
1370 3025
3062 3318
1261 1312
3321 3455
3375 3395
502 1541
2702 3138
2646 2834
3147 3512
3352 3378
3241 3514
537 992
2524 3236
1536 3455
2320 2608
237 1661
564 1299
787 2747
3045 3593
890 2253
1550 3305
610 2370
2854 3571
789 2157
1283 3117
2631 3515
341 2658
1754 2270
2818 2951
1463 3042
3499 3511
1322 2847
2822 3193
2620 2932
188 1724
2733 3309
2149 3023
1957 2672
2642 2665
629 2916
2302 3540
2687 2697
737 3165
2968 3473
1444 3146
849 2902
1898 2515
2591 2983
2791 3035
139 486
1416 2783
2013 2150
491 1844
2149 3044
3424 3520
323 2541
1023 3506
1154 2570
530 2072
1290 3425
2106 2363
1451 1992
224 1652
252 2977
1301 3020
929 3391
2633 3300
2940 3480
849 1586
153 1332
546 1897
580 2878
1092 2593
3286 3505
2990 3227
2243 2790
1712 1911
2478 2942
1180 2037
2971 3115
2145 2707
1317 2755
3431 3541
290 3021
1770 2597
1999 3344
3344 3365
2576 3040
2922 3093
3423 3497
467 1162
1973 2535
833 1298
1482 1805
2248 2776
736 2806
1453 1968
2844 3394
1564 1834
744 953
165 185
2406 3025
1992 2331
1895 2447
2955 3234
3512 3538
691 2815
1245 1866
1504 2160
3000 3286
68 1549
1314 1885
1218 1259
697 1761
1007 2524
1434 3145
1132 3343
47 58
2031 2662
3148 3343
3133 3238
2070 3449
2175 2737
2278 2852
1333 2701
2309 2539
1452 1783
3385 3574
1064 3310
1861 2348
2447 3532
2224 2522
3487 3575
3396 3597
2014 2273
2582 3186
449 1870
1306 2053
196 302
1676 2853
3114 3514
2124 3313
496 1624
2025 2725
3126 3162
889 2017
3075 3362
585 3063
2455 2808
1833 2367
2788 2981
2546 3367
139 2448
2812 3395
2738 3479
1891 3557
3320 3404
113 2945
2789 3205
2420 2726
2694 3519
3018 3308
539 1472
2646 3357
3304 3500
2271 3293
3453 3455
3422 3456
1892 2740
768 1346
1047 2167
593 1090
3235 3490
3354 3445
195 2929
1699 2987
2307 2463
1870 2333
2643 3264
1813 1819
1621 1956
3392 3494
3193 3247
186 272
3389 3454
2418 2744
1183 2505
2603 2902
1999 3470
1934 2286
559 1843
3319 3329
1202 2847
140 2079
1759 2896
2991 3002
936 1383
2131 2440
779 2861
2227 2440
658 1896
2688 2707
2656 3432
1983 2182
2372 2411
1756 2482
1166 2873
325 2270
893 2615
3557 3586
1641 2926
3131 3221
2844 3514
2484 2685
444 1344
140 1789
3360 3536
1222 3334
2012 2036
1889 3385
1263 2816
2838 3587
1783 2396
1697 2856
555 1016
252 1526
1624 3417
2863 3252
2409 3557
3524 3532
148 3393
3504 3588
3203 3574
1974 2552
1401 2848
236 572
550 771
403 3328
1799 1843
2015 3514
1093 2559
2619 3484
1096 1716
209 307
202 2245
3007 3398
1377 1561
2988 3551
88 1951
1300 2844
2065 2573
2581 3098
2655 3504
3432 3467
643 792
2470 3527
3055 3163
3160 3502
934 2110
670 2237
299 3405
2411 2958
1007 1821
455 2813
391 2730
1542 3053
3187 3273
1060 2623
1046 1670
173 1807
295 972
2537 3404
1929 3105
162 2880
3120 3373
1890 2734
220 2847
2551 3377
982 1434
2731 2757
57 3379
2500 2512
3398 3510
1458 2074
2524 3039
3002 3057
405 675
882 2052
2918 3004
2062 2843
878 1520
2445 2517
3326 3558
3421 3429
371 2460
613 2180
1193 3519
842 997
456 1509
2999 3474
862 1959
80 603
2446 3107
2664 3214
456 1642
441 2966
2476 3310
3025 3227
1001 3406
2683 2999
1388 1789
2002 3076
3249 3316
2514 2920
1406 2336
189 1787
810 1628
807 876
3515 3565
3307 3433
2395 2677
1072 1117
2430 3556
2634 3367
2413 2586
1473 2904
1516 2276
2422 3036
1869 2169
594 2606
919 1998
2243 3128
68 330
2864 3005
1880 2518
949 2376
1253 3326
2503 3354
1070 3126
1947 2307
2115 2372
1801 2480
3004 3354
3546 3558
2117 3098
1812 1878
3452 3570
3133 3338
163 3333
2031 2990
3409 3533
2600 2871
111 1156
3272 3443
3346 3577
1636 2552
2107 3395
452 3401
1648 2857
1107 1343
3441 3526
528 1564
2794 3358
1113 2233
927 3486
3203 3303
475 2239
2028 2560
1227 3428
290 2794
1718 3518
457 1077
593 2070
3342 3574
3490 3583
2390 2527
2732 3078
1879 1903
1012 2814
1512 1806
1781 2899
2532 3081
1503 2412
1231 1365
1505 2511
1083 1359
2928 3191
2949 3372
2682 3349
263 621
2680 2892
3067 3415
1080 1116
2232 3313
177 1755
239 1567
1142 1927
2135 3302
1166 1726
295 2568
1188 2964
1936 3341
2628 3149
1342 2207
1825 3257
3455 3545
1778 2479
240 2781
270 3498
1441 2088
361 3137
1457 3587
2699 2998
356 2071
583 3123
2356 3480
1924 2888
2324 3574
664 2727
17 2344
871 1378
3069 3286
670 1765
1132 2139
2971 3398
1458 2595
3300 3508
1616 2965
2070 3454
449 3502
1332 2847
651 2659
3152 3555
2343 3304
13 700
3000 3112
3490 3569
1100 1952
2348 2444
3145 3584
2107 2510
3539 3579
410 1036
3130 3232
1161 1254
686 2792
2222 2950
2649 2691
2562 2629
511 1483
3071 3296
523 891
2841 3089
1925 2318
1835 2899
1643 2111
3465 3506
3347 3535
2478 2752
2614 3464
72 3307
673 883
1899 3343
407 1911
1902 2232
580 1875
2638 3258
2258 3042
1029 1624
1702 2827
2892 2971
1924 2696
1170 3123
2471 2592
84 881
1433 2559
2367 2475
3176 3531
1745 1887
3132 3340
2517 2818
3121 3155
2452 3568
492 1561
1317 2953
3119 3132
3281 3444
1285 2377
560 1333
2801 3333
1064 3453
1050 3373
415 1491
2608 3104
2554 2704
1194 2255
2501 2610
3529 3546
159 2999
1752 2229
1758 3248
222 2453
679 1657
202 1250
1300 1435
279 2211
2933 3508
3069 3379
552 2308
2038 2737
2132 2763
3587 3588
1910 2369
3220 3344
3372 3508
2962 3368
1244 3152
2611 3581
3332 3399
1671 2618
3024 3203
780 1328
2440 2716
1392 1952
2685 2803
2852 3266
1505 3115
3306 3427
2312 2852
1735 2294
1028 1305
55 1900
151 2115
1291 2991
3452 3507
390 1692
3039 3334
2590 2825
1212 3209
421 1478
1272 1511
459 2285
3545 3589
1137 2627
3166 3271
2671 3277
3436 3590
1738 2534
2342 2407
2698 3032
2208 3251
2839 3593
2602 3360
1217 3276
1990 3480
249 2109
2498 2883
3346 3411
39 2848
1379 1950
50 1400
3483 3595
2471 2590
885 2113
862 3129
324 3242
1505 2827
1225 2661
1597 3540
756 1799
508 2223
805 2279
1333 2217
1098 1415
758 2580
566 3430
1564 2942
3405 3499
3350 3416
1274 3263
1092 2765
893 3384
3398 3489
728 2794
1407 1587
360 1265
995 1882
1673 1726
285 806
1991 2733
578 1529
2354 3176
918 3263
1688 3450
1753 3437
1530 1761
2849 3461
1824 2212
2074 2762
3141 3525
227 1503
1918 2537
1676 3171
2676 3273
2059 2375
1367 2319
3371 3448
404 3326
2431 2730
2 3434
449 2012
2380 3530
815 2089
1724 1871
1450 1738
1006 3020
102 1133
3316 3331
181 2506
630 955
912 3370
2523 3515
1827 2325
1200 2880
2289 2519
2602 3458
122 969
3573 3581
2756 3068
2261 2359
3367 3521
623 675
2633 3311
2428 2534
1970 2571
1017 2709
2025 2602
3436 3557
2924 3569
1413 2613
3042 3334
1838 3563
659 1800
2464 2675
658 2050
3216 3332
9 96
694 1465
1867 2952
1018 2025
1302 2435
251 2243
3140 3325
263 839
2451 2986
710 3084
616 2230
1793 2030
1447 2456
3402 3438
2589 3354
3073 3346
1743 2728
460 1488
2547 2590
1314 2753
1040 3540
1493 1624
1239 1851
365 3278
1831 1996
1824 1966
655 3272
1864 3469
2610 3552
756 3015
177 2307
3575 3583
1007 2239
3007 3169
2471 3077
2560 3581
2268 2791
739 976
582 2057
838 1142
1843 3309
3258 3334
603 3436
292 1380
188 2235
1095 2829
30 796
2517 3039
3564 3588
1031 1109
67 2612
849 1571
3265 3395
2731 3194
2846 2979
2584 2857
321 1842
273 2863
1378 2824
832 3243
1017 1086
818 2270
1326 3078
488 1051
3061 3169
1193 2755
3022 3101
37 1962
618 1812
268 2879
1972 2447
183 3228
1656 3451
293 366
2470 2819
84 1670
2951 3092
3316 3543
1791 3056
3232 3542
1810 2081
1908 1925
3 491
438 752
322 3571
1069 1866
1201 1535
412 2234
2007 2235
0 2286
1240 1245
2978 3268
1349 1552
2574 3450
229 1305
2603 2819
3283 3431
2647 3093
2119 3588
2456 3259
1345 2714
114 499
1743 2860
1869 2102
1075 3036
1787 2569
1471 2902
736 2845
930 1656
1888 2370
1621 2505
2450 2849
565 1206
2781 3247
1008 2175
2250 2498
922 1756
3388 3485
3212 3308
3355 3434
2848 3346
2884 2941
422 2809
2424 3571
3322 3485
3305 3465
1668 1873
2378 3417
1055 3205
3155 3288
3232 3590
2413 3089
413 1162
314 3485
1507 2141
2415 2875
680 1738
2179 2611
3003 3572
135 468
47 2037
3458 3585
2118 2569
1076 1761
658 2291
424 2882
3395 3551
3576 3587
625 2048
1810 3587
438 2817
664 2246
1770 2986
1073 1480
561 1649
2283 2933
2689 3455
2555 3099
1948 2649
123 614
1666 1928
2362 2643
1115 1206
846 1391
1613 2957
2840 3095
896 1864
3119 3280
2780 2815
984 2084
1854 3500
209 1523
2294 2758
2709 2971
1892 2586
3055 3362
721 3129
321 3422
3254 3277
384 2867
2422 3355
2321 2870
2877 3037
2470 2862
2194 2812
1585 2509
2876 3540
2961 3262
2131 2347
860 1560
1816 2078
3492 3589
69 1453
1564 2415
1936 3408
985 1730
1907 2357
1829 2634
3001 3430
801 3226
2582 3148
2892 3147
2617 3559
2232 2327
1972 2832
3371 3466
1466 3443
1155 1580
2473 2518
1000 2309
2290 2754
3296 3575
2836 3229
977 1763
1901 2241
2044 2433
3269 3310
1518 2698
3579 3592
1369 2308
551 2951
3072 3311
1441 2774
3165 3417
1066 2488
2505 3364
977 2550
2362 2676
2923 3001
3233 3261
2821 2960
1528 2041
1272 3375
689 2929
1147 2682
3454 3522
999 1268
3365 3391
2874 2996
3160 3387
2997 3272
352 2784
110 3149
3440 3532
8 2028
720 2161
2593 3013
891 1743
3043 3421
402 2623
905 1491
2462 2654
1626 2536
858 2706
1022 1234
3022 3483
1105 1942
123 3358
556 1160
61 554
1663 3016
2107 3143
2168 3340
2266 2868
2556 3166
1931 2326
2830 3193
1625 2382
35 2409
222 844
2689 2767
1499 1774
1730 2986
3144 3507
2037 3314
616 1317
2905 3451
3182 3191
2784 2841
1765 2063
2015 2502
2308 2518
3210 3211
2603 3004
1650 2986
2991 3436
1388 1830
941 2455
3032 3411
1233 2178
414 2998
2406 3134
164 1864
560 2227
3422 3522
2644 3493
2384 3593
3473 3493
2332 3524
335 790
974 2644
3000 3305
1083 2652
1392 1426
1644 2459
437 2132
2752 3571
86 2712
2086 3115
2140 2783
1840 2831
2569 3584
994 1609
1046 2143
1848 3157
2677 3468
3575 3593
1933 2661
2272 2337
3061 3231
3260 3496
664 1410
3330 3424
2872 3062
1642 2513
1388 1896
755 2077
3280 3574
1710 3351
1723 3184
164 534
1294 2980
3306 3374
3347 3583
3576 3578
2852 3028
383 2681
647 1453
2945 3518
2988 3045
1963 3233
2598 3277
3126 3154
2503 2968
3388 3481
2169 2280
2817 3318
490 748
2903 3035
1792 2912
1523 3190
2746 2831
1218 2711
2035 3501
3422 3493
3456 3512
386 2768
2538 2842
1420 1913
874 3555
1459 2906
827 2595
2137 3535
325 2785
1500 3511
367 2970
3005 3507
1813 2423
38 3038
3350 3567
1920 3508
1098 1833
529 1879
1479 1508
3210 3336
1458 3140
3283 3455
2864 3565
960 2538
1986 2419
3428 3460
1511 2848
2401 3343
3563 3593
2613 2981
2976 3584
662 2766
2748 3403
1202 1258
3249 3498
429 1097
2947 3560
2660 3282
444 2200
1634 3188
3191 3457
1189 1594
1803 3019
1352 2268
3004 3016
175 1726
3441 3557
1624 2357
1342 1523
2047 2888
1287 1807
3177 3270
163 212
735 2150
1073 1964
2966 3083
1330 3057
1550 2376
2932 3285
3387 3578
335 567
2050 3034
3021 3526
2126 2527
2766 3253
468 2707
402 1652
3422 3449
3051 3278
150 2947
1592 1683
2680 3428
1772 2646
134 907
975 2056
554 1359
1185 2613
2492 3195
2887 3397
1079 2073
1300 1914
1952 2342
3297 3454
3007 3156
1794 2502
2663 3469
2792 3472
3524 3595
845 2169
3597 3599
2957 3432
368 562
343 2771
2396 2927
1656 2995
2220 2785
2895 3110
3554 3574
34 138
19 1282
934 1372
1716 2179
3269 3304
326 2971
2638 3257
2773 2959
696 2640
1091 1605
2741 3197
1644 2015
1881 2323
2495 3324
650 1428
1503 2067
1703 3498
573 2080
3278 3448
3358 3465
439 1736
2517 3544
121 1308
1295 2673
3440 3599
53 450
2297 3226
2701 3359
590 3426
3380 3405
1163 2688
642 3035
1250 3594
2786 2943
1429 1445
2406 2425
3432 3523
1880 3276
1203 1277
2760 3100
3028 3185
1390 2044
1862 2697
2776 2835
2003 3233
3304 3513
3509 3590
1647 3213
113 184
2441 3097
1888 2105
1978 2190
3138 3355
1129 3350
99 1397
1914 3175
1388 3083
1956 2478
1631 2344
1399 2244
279 1419
2102 2828
499 3513
496 2957
2047 2147
453 1351
3362 3386
2097 3174
546 734
1867 3011
1342 3251
3260 3328
2886 3333
2217 2396
181 294
3321 3382
2558 3373
947 1831
64 685
1571 3123
75 2963
2472 3323
3032 3108
2880 3130
3153 3257
2934 3246
526 1589
1269 3443
942 2170
2847 2965
3441 3574
709 1387
250 3445
493 2946
1417 2408
344 2866
3121 3562
2554 3297
845 1588
2669 3184
241 3390
1556 3400
2359 2644
1131 3212
910 3216
590 3336
2844 3577
1374 1701
2028 2496
1195 2243
2263 3243
1155 2325
1594 3390
1963 2100
3293 3391
2498 2628
423 602
1106 2964
2829 3513
1749 2879
1680 2082
2476 2693
1005 1903
362 3107
988 1097
1389 2805
2846 3388
399 3345
1379 3034
1743 2997
2741 3536
2644 2944
577 803
76 2410
1991 2688
1533 2763
2496 2682
3133 3476
197 1348
1047 2965
3378 3566
2481 2897
2395 2822
1855 1939
567 1511
1072 1527
113 2978
1984 2489
3098 3202
2426 2853
2016 3005
1730 2740
1319 3252
2407 2700
1229 2156
618 2326
2489 3196
3554 3565
3335 3427
694 2624
2268 3178
1956 2053
2890 3512
3138 3530
277 3211
1258 2850
3590 3595
789 2960
3577 3583
169 3515
1683 3335
887 1525
2876 2916
3215 3484
3537 3590
3544 3574
1987 2094
2161 2370
1795 2303
3242 3337
106 238
2428 2920
1990 2595
410 1914
619 2771
2642 2904
1144 1495
1231 1837
786 2433
2166 2774
499 2494
2531 3536
975 1644
797 3018
1789 2555
612 1048
656 3567
3236 3399
2896 3147
2570 2580
2481 3254
2370 2622
1613 2018
1441 1467
898 2828
1831 2521
1376 2746
3304 3340
1152 3571
21 1615
2961 3117
1995 3172
2980 2988
320 3212
2210 3341
229 2742
535 2495
2355 2445
1098 3301
2379 3152
2788 3526
428 3414
1501 1976
337 2724
312 2118
1227 2888
176 181
2160 3598
921 985
3077 3572
142 2708
2521 3500
1868 2758
2534 2990
59 2992
2011 2628
3121 3162
2398 2848
1899 2276
1932 2839
2111 3070
1065 2398
179 3330
3520 3594
2204 2329
583 1753
316 3155
2671 3044
1498 2588
1884 1908
963 2145
2564 3444
2729 2850
906 2459
1854 3404
2936 2961
505 1524
3043 3078
759 3306
1662 3545
1860 2528
2736 2968
3564 3567
2621 3024
696 1887
2960 2988
3032 3486
3289 3497
1080 3443
2171 2487
1570 3183
209 2767
826 1916
921 1590
1262 2131
2894 3056
196 1767
1688 2336
2207 2882
1535 1754
2840 2888
2009 2762
627 2825
609 2952
2690 2858
1094 3569
1964 2044
1784 3455
1037 1268
2251 3185
158 498
750 3396
3159 3317
1373 1737
82 214
1361 2009
1472 1480
772 2653
2024 2972
2287 2473
76 722
2498 2556
3510 3580
346 2490
1919 2172
2241 3532
3134 3421
2629 3257
1625 1686
2685 3057
1247 2764
2095 3419
3340 3499
3484 3548
1570 3101
2710 2825
1420 2220
733 2611
2155 2981
1275 1403
3260 3289
1868 2554
3074 3209
1000 3319
1608 1617
2762 3079
3201 3481
2612 2872
573 2904
2730 3476
1018 2515
210 3042
1560 2823
1745 2684
2470 3489
679 2847
3473 3558
816 2315
3218 3225
1944 3416
1439 1737
693 3472
1160 2436
2123 3281
2854 3523
1326 3393
2053 2459
1459 3114
2362 2500
2870 3052
2551 2813
3397 3548
3017 3460
2644 3014
1725 1774
1600 2554
1106 1993
2300 2388
1082 1966
311 1509
982 2731
1399 1584
1520 3001
2939 3073
734 1404
832 1030
3284 3493
2109 3300
1085 3572
1803 2069
723 799
2021 2256
2391 2604
3366 3527
290 898
1701 1937
973 1056
701 798
589 3566
2341 2533
955 1553
1343 3005
302 1420
3556 3591
2280 2460
1174 2164
2649 2836
567 2404
1515 3246
3514 3584
2240 3486
205 1314
599 769
2715 3057
2677 2862
1634 3500
2654 3103
1904 2555
224 2920
1148 1499
3422 3585
415 1636
2162 3184
398 946
1053 1866
2703 3274
2112 2303
540 1883
292 781
1802 2407
3510 3574
792 1723
1182 2410
1797 3178
1785 3348
2320 3130
10 323
316 3582
770 3197
1261 2834
3560 3588
3047 3344
3312 3564
2334 2715
3268 3460
130 2894
2280 2319
616 2894
253 784
484 808
942 2444
1786 2581
2111 2912
3516 3588
3192 3311
1462 2136
3508 3572
202 3374
1139 2166
2485 3264
3297 3570
3302 3362
1532 2338
55 957
1173 3486
145 2283
383 1202
3143 3293
1897 3338
2131 3002
516 1721
1223 2840
3298 3440
2047 2440
845 1170
3387 3480
1592 2049
605 1141
2502 3054
3018 3405
3456 3586
1060 2818
401 1771
3243 3400
3523 3544
1400 3120
3157 3551
2508 3085
2647 3090
439 491
2720 3276
76 325
3327 3594
46 2199
816 1855
862 1956
1035 2267
1431 2392
928 1029
613 733
2319 3099
1693 1697
2834 3516
202 2890
1878 2546
3472 3584
364 1745
2355 2921
720 2059
709 1837
1872 3001
1045 1795
280 312
89 2865
2920 2958
2615 3198
306 2879
1831 3055
2909 3511
1704 1829
2707 3592
2059 2694
3378 3424
2677 3596
843 1692
2413 2517
1176 1541
2619 3325
833 1164
434 594
3042 3218
1797 3004
3296 3395
356 1685
2816 3510
1816 3583
2099 2187
428 3229
1006 3336
936 2863
3053 3442
3013 3046
2467 3505
3099 3263
2425 3169
2970 3423
1847 2654
2444 2594
1208 2387
244 3272
3499 3513
572 989
1679 1687
133 564
1275 2864
825 1773
131 2814
3517 3573
302 3588
2627 2757
3049 3502
2435 3238
2219 3379
1353 3419
1318 3580
1023 1270
3551 3571
1749 3342
2191 2874
185 2419
2947 3358
785 2893
1090 2098
1665 2274
556 1374
364 1850
1391 1775
2250 2868
2937 3554
935 2187
1289 1777
1028 2908
1786 2511
3424 3597
3597 3599
953 3202
475 787
290 1412
1967 2700
459 3263
2340 2641
2378 3302
1603 3158
1609 2023
61 3047
1612 1892
1307 3063
1583 2072
1308 2964
1978 2450
900 1477
3419 3482
939 2970
1333 3017
24 2681
738 1811
2696 3347
3213 3241
870 3503
3181 3465
2379 3504
1353 3548
2586 2986
230 3048
1951 2870
2861 3283
2841 2984
834 3162
1580 2489
2409 2534
2142 2571
2634 3292
2604 2791
1348 2724
473 627
394 2858
120 3214
130 1560
1610 1782
3125 3260
1162 2365
802 1210
546 2475
1651 2130
956 1862
2846 3060
1807 3207
1066 1148
3502 3598
2301 3460
77 1145
164 1229
1524 1592
154 2928
45 1704
1661 2731
2073 2952
3202 3376
1600 3584
2305 3559
128 231
7 2770
482 1497
1208 2513
1398 2376
1710 1718
944 3582
206 1990
1655 2307
548 2660
2352 3195
1036 1217
406 602
1572 3203
3274 3308
1253 1765
848 3527
2787 3375
723 1049
2748 2894
219 2174
2954 3334
2969 3309
850 2155
573 2532
2070 2680
1054 3482
1364 1411
340 619
360 628
2958 3254
2630 2707
965 2030
3183 3595
953 2004
468 3064
1163 3270
113 2705
349 3575
1104 1317
1094 1931
2485 2582
3364 3558
2691 3180
2217 3290
895 1200
1103 1452
869 1464
1621 2327
3492 3544
1424 2640
888 2130
865 1657
2859 3284
3030 3592
309 3269
1051 1052
2680 3283
2090 3269
1769 3116
1263 1708
3321 3523
1834 2407
526 1227
543 2561
1019 1080
1108 1145
122 1349
857 3164
1484 3518
2860 3390
1594 1953
1951 2963
2672 2792
3063 3564
2194 2531
1157 1296
3106 3509
2986 3339
3051 3394
977 2588
130 2436
1997 2017
656 2740
1235 3306
2719 2954
1705 3296
3495 3570
1269 1782
1602 3347
2823 3015
1651 3180
2183 3366
1888 3117
1301 2235
728 1203
2872 3252
3274 3558
908 1868
3158 3258
1939 3089
1775 3082
2067 3001
5 3367
256 3317
1578 3350
2198 3548
3373 3418
1824 2462
2598 3219
1503 1721
1020 1701
2503 2680
752 2440
3040 3189
784 2291
2137 3244
359 2979
2152 3327
1557 1656
310 2404
1670 2443
2527 2837
1316 3249
1259 2307
291 1429
1449 3482
1444 2855
3582 3593
385 2835
1442 2984
3445 3546
726 2934
192 2359
358 1079
3255 3512
3120 3526
2709 2855
959 1049
78 777
2964 3083
446 701
1811 2032
2112 2115
246 3026
1692 2276
3416 3546
2694 3497
2058 3217
3151 3259
532 3452
2767 2781
2963 2975
1918 2460
1615 3256
1531 1743
73 2154
1280 1947
3450 3480
437 2286
577 908
3462 3556
1063 2672
2753 3467
191 890
1323 3024
1033 3174
1267 3579
1597 2512
2635 3287
506 1290
751 947
3431 3599
2834 2968
588 2490
2478 2483
599 2658
2308 3064
50 1224
3083 3232
2141 3292
2097 3580
3304 3323
118 879
28 861
2256 3198
139 1203
3276 3357
2901 3222
1978 2889
253 1796
2118 2503
1771 3238
2580 2787
3012 3257
118 2743
233 3523
533 3236
405 1042
2697 2810
2261 2308
3292 3364
2108 2917
143 498
2212 3305
3269 3546
2670 3451
1691 2507
1438 2043
3557 3580
284 588
1725 3088
1070 2161
675 1524
2416 3505
543 3085
91 2955
2007 2400
523 3115
1308 3129
2719 3377
1400 2223
161 2781
514 1784
1013 1640
1157 1869
2585 2717
3433 3470
511 1050
2509 3484
3214 3290
506 985
1580 2985
238 1976
3427 3494
1541 2217
2930 3129
1150 1492
1764 3170
237 2381
1450 2388
3100 3577
1539 2669
2582 3338
992 1502
1619 2743
1441 2110
1170 2013
1175 3358
2497 2518
1260 2477
204 250
737 2462
1606 2713
1232 3176
2405 3406
2308 3252
1077 2360
377 714
2650 2975
3401 3596
1158 2208
2479 3396
2264 3287
1079 2617
13 1220
2895 3273
1308 1664
1121 1416
16 2993
2449 3219
1878 3304
2628 3135
2902 3497
1899 3412
1965 1985
1198 2647
1215 3067
3208 3556
2751 3493
2560 3208
546 1219
1167 3489
2302 3334
1057 2082
2787 3510
2865 2963
1260 1652
1231 2814
3545 3592
1699 1937
1130 3593
546 2981
3273 3328
23 2239
645 2501
1914 2849
3150 3259
1434 1970
2523 3545
1299 2811
2633 2771
2595 3110
2489 3301
3184 3294
2449 2642
3447 3564
2216 2353
2220 3489
3305 3548
2033 2138
1956 3200
3338 3579
3493 3587
1918 1945
514 650
3121 3197
2331 2949
3114 3329
2328 2619
3530 3547
2543 3138
3114 3170
1353 1484
2896 3048
3312 3589
2558 3459
2716 3101
152 774
1899 2136
1273 1504
651 3462
2525 2921
462 1587
2868 3150
754 1830
2317 3278
1041 1676
2714 3225
1696 2849
962 2538
1077 1568
2091 2860
2720 2996
1853 3237
2611 3261
239 2305
549 2694
2236 2733
2727 2917
1188 3470
1947 3091
1237 1589
2097 2924
627 798
2232 3320
172 1577
1761 2557
912 2408
1828 3598
853 2618
808 2465
2492 2632
2871 3401
2913 3356
2713 3421
1895 2173
3425 3467
1836 3078
3445 3519
3229 3311
3164 3300
413 2150
3568 3585
56 3187
3482 3535
2971 3335
1260 2014
2377 2474
780 1123
1413 1633
1792 3301
511 597
3350 3511
296 1490
904 2885
3251 3321
1110 3202
3598 3599
2835 2981
211 3333
1093 1505
1096 1501
2067 3579
130 3047
1371 1898
1107 1159
2519 2716
3498 3500
2170 2285
1779 2931
2557 3202
539 1739
1620 2317
3205 3425
1107 2580
2025 2833
3230 3490
1609 1828
495 1387
568 1221
2160 3595
3112 3261
1836 3109
2122 2180
1657 3458
2173 2754
242 2828
215 3469
3267 3595
3467 3513
2782 3545
938 941
2323 2568
2051 2921
2481 3378
120 681
1387 2840
2935 3458
687 807
3529 3544
1818 2110
579 1595
1215 2843
0 3557
2150 2780
1118 3041
906 1843
1098 3596
865 2678
2566 2665
443 1857
3550 3579
776 2451
1000 3384
2288 3224
2247 2758
1765 1928
606 1822
1735 3366
858 2737
929 1738
2976 3397
3561 3568
2276 2469
2038 2611
1152 3592
2173 2366
418 736
3402 3557
3056 3081
2235 3313
1833 2653
2759 3365
3061 3203
40 1284
156 2571
2157 2295
2987 3205
1722 2872
2576 3353
3520 3584
1849 2829
2013 3284
274 360
2944 3492
2640 3474
3122 3551
1805 2980
749 3270
1285 1871
2010 2796
516 1448
2539 2751
2624 3573
2789 3109
2684 3477
3584 3586
2272 2728
38 1582
1824 1994
877 2340
334 1537
2643 3123
2158 2629
2171 2455
778 2735
54 3156
1561 3385
43 311
1098 2873
2173 2813
283 895
2301 2786
1575 3074
2781 2984
3420 3573
1410 3558
1356 2129
2905 3486
2456 2904
895 1327
2129 3147
3460 3468
397 3445
2297 2438
74 2591
2369 2825
1532 2592
1013 1072
2413 2767
495 2816
1299 2607
335 3317
3159 3253
303 3244
568 1960
3567 3589
92 2439
2326 2578
2724 3528
998 1709
292 1558
2546 3510
3524 3528
316 2945
386 1745
779 3459
171 2058
3452 3488
502 1477
456 2189
3355 3378
1316 2469
712 2614
62 2842
493 2649
1154 1519
1392 2412
3417 3541
1631 2008
3578 3596
362 2416
3444 3454
1014 1355
2483 2734
3146 3542
2656 3596
1320 1844
1477 1619
424 3147
2071 2866
3318 3535
2379 3296
1098 2389
428 2245
408 1575
1229 1817
2297 3115
2700 3277
1092 2265
1648 2341
1744 3115
1992 3192
2442 2820
1322 2671
1313 3097
332 1275
3544 3597
2752 3486
1143 1551
2650 3133
1845 2177
3387 3480
2821 3061
2305 3002
95 2333
2539 2708
540 899
1011 1417
483 2476
219 821
2506 3520
984 2883
2263 3142
1205 1351
1620 3036
1414 2377
1470 2287
3001 3026
2370 2646
781 3285
186 1802
3243 3436
2238 2453
3016 3141
2604 2688
1391 2967
2454 2763
701 899
2012 2332
508 2179
2592 3058
3410 3541
1133 2126
1725 2688
2828 3360
495 2896
1770 2037
2478 3368
1462 1614
3581 3596
2828 3469
660 3442
3053 3059
2663 3511
2515 2964
2710 3343
561 3343
2548 3545
975 3022
2614 3078
678 2360
840 2072
160 3370
3447 3571
2933 3308
395 3403
3560 3579
1411 3253
2556 2793
3100 3411
2255 2726
638 2488
3366 3480
2894 3269
444 743
139 1725
1858 2359
880 1772
3290 3374
1760 2599
1328 2943
1017 3181
644 3044
2194 2280
1180 3119
2154 2332
126 641
1377 3011
685 937
891 2200
715 733
2311 2546
419 2013
928 2666
3163 3417
1662 2636
3537 3561
1903 2450
2711 3288
2984 3561
3080 3231
907 2211
2469 2705
3376 3466
2892 3362
1479 1946
1388 2260
3332 3456
680 2386
2423 3016
1241 1286
931 941
2173 2416
1722 2447
3005 3595
2446 2711
1852 2992
629 1735
1905 2053
1558 2374
3133 3363
194 2815
2058 2214
2193 2904
2554 3573
3257 3345
1836 1840
1869 3190
2166 3296
218 2090
3509 3567
2495 3053
2056 2071
2084 2392
506 1551
3262 3424
626 1907
2765 3362
2392 2736
1279 3156
2142 3309
2013 3406
1418 1422
1187 3462
1816 1842
2623 2676
2085 2686
1082 2243
2727 3179
551 3178
1542 2919
461 626
1664 1800
208 2097
2601 2849
405 469
1718 2977
1698 3579
543 728
2210 2826
2692 3250
2108 2134
3369 3381
2437 2992
2588 3085
2309 2870
2508 3146
355 1431
1913 2857
2824 3098
3112 3554
2687 3436
3414 3429
337 1005
587 2592
2610 3239
1773 2374
742 2037
401 1089
1151 3030
3037 3521
779 1873
2947 3014
58 2394
519 831
960 2106
907 1644
2145 2148
807 1670
2802 3430
1308 3144
428 862
1949 2507
850 1050
451 1529
2399 3172
644 3058
2742 2826
3571 3598
2668 2673
3274 3304
2678 3400
2484 3334
944 1046
795 3238
1618 2239
1722 3567
1960 2507
1795 2740
2362 2608
685 1999
588 1224
2678 3356
191 2203
1427 2187
2255 3226
3175 3587
1592 2990
2058 2487
592 3576
1330 2255
667 945
1302 3336
3340 3441
2575 3054
3456 3540
1148 3398
1930 2881
2901 3004
3052 3440
2000 2029
3219 3500
414 1684
78 1434
865 2190
2082 3595
1715 3459
104 2528
1266 2008
3419 3478
2663 3371
3467 3555
2752 2955
2141 3334
2504 2560
2454 2928
2037 3081
1232 2210
3244 3416
2560 3541
2634 3393
1261 2531
1964 2151
3327 3427
2400 3354
1520 2666
1609 2605
1514 3406
3570 3597
116 308
1909 2602
2953 3353
3520 3571
1978 2347
399 3439
2928 3538
100 3494
3427 3586
2272 3499
2854 3233
2659 3213
530 2748
2365 2967
992 1601
1772 3219
3166 3172
1592 2466
2913 3513
2332 2396
1972 3522
315 2449
2576 3599
1886 3044
1537 3222
1656 2200
2378 2450
3172 3583
2517 2863
1813 2397
3466 3519
3517 3591
88 1763
2709 3524
595 1135
748 1132
3002 3402
2457 3393
1613 2827
618 1472
1916 3080
1439 2390
127 839
1770 3228
2539 2975
728 3053
288 1351
2059 2772
697 2406
2517 2651
2450 3375
1632 3074
3569 3581
3103 3108
2887 3277
2619 3547
2849 3140
3294 3409
1010 1661
3070 3500
3523 3569
2232 3505
461 1737
1012 2185
255 2198
3559 3587
3135 3194
1203 1643
1963 2512
1379 2065
2633 2837
2692 3038
2931 3485
1838 1979
924 1719
1811 3095
612 1064
958 1434
2754 2757
2144 2938
244 2920
3503 3598
124 2184
186 3259
1662 2246
714 2989
2140 3248
2482 3461
1883 3065
583 3033
3455 3479
3580 3597
1158 1979
232 1181
271 1922
836 1092
18 3214
2722 3598
1762 2786
1664 3468
3236 3325
2602 3511
1939 2897
2214 3405
1908 1968
460 1816
1411 1629
1173 2349
3076 3477
1709 3172
932 2300
3519 3553
1543 2885
2251 2416
1344 2994
2883 3054
2173 3287
3486 3593
2677 3032
660 2203
1683 3455
1664 2879
1668 3520
3061 3266
1960 2561
1946 2741
1675 3258
3092 3487
37 1576
2618 3582
2032 2152
2797 3336
1939 3093
1934 3441
2908 3282
796 1318
2138 3154
2252 2483
582 1250
2717 3380
3285 3286
450 2890
106 2516
1006 2985
1920 2000
3553 3588
1292 2167
2437 2497
443 1567
1501 1661
3508 3520
1600 1925
903 2092
3494 3506
2404 2959
3517 3535
1805 3534
830 2947
2356 2428
1783 2667
2948 3337
449 2341
535 3049
429 2171
2912 3251
2531 3396
2182 3339
3116 3390
1871 3544
1500 1517
3026 3528
3064 3487
2540 2589
1578 2763
1018 2179
348 2781
1558 3363
143 2163
2567 3487
2615 2640
526 2999
128 444
1298 2967
1563 1929
2894 3283
2771 3346
1709 2680
70 2680
1504 3215
985 3405
3023 3054
2654 3430
689 2851
1187 2145
2792 3497
1634 2894
860 1361
242 1867
2209 3287
442 3530
2828 3549
1153 1298
428 3047
686 1773
945 3233
82 3468
1647 3214
3585 3590
1932 2775
385 1805
246 957
3124 3360
2851 3257
1952 3224
2857 3204
1695 3367
3500 3552
681 849
2470 3148
230 694
2331 3500
892 1807
2938 3055
1621 2842
2368 2868
3027 3132
2001 2418
3439 3519
1232 2342
1972 2502
2518 2546
1886 2630
2867 3371
3052 3319
1366 1955
978 3200
943 3475
2470 3502
3157 3313
2780 3347
1665 3000
2939 3181
1113 1369
41 943
654 1486
773 2712
3013 3482
257 453
1469 3446
1458 2818
1908 2868
872 1533
2168 3124
319 2022
2581 2898
787 1534
1575 2553
1217 1479
1803 3497
130 3215
2065 2312
2382 3269
3038 3378
1761 2808
2917 3511
168 639
3528 3548
994 2169
3342 3568
1158 2230
2774 3322
3532 3553
529 1100
1844 1975
3539 3540
762 1730
1679 3253
1672 2690
2533 2905
3115 3428
2923 2985
1017 2321
101 2091
1947 3137
0 411
909 1210
569 3192
3481 3554
2735 2903
343 1782
518 1122
2880 3508
2173 3407
544 839
1056 3259
1996 3087
1031 2548
1360 1942
207 2470
256 1118
1765 2850
697 1587
1629 1838
2156 3124
723 2423
2222 3445
481 1763
1003 1544
804 897
1942 2188
1972 2022
433 2022
1016 1913
1621 2245
3133 3237
3408 3586
775 1510
3434 3454
1873 3010
2990 3546
982 3263
2442 3393
1721 2018
2600 3211
3196 3199
3158 3207
3503 3511
2729 3131
1467 1961
3289 3546
1583 3138
1156 2134
2606 2638
1507 2052
2809 3122
677 2633
1716 3502
1816 3155
725 1079
1959 2837
538 3356
2568 3219
3426 3536
333 3545
42 1881
2035 2818
1945 2795
2574 2976
132 2948
3202 3352
1989 3310
836 3541
2763 3268
2678 3259
126 3520
1876 2326
1054 1322
3581 3595
484 3069
1235 1532
2996 3550
3116 3278
2763 3034
255 2114
2431 2535
2616 3586
3105 3495
3391 3599
3555 3590
1701 1787
1195 3150
3343 3384
3164 3372
1714 1943
2745 3228
3574 3588
712 902
61 639
1748 2439
270 2002
2336 3330
125 3140
897 2781
1317 1581
796 2210
1070 3136
620 3164
1066 1456
1008 2306
1645 2783
676 1035
2719 3118
2869 3517
721 2043
3548 3582
1368 2566
3198 3396
1433 1544
341 1486
1364 1709
3347 3394
3547 3566
3145 3178
405 1630
610 1172
216 2251
312 3007
17 3249
586 3016
2268 2748
2769 3004
3496 3543
2605 3422
2783 2895
3266 3504
2573 3422
3448 3462
3410 3505
3074 3134
109 119
19 3010
2073 2495
3469 3471
2519 2692
1474 2930
2373 2749
3561 3594
1439 3258
2160 2525
1850 1951
842 1862
3526 3597
516 1616
941 1396
129 974
771 1639
937 2117
1377 2036
1841 2565
2027 2162
3213 3449
2913 3421
3145 3263
819 3486
3400 3490
1045 1250
1548 2251
3563 3589
468 813
2364 2958
1295 3307
536 2026
3259 3414
134 2837
144 1777
2704 3312
375 3215
3186 3243
2058 3245
1544 2773
1278 1888
1582 2640
60 2632
657 1912
2072 3286
3491 3549
3533 3545
1700 3193
1799 3584
3325 3501
2768 3506
3433 3475
1833 2164
3147 3284
2586 2871
3048 3424
2629 2955
316 895
3513 3524
814 1296
1840 2798
2137 3254
1939 2638
1535 1833
1676 3292
80 651
1380 3200
3240 3255
1851 2892
3544 3563
2091 2245
2044 2262
3117 3382
2160 2922
2603 2707
2538 2732
966 2588
1121 2818
180 2442
1058 2262
768 2962
582 3570
1169 2355
487 2132
1466 1774
2178 2760
3444 3530
2216 2946
211 2141
3440 3486
2780 3218
576 3000
1438 3197
956 1441
161 706
951 1975
751 2770
2187 3338
1062 2263
1926 2506
1754 2407
582 2433
1475 2895
1087 1125
61 1140
1446 1498
905 2567
39 3276
1182 1340
736 2378
654 3353
2032 2416
3260 3391
33 219
2041 2380
2795 2880
775 1590
315 1308
2060 2420
3475 3512
2886 2887
50 1900
545 2266
3259 3394
3180 3574
3302 3431
293 2533
3351 3514
3242 3422
1934 3229
1953 2867
2413 2998
1367 2107
2408 2640
2194 3578
1822 2809
829 1263
1864 3582
938 1031
134 2469
1591 2409
3155 3248
2710 2958
617 3403
2117 3455
2477 3508
3575 3596
2056 3555
1276 2541
3012 3160
2458 3480
302 1280
346 2363
379 1813
3516 3518
2767 3022
975 3520
626 2391
655 1210
1190 2952
688 3358
92 2988
2546 3373
1325 2699
1963 3438
196 1134
2943 3333
2629 2931
3586 3598
1332 2675
2520 3220
798 2970
1087 1827
2199 2453
1783 1863
2775 3312
1446 2881
2690 2771
2634 2969
2878 2980
2276 2323
47 803
2016 2484
655 2903
34 2693
1308 1364
619 1029
1249 1902
3362 3427
3462 3573
1286 1790
3275 3597
853 2635
131 1707
3420 3535
1263 2989
752 3129
1916 3337
141 2992
1995 3177
2765 3482
2885 3528
1545 2740
2720 3444
2143 3302
2537 2863
2886 2906
3074 3414
1943 2977
1343 1816
1363 1751
683 1121
668 996
380 1733
3452 3466
659 2731
2143 3596
537 2296
2039 2712
157 1317
515 2878
2196 3335
1636 1942
2611 2717
2757 3249
2214 3595
2802 3348
204 1897
1731 2359
2854 2905
3328 3436
1499 2384
3531 3568
551 896
911 3518
248 729
94 1290
3061 3530
560 737
3370 3432
1308 2020
3298 3479
3441 3514
3355 3599
2229 3269
2673 3161
2385 3232
1860 3238
0 2171
334 510
15 2334
1925 2385
1386 1768
763 3401
2993 3320
3472 3559
1385 3430
2180 2186
1094 2990
2670 3443
2157 2190
3300 3475
2142 3360
1854 1888
1140 2167
1608 2109
497 2085
2128 3239
2611 2838
1912 3479
3338 3577
912 1996
2868 3519
2566 3460
745 971
3469 3525
1711 2061
2562 3122
1162 1981
761 3452
3307 3503
1561 3458
2321 3509
2675 3104
2911 2963
1274 2255
368 790
1939 3100
3568 3577
2077 2476
2050 3500
3509 3522
1824 2166
1928 2353
1737 2334
202 2234
1522 1745
3050 3474
2100 2642
2741 2927
2943 2970
3146 3289
1252 1822
1343 1677
3365 3563
362 2000
541 1837
2216 2836
2980 3457
1318 1987
1652 2835
957 1184
1078 3398
2624 3022
1970 2238
3299 3543
3418 3456
3493 3566
1461 3147
3501 3573
2138 2919
59 3578
767 3145
1085 2590
2413 2869
1230 2437
1880 2007
2573 2714
2099 2509
1717 3285
1680 2317
832 1802
903 1731
2259 2674
2616 2958
1187 2414
3470 3556
2823 3556
2985 3369
1387 3275
876 2631
609 2696
2906 3491
657 3361
1302 1723
2340 3223
2166 3247
146 1606
2650 3573
1589 1964
2320 3356
2204 2697
1213 1611
2432 2577
1590 1865
503 2223
161 2279
2733 3380
2314 3325
1233 3265
3209 3498
1138 3211
3201 3272
1681 2913
3459 3535
1563 2503
77 1306
3181 3397
876 1622
1112 1355
1043 3492
3434 3440
3305 3479
1818 2367
3053 3277
3363 3434
2276 3352
273 3009
1670 3123
1535 1611
2537 3343
156 2335
631 2821
79 2261
2409 3549
1234 1422
103 1552
286 3086
1570 3501
3211 3482
1241 2839
3493 3515
1931 3080
1831 2467
1595 2094
1418 2528
693 1390
1264 2300
1587 1930
158 160
2775 3064
3108 3528
3520 3598
2190 2514
477 1851
2768 3025
2324 2879
3369 3399
2020 3127
1816 2795
48 1969
2274 3414
1539 2421
1938 1944
2496 2717
2209 2956
3552 3582
2392 3240
3123 3215
581 1936
34 1411
2909 3011
2701 2735
3561 3577
1301 3105
2906 3368
2475 2906
1513 1547
233 244
2216 2887
2268 2758
3129 3190
2590 2886
1319 3590
436 1161
2384 3222
3221 3277
2651 2656
3172 3331
1498 1646
428 1533
2171 3299
3247 3489
1947 2761
1227 2280
542 893
872 963
1995 3587
919 2315
1462 2846
1910 2371
2722 3295
327 2515
3083 3298
2370 3599
2454 2721
2491 2749
1016 1726
2950 3208
2746 2998
1895 3187
2299 3382
2626 2756
1617 1939
1356 1700
2810 3128
2153 2999
1576 2161
3007 3159
339 1560
489 2501
193 2171
2745 3407
457 839
1311 2676
2729 3026
2143 2201
2202 2980
2622 3281
3559 3560
517 971
3011 3409
750 3538
1210 3472
530 1473
1718 3092
429 2532
3020 3598
1467 2090
1368 2612
2248 3525
3094 3509
1174 2315
1258 1279
3590 3596
953 1579
1126 3060
2165 3559
3434 3595
519 3415
1417 2544
888 2556
1800 3264
3028 3368
2271 3311
49 2540
1234 2505
961 2096
1543 1792
2076 2569
1516 1879
1208 3475
562 2896
1284 3480
3046 3348
2653 3206
739 1481
545 2676
3396 3484
2949 3008
1049 2256
317 2857
2862 3078
537 2328
1636 2059
2066 2675
1680 2230
2379 3303
2415 2746
2383 3180
2300 3083
1322 2388
859 2259
1852 2110
1250 2379
267 1445
66 1036
2604 2714
2909 3204
820 2963
1877 2460
1149 3548
3142 3493
128 1584
928 2956
1986 2029
1824 2406
2218 3264
900 2971
1952 3577
2910 3101
2744 3466
2019 2212
1813 3534
844 1277
358 1679
2696 3259
3519 3536
3553 3575
2331 2396
3169 3208
915 2527
1839 2429
1775 2993
3349 3558
1115 1865
1383 3297
2782 2968
152 253
3034 3542
1291 2296
712 3524
2792 3138
2033 3040
243 336
1657 1783
1981 3013
674 1202
430 2371
363 474
426 887
3569 3580
1038 3212
55 1387
2554 3545
1697 2249
3238 3297
1530 2785
2473 2882
3238 3523
1729 2153
3351 3534
1761 2604
1149 1591
2616 2692
2165 2804
2927 3438
2901 3090
3415 3535
1098 1479
2074 3340
3548 3586
48 2747
1513 2291
966 2241
2387 2447
2609 3204
3524 3590
1266 3333
2835 3470
886 1175
2648 3072
1715 2707
731 3237
1441 1524
3081 3455
2017 3216
2188 2469
2521 3175
2119 2529
1981 3184
2826 3067
1321 2583
748 1875
1265 1658
279 3518
2206 2318
1927 3476
735 2191
2754 2977
2242 3456
509 633
1781 2866
3128 3412
1277 2189
1929 2470
2055 2131
3477 3596
3265 3494
1723 3525
1312 2057
889 2565
1289 2457
2498 3441
545 1670
953 1616
716 3019
1794 2478
2353 2663
2119 3205
2634 3213
2030 2365
2560 2980
1973 3561
1377 1898
2409 3447
3424 3530
2937 3501
292 2671
473 2003
2859 3031
2133 2500
3423 3446
135 3154
348 2773
2548 3434
3123 3180
1429 3460
199 3274
1689 3424
28 1812
3260 3461
1020 2476
2536 3267
458 950
651 838
2227 2298
2717 2975
2853 3074
1105 3065
2474 3437
1950 2105
2449 3063
3165 3361
1097 1700
1778 2201
1979 2573
2959 2967
292 2813
3124 3137
98 1225
3183 3243
1312 2884
2418 3127
2146 3496
1083 2716
2717 2892
2813 3222
1557 2833
600 1091
2850 3128
2530 3015
2671 3254
1126 2114
1755 2560
2965 3237
571 1668
487 1758
3089 3542
851 1857
1487 1547
798 2318
1672 2465
3161 3436
2408 2910
2700 2822
150 908
686 2966
1367 3570
1742 2450
2619 3197
3593 3597
792 2589
2531 3051
2059 3287
3410 3453
1922 2134
1664 3438
3431 3515
1083 1381
1119 3249
2939 3592
1565 2952
3234 3588
1949 2170
3205 3259
126 1646
317 1836
3100 3570
637 1604
1331 2199
3521 3524
3447 3542
1930 2823
3349 3589
570 1209
245 902
2524 2759
1208 2992
2989 3143
1461 2452
276 979
551 2456
3332 3492
814 1394
3467 3575
1007 1719
2700 3538
2577 3028
251 1209
1351 2976
2061 3243
286 3240
2199 3456
1636 1723
1204 2756
818 2882
1508 1531
139 1805
2180 2967
2042 3060
2946 3257
1557 3265
3195 3481
2174 3257
2926 3277
1573 2317
1747 2233
2871 2908
1001 1358
2130 3464
2635 2826
3339 3598
603 1394
1172 3168
280 449
2719 3024
3087 3426
3070 3285
3073 3539
2905 2914
2810 3072
1744 2795
1033 3039
322 461
288 969
2282 3371
112 780
2973 3250
3349 3360
3580 3588
3358 3548
3470 3513
3059 3461
2386 3400
2728 3160
2778 3016
672 2485
1477 2120
2976 3053
2703 3443
71 1541
3344 3563
197 2847
3547 3558
909 1774
2017 2043
2488 2766
526 1076
3447 3583
3208 3363
3227 3402
790 1983
2707 3173
247 970
687 2068
3586 3597
419 2937
2985 3094
2047 3464
2581 2956
2412 2855
2533 3338
1076 3006
2717 3383
149 3309
3009 3574
2239 2700
950 2388
2528 3535
192 2929
3173 3533
1990 3183
2632 3585
3141 3522
3157 3250
2327 3361
2904 3367
1281 2887
272 3214
668 3107
79 2349
247 3513
2901 3102
1978 2371
558 1270
1188 2916
3120 3237
2179 2254
1144 2066
3135 3317
1177 3170
3506 3592
390 2133
693 1574
3504 3588
1854 3115
389 1608
3118 3228
2082 2223
2658 3420
645 2079
1885 2569
3468 3554
1582 3354
3546 3592
2233 2490
1582 2078
1444 3322
1698 1895
2078 2233
738 3025
183 1885
42 3380
1416 2431
2818 2948
3407 3521
512 1203
3441 3493
3480 3481
3276 3345
2385 2389
2991 3351
2859 3262
19 71
1798 3579
3555 3570
192 1292
3223 3290
3188 3504
616 2480
2420 2824
1346 2698
207 417
835 2533
1167 3063
1958 3455
3240 3247
1063 1921
2316 3357
39 858
2585 2640
2946 3219
1515 2148
2357 2410
1725 3238
1937 2305
1033 2996
270 1898
2948 3194
2453 3568
1616 2613
1988 2504
1295 3496
1812 2700
944 3345
1508 2174
1638 2499
2347 3463
836 2624
3487 3535
2834 3382
509 2164
385 3411
2878 3106
2521 3224
1268 3045
2089 3533
1341 2601
166 2963
1972 3419
3136 3261
1733 2894
2018 2245
97 3084
2235 2899
603 3567
271 1597
2061 2223
1398 2824
289 2323
2343 2485
3071 3458
958 2176
1008 1341
0 1308
650 962
2323 2642
498 1742
3197 3502
1853 2312
352 844
3270 3507
1498 2181
3534 3580
2592 2777
1028 2656
3020 3239
2522 2975
1648 3430
1518 1566
3018 3028
1701 1848
3337 3483
827 894
2122 3066
1460 1968
1556 2740
2751 3271
1472 2304
2958 3461
1201 1678
3372 3592
232 747
1919 2446
653 2500
3116 3297
3162 3521
1809 2331
2587 3454
2608 3424
472 3248
2381 3389
1789 2020
3223 3384
2169 3261
2483 3526
2290 3589
468 1880
996 2130
2966 3276
2810 3141
782 3513
3358 3384
2216 2290
1305 1728
2409 3589
889 3229
1850 2067
2970 3334
2300 2740
238 863
325 1450
1526 2761
3575 3592
805 3072
1999 2568
3228 3399
514 1534
2482 3340
2863 3504
1604 2744
371 3442
1457 2814
945 2475
790 1605
786 2884
2017 3033
1572 1831
1216 2526
1477 1506
3155 3559
890 1219
2664 2699
1840 1998
3499 3548
1627 1989
3467 3540
3184 3490
1441 2070
2635 2786
3234 3281
1130 2788
3454 3474
32 1145
188 1136
2730 3508
884 3107
188 3331
1544 2774
1424 3211
1230 1954
1852 2583
2295 3362
1241 2219
1482 2784
11 1972
3260 3420
2729 2923
989 3544
84 2668
2534 3017
3162 3532
2863 3034
377 2382
1230 3102
2601 2974
2453 3061
3183 3428
1971 2763
2558 3231
278 2372
2746 3558
3227 3348
576 888
3084 3328
2706 3564
79 1811
27 1274
1491 3286
378 3351
2498 3507
3139 3187
449 586
19 2182
3097 3182
2736 3030
878 1327
3236 3349
867 1302
2031 3578
855 2715
2579 3121
2188 3219
360 857
3204 3473
3422 3521
466 1891
2506 3261
3 72
384 1627
3337 3568
3101 3241
1904 2138
2370 3427
2069 3503
469 3039
792 801
3344 3569
525 1528
30 3517
3135 3424
2617 2763
1413 2470
2516 2992
250 1337
1329 1382
1855 3285
1376 1961
2242 2404
926 2475
1523 2053
2857 3432
1550 2110
955 1868
1988 3473
3524 3531
1842 2061
2920 2976
697 2195
2099 2512
2546 3063
2703 2983
897 2120
1869 2830
1831 3151
3120 3326
2356 2895
3087 3120
1004 1789
2787 3093
388 2369
546 3013
1528 1769
211 1531
306 1798
3314 3371
2055 3503
3011 3031
1166 3064
1734 1948
832 2806
56 1726
2551 2679
2864 3524
1365 2332
828 1624
2224 3268
1211 3451
1650 3303
1810 3299
1585 2995
635 2771
142 618
878 887
1548 3355
149 738
2790 3237
2192 2902
2571 3043
2975 3090
1052 2606
1904 2726
1674 2835
2604 2738
2317 2379
2841 3113
2110 2572
3132 3351
922 2777
572 2036
3175 3586
1630 2633
1276 1783
507 3108
1656 3434
2272 3258
2751 3553
1569 3463
2561 3310
3335 3452
432 2406
949 1593
7 46
773 1198
2977 2995
1281 2311
29 2226
3239 3579
3225 3566
2065 2171
620 869
3593 3596
712 1856
381 2301
197 462
3440 3446
642 1326
3097 3316
1978 3131
2521 3178
548 1213
1261 1334
2297 2964
3586 3594
3168 3516
1667 3460
900 2992
2141 2992
3298 3463
3174 3245
3503 3576
2014 2194
343 3166
1773 2961
56 1863
813 1644
2186 3217
304 541
240 1153
206 352
1125 3226
2707 3334
2277 3043
1954 3096
1194 2122
178 2887
1874 2601
1353 2914
1420 2534
1428 1679
1391 1806
1011 1602
98 2429
2375 3531
3372 3551
1469 3279
1173 3283
2467 3569
1074 2155
815 3419
3497 3553
2529 2994
1787 2028
2061 3471
2673 2966
3144 3295
2264 2840
1662 3060
886 2989
2623 3121
2149 3240
1232 2231
2097 3521
2053 2188
1296 1904
3065 3184
1985 2153
2368 2807
578 1396
1009 1022
798 1657
3489 3564
858 2888
852 2746
3523 3558
3020 3265
1693 2097
788 2375
1431 3114
2112 3482
681 3004
1165 2594
3078 3382
1666 2824
1188 2403
1663 3249
1099 2232
2424 2661
666 2848
147 1780
2213 3485
1209 3394
3281 3433
701 2602
3184 3448
1219 3120
737 1854
2919 3191
1923 1963
1435 3360
112 836
2197 2272
755 1372
3483 3573
1959 2648
1283 2806
1469 3077
1983 3400
3376 3546
344 414
1843 3572
2138 2622
2555 2635
1919 3517
3033 3436
2518 2724
2052 2559
3110 3560
17 596
1232 1325
2643 3353
1722 2298
2279 2590
640 3270
1921 3190
2805 2819
3076 3422
2830 3097
1662 2133
1363 3171
1156 1165
2192 3312
710 957
3551 3564
3310 3449
1084 2625
1499 1883
308 939
228 1697
532 2443
3238 3512
3252 3486
2722 3220
1835 2936
411 960
2819 3233
880 995
2733 3214
3447 3522
2563 3168
2055 2180
958 2429
2873 3351
1474 1844
1761 2207
2480 2847
431 3325
224 3259
2224 2869
13 1015
1420 2414
998 1046
633 2723
1326 3272
1506 3272
21 1135
1570 2573
1501 1890
2644 3500
1464 2489
1628 2382
2439 3003
3211 3504
607 3303
406 1271
1889 2246
1562 2840
1256 3258
956 2571
2802 3359
1654 3366
2363 3151
7 2350
3406 3583
1034 1646
1690 2078
506 1709
1820 2661
2579 3370
1627 1837
172 1821
2187 3260
2102 2487
285 2588
2175 3580
2607 2722
3195 3346
2948 3259
1216 3374
1410 2053
168 201
3483 3564
1614 1920
41 3217
3290 3339
2081 3094
2584 2770
1696 3424
1089 1983
3367 3436
1094 1109
3584 3586
979 1279
2883 2949
1539 2799
753 3433
2838 3460
2078 3501
461 1674
3213 3522
1328 2176
1513 3090
972 1564
124 1047
3020 3339
1664 1969
2533 2974
3554 3573
1411 3133
3251 3566
2523 3185
1642 1824
309 837
1249 2084
694 810
1415 2117
3465 3523
3300 3357
2327 2341
1170 2435
2611 2797
332 553
959 1472
1180 1822
179 848
1890 3064
1545 3536
3086 3509
229 1753
1491 3495
1606 2071
1121 2881
2870 3560
2089 2724
1866 2541
963 2570
696 1312
2699 3036
2422 3070
1989 3114
1954 3438
590 649
1518 1524
2519 3263
1024 3476
2476 3168
695 2994
717 3296
37 2066
651 2422
2827 3238
3556 3588
1349 2089
2960 3050
1417 2385
183 3016
1125 2065
2819 3381
1555 3509
1595 3552
2536 2836
205 825
3437 3561
768 913
1662 3416
3321 3531
344 2650
2233 3024
984 3041
2309 3160
2416 2506
2531 3198
1536 3379
592 1618
3245 3587
3353 3585
2498 3526
1840 3139
2515 2757
2960 2976
247 1784
3370 3491
3426 3574
1133 1806
3256 3563
1891 3179
113 3422
3559 3598
664 1626
1693 2328
1787 2453
1347 3417
823 1645
3475 3534
2722 2754
929 2481
2944 2987
880 2906
2585 3426
3569 3581
2766 3369
1065 2264
3264 3491
2879 3237
1687 2247
2843 3160
3102 3264
3524 3581
222 1243
2957 3574
1297 2405
3447 3568
2357 3041
3385 3401
1247 1266
1075 2068
2526 2568
658 2166
64 2533
2478 3430
1172 2289
320 3246
919 3289
770 1400
743 2339
956 1948
3579 3587
2088 3285
3017 3481
3466 3591
3560 3567
561 3294
790 2648
1862 3420
3176 3584
2647 3518
1307 3340
3415 3507
1312 3012
82 2080
739 2080
1604 1638
351 631
354 2829
1314 2927
39 1917
703 3373
2252 3455
2935 2945
2227 2967
3403 3523
35 1104
587 3564
2689 3374
266 3212
1003 1240
2932 3163
500 2774
3041 3423
1541 2361
2666 3143
263 490
774 3517
1460 3298
562 2017
1508 2736
3506 3573
1957 2619
2170 2894
2501 2816
983 2487
1459 2325
2095 3404
1958 2565
642 2401
625 2716
2995 3182
489 2274
2379 3344
1702 3582
210 1810
1265 1730
3427 3520
3291 3307
1064 3424
950 1369
2347 3047
1351 2730
2142 3158
1838 2750
2903 3143
3449 3488
319 765
1495 1852
1515 2932
1828 3088
1165 2422
169 932
1050 2257
1305 3431
3061 3325
1760 3338
2692 2717
1894 3591
872 1843
2211 3593
2275 3184
2441 2540
2970 3429
3010 3571
3455 3568
1620 2005
1792 2312
989 1836
2213 3252
1724 2448
908 1727
2308 2339
2315 2838
3589 3595
1161 2801
318 2392
403 3308
1624 2906
3456 3519
389 956
2447 3570
2698 3246
997 1612
1925 2901
2503 3060
1991 3571
3508 3566
2862 3219
462 2710
72 209
3069 3216
1467 2342
3260 3529
2560 2732
2323 3458
3014 3571
3054 3243
3136 3490
240 2995
5 945
579 1101
875 1823
1520 2878
2754 2921
2176 2620
2110 2290
1364 2215
2004 2815
2148 3064
2090 3302
1808 3598
1419 2999
2029 2119
1331 3514
291 3065
854 1261
531 691
551 602
3413 3557
3187 3379
344 424
763 3068
266 2367
1139 3275
2456 3402
2212 3097
2711 2932
3059 3560
782 3268
1051 2173
2019 2486
439 941
3200 3339
2321 2937
910 2792
949 3583
1151 3264
161 3289
591 1092
3554 3577
2110 3487
3530 3584
2759 3003
1902 2735
3593 3598
591 1101
1860 2060
1536 1617
862 1885
1879 2427
1103 3160
3027 3404
3128 3472
3149 3529
769 2028
169 496
100 941
2321 2456
2544 3078
2710 3592
3588 3594
857 2591
2678 2885
3307 3480
3261 3302
3411 3485
2538 2815
2773 3380
736 2425
2395 2865
2959 3522
2074 2382
852 2330
779 2425
2153 2510
359 657
875 1517
1471 2810
806 2597
3313 3568
3591 3595
968 2128
2238 3270
3238 3429
3353 3369
197 306
152 2259
1284 2681
2772 3387
3206 3381
1011 2247
3366 3400
1317 2457
967 1119
2943 3187
1045 2111
3491 3532
535 2213
3582 3583
1110 2086
3527 3533
480 2712
950 1838
2399 3593
3541 3587
2836 3290
51 2405
1659 2577
853 1148
3445 3550
1299 3390
518 3404
3564 3574
1463 1538
1641 1807
67 3181
3020 3393
1394 2000
3253 3531
472 1637
437 3413
2145 3270
2975 3541
3364 3414
474 1524
518 953
186 699
2874 3368
2769 3171
1305 2466
1703 2374
3440 3460
2810 3110
3159 3403
1393 1709
3082 3147
971 2523
1889 1997
2294 2626
1952 3486
115 1251
2416 3412
1172 1264
1719 1837
2307 2373
2829 3056
1043 1868
2505 3450
944 1479
1746 2315
394 2723
2961 3297
2155 3273
2101 3376
3484 3556
1034 1834
1226 1510
1554 3027
2814 2932
743 3393
1184 2594
1175 1880
3320 3503
2920 3530
704 3078
2155 2988
2056 3203
1966 3097
2434 3176
667 3567
1908 2021
2722 3383
2466 3525
3514 3561
3019 3364
2421 3294
2666 2963
2489 2577
2 3526
3370 3557
1480 3425
2246 3550
1880 3156
3410 3568
249 3134
6 2215
1575 2976
2311 3283
922 1996
661 1213
1656 2673
67 3139
2365 2899
607 2297
3231 3257
727 3453
3313 3569
532 625
1335 1355
2131 2855
3482 3569
977 1575
620 3307
1146 3281
785 1032
2876 3132
996 3208
2534 3341
1101 1357
3202 3495
1278 2631
2411 3143
1973 3127
2677 3341
1529 1609
3474 3593
519 676
981 2647
1009 2718
551 1004
1845 3091
3595 3599
648 3364
1453 1984
2814 3130
1842 2450
1981 3386
57 2666
1107 1866
2022 3087
2065 3199
1047 1789
2882 2935
749 1456
2640 2753
2632 2978
3343 3467
2654 3252
509 3500
2757 2915
2143 3108
2376 2443
2949 3168
813 2252
3383 3550
1994 3578
2327 2479
1142 2650
3201 3366
1312 2227
584 3123
240 2991
1659 2253
939 3244
1286 2858
1442 3359
3019 3087
2443 2706
1828 2260
1769 3310
1707 2158
1435 2769
1253 3083
2200 3089
1200 1270
2269 3305
2140 2262
1709 1917
3227 3455
1195 3068
3311 3477
2036 3487
1858 2611
901 1170
2523 2969
684 3429
3044 3048
351 713
3074 3411
3067 3138
2186 3520
845 3205
432 3343
2124 3062
3061 3103
2302 2744
2055 3388
824 886
2088 2520
1034 1516
251 668
212 1511
1553 2492
1083 1193
2982 3376
2357 2416
1017 1771
3549 3560
341 1888
117 367
2950 3045
3056 3191
294 3452
2843 3049
217 3117
2248 3583
1682 2833
1523 3530
3198 3350
1189 2440
989 2673
1214 3505
3481 3555
2060 3428
1168 1780
327 1765
2835 3222
3205 3451
2714 3132
135 911
3555 3576
251 1074
2711 2926
2161 3130
2207 3259
2949 3264
2777 2962
1105 2205
584 645
1563 1906
2206 2637
583 1809
3509 3549
3571 3590
1596 3084
3395 3429
910 3134
910 2379
1114 2615
1409 2335
2555 3534
569 1270
1715 3341
1094 2385
1634 3378
2763 2972
1348 2917
1133 1344
3080 3588
2860 3233
2583 3023
2480 2930
1180 2751
2949 3475
3087 3530
2886 3311
1974 3235
1814 2030
2026 2434
934 984
2825 3365
3323 3406
2654 2673
1294 2561
1977 2833
693 3168
2379 2665
1292 1420
297 2775
1266 3389
3297 3412
2620 3523
2682 2912
2141 3403
1663 2618
501 2409
3311 3482
470 1849
1923 3113
540 1365
1723 2190
1680 3375
2432 2713
64 2356
790 2749
2653 3017
1868 3470
3325 3345
2993 3377
600 3576
1623 2255
802 2300
149 3221
1966 2692
3075 3306
1983 3239
635 3397
3303 3566
115 2523
1649 2987
3320 3500
961 3354
2406 3491
3551 3557
1206 2931
607 885
411 1093
1709 3030
1823 2163
1574 2462
1736 3012
1460 3311
2353 2692
3147 3319
996 3187
693 2181
457 894
87 2441
3320 3350
2246 3276
1586 1986
1857 3112
294 2833
1329 2497
3019 3372
324 1401
3169 3457
806 2509
2482 3483
1061 1513
2033 2872
973 3006
75 2069
625 2850
3141 3214
2809 3088
414 2736
2557 2832
2623 2895
2519 3314
2666 3017
1927 3383
530 1998
3452 3453
2905 3034
2037 2964
2678 3192
1044 1462
283 993
1967 2422
2489 3034
856 1414
87 3446
3466 3580
487 2139
10 2923
1475 1827
23 279
1168 3455
1814 1866
542 571
123 141
1054 1466
780 2305
1430 2660
3476 3577
1534 1856
31 1418
1964 3291
846 1515
3299 3312
3027 3466
3349 3558
1438 3019
3151 3457
547 3442
3533 3584
2458 3300
928 3059
1232 2077
1964 1974
3498 3517
2190 3204
525 3141
2879 3558
2440 3074
1454 2614
2276 2970
2917 3344
1377 3343
1709 3056
2865 3172
583 3205
1892 1903
2809 3577
570 2587
2776 3090
1422 1609
1822 3261
1631 2298
2862 3206
479 1865
2444 2855
2227 3245
2767 3107
1445 2191
2988 3304
1096 2394
793 3367
768 3350
2552 2665
1196 2730
2403 3250
233 1464
2162 3377
1768 2807
1569 3531
3319 3428
3505 3557
293 2278
2150 2663
1576 3271
3564 3585
1518 1879
1401 3538
910 1357
3276 3470
2227 2688
198 2944
2009 3109
2937 3339
2104 3386
2932 3477
2392 3491
3015 3481
2949 3582
861 2193
2462 3543
2152 2869
2734 2931
879 1696
1905 2286
1937 2432
2630 3517
2308 2615
501 1402
3426 3553
334 1559
961 2886
2078 2108
2665 2686
3467 3515
3450 3535
3421 3587
2264 3411
2326 2765
1182 3518
1440 3372
18 3407
1286 2311
2593 2809
1829 2467
2941 3430
2204 2767
2616 2991
2193 2488
1910 2392
3091 3391
2683 2816
3379 3559
401 3046
2953 3196
1305 3130
417 2324
3525 3561
129 2286
1894 2310
3359 3372
2426 3289
2159 2903
2905 3116
210 2201
423 3282
1652 2317
2918 3401
884 2041
1062 1862
3477 3485
1339 2069
2785 3316
187 2082
426 2682
2881 3239
585 1721
1052 1705
2760 3515
1165 2126
774 1177
666 1377
2331 3113
1452 1752
1415 2839
2822 3284
897 1210
2059 2624
2218 3455
1537 2498
2637 2929
124 246
2244 2890
1138 2550
3544 3567
1450 2997
1069 3361
216 2630
704 2949
1645 2008
1102 3452
876 2350
1938 2372
116 3319
3302 3323
1014 1419
2379 2788
2946 3458
1780 3563
996 3408
3276 3493
122 1883
1600 2562
2073 3295
2196 2990
2950 3246
164 1594
3205 3373
2822 2879
161 2035
190 1792
550 1177
1538 1633
2987 3170
301 3280
3101 3417
616 3237
1047 3460
403 1480
831 1717
1913 3269
816 2767
3559 3574
2409 3589
3329 3385
1861 2796
1580 2705
3559 3562
188 1735
441 2245
3484 3513
3505 3514
985 2333
3345 3381
1370 2877
664 2364
458 3401
2892 3562
326 1956
809 3403
336 2154
2780 3100
1239 3056
711 1106
825 2155
3287 3514
1791 2961
3324 3450
3535 3569
2611 3092
2776 3544
2104 3534
3530 3595
1686 3585
2696 3139
1640 3326
616 2759
1913 3430
2660 3367
1785 3493
420 2452
1980 3451
468 1219
1023 3479
2020 2039
414 1705
3277 3420
2944 2996
49 1380
2236 2396
2576 3136
3501 3566
3078 3521
1396 3056
261 2986
2030 3429
1603 2985
1105 1594
140 353
792 2888
1257 1540
1958 2857
2817 3446
24 2666
3179 3479
3331 3472
1825 3014
416 2627
3366 3584
924 2710
3104 3219
1996 3513
1180 2563
352 1149
2127 2904
819 1177
953 969
1056 1315
2560 3295
1591 3054
1496 2025
1092 1882
64 809
3103 3556
413 1147
1582 2681
1764 3413
2156 2251
1573 3382
136 740
156 1300
1070 1872
2446 2763
2892 3552
1 3361
1278 3002
1720 2200
286 2438
2221 3285
738 1384
214 438
2443 2942
2151 3424
3067 3345
2756 2849
279 3428
645 2703
2837 2919
555 1078
2209 2331
1403 3077
1364 2822
3250 3261
1023 2485
980 3487
2083 2398
3325 3357
2665 3168
2801 2906
2686 3582
2835 3088
1060 1842
654 2752
1593 2517
2133 2747
2888 3252
3392 3406
2439 3339
