2200 4400
1646 2137
182 1618
192 272
1127 1355
745 1854
230 770
1714 2113
2099 2193
1817 2085
253 842
55 2174
58 1782
883 1659
735 1076
490 1135
166 2176
1461 2009
1348 1399
1554 1969
2129 2184
1947 2171
1375 2034
1194 1791
1864 2050
1789 1940
1231 1505
1697 2092
1293 1970
1189 1353
1012 1702
1839 2032
1448 1474
1203 2083
2015 2149
954 1917
392 1841
529 1616
1226 1485
924 1873
1080 1890
1148 1220
2004 2032
364 2146
234 1589
2017 2103
704 995
2156 2169
535 1630
336 739
399 1341
1039 1952
627 781
1922 2019
2030 2105
2168 2192
1594 1893
1931 2022
1213 1882
845 949
779 1469
241 894
1184 1239
945 1339
766 1523
441 785
1224 1281
1435 1872
1584 1848
2195 2197
715 1536
1453 2197
1781 1932
404 1208
1613 1779
270 440
781 1577
6 1349
2033 2053
2188 2199
520 1696
38 1585
1572 2087
2009 2021
2067 2073
916 1217
222 636
1753 1870
1645 2016
1352 1882
565 1249
1540 2013
1568 1678
1554 1706
2076 2094
979 1908
1993 2053
109 521
1661 1835
1779 2094
645 2197
784 871
1746 2189
547 2150
611 1528
1989 2107
442 1541
919 2078
1004 1670
409 1171
985 1701
253 1295
1896 1984
533 1250
444 944
1402 1643
836 1527
39 1534
329 988
982 1436
1414 1450
275 1662
1126 1214
1225 1943
1039 1555
109 1948
1572 2091
967 1754
322 904
554 923
1268 2063
2137 2169
963 1982
1442 2109
2011 2132
1432 1859
765 1390
1061 1112
1283 2023
1452 1477
391 421
801 1426
1719 1986
386 1435
311 779
394 1516
1521 1802
1200 1694
1001 1306
1597 1841
362 1673
124 1681
524 1167
172 2127
911 2031
159 2049
280 1104
845 2104
1193 1625
371 1950
1326 1896
373 1404
307 723
2075 2102
1395 1489
1924 1936
2158 2199
1206 1919
1096 1588
1711 1889
1592 1653
550 1250
300 1497
1960 2166
133 1327
1858 2150
1476 1941
1103 2104
1324 1746
1057 1113
879 1828
353 583
924 1816
1850 2198
779 1073
1030 1677
358 646
1637 1640
1271 1615
238 1171
1203 1496
234 1711
1688 2006
132 1946
1777 1903
357 1864
224 848
1713 1743
1136 1888
1252 1973
78 625
84 765
1815 1981
1556 1764
1036 1190
1084 2070
236 721
202 2060
2092 2104
344 1523
2044 2099
1983 2196
896 1967
116 1505
1052 1092
609 1020
832 1733
884 1387
674 1231
618 1526
199 1741
24 245
1771 1980
298 1731
1567 1570
408 1668
1906 1956
2095 2116
1680 1738
519 649
1788 1935
813 2144
594 1818
1768 2143
287 1733
292 378
1567 1639
165 817
1854 1922
683 1325
1412 2153
1001 1885
2066 2197
566 1632
68 1668
1206 1848
124 342
2099 2162
408 1575
961 1372
1131 1406
1685 1865
870 1306
1437 1477
125 996
3 851
1707 2108
964 1353
1408 1603
785 880
1775 2020
580 1213
126 1479
2103 2179
1616 1767
67 810
2170 2183
263 1754
1526 1987
1933 2120
326 1659
818 1435
667 1957
970 2032
977 1805
1984 2018
369 1949
1808 1968
830 1051
730 1303
2185 2188
1735 1772
1589 1923
1225 1351
2030 2102
1418 2017
1047 2098
456 905
937 1003
1214 1306
826 2016
391 1777
133 1041
1745 1919
248 817
770 1085
648 838
515 1690
1231 1718
936 1171
402 1850
117 1693
1884 2151
663 710
909 1764
1164 1306
2067 2166
194 254
1616 1963
221 735
1673 2031
1831 1836
468 1843
1697 2027
1835 2152
1224 2067
314 605
2170 2185
2114 2146
194 622
1855 1976
988 1676
723 1092
42 1722
2049 2094
1650 1913
510 566
1013 2045
1322 1743
739 1221
1444 1452
1185 1559
1890 2191
1243 2015
1887 1917
271 1753
1523 1960
2155 2192
1040 1333
1339 1502
1143 1870
909 958
1614 1635
781 1015
432 1403
1597 2102
620 1876
1453 2066
94 2197
1980 2120
1090 2017
1025 1745
513 1956
471 1659
1192 2141
188 803
1661 2002
209 1319
2070 2176
1581 1745
986 1474
496 641
1270 1669
842 1811
1932 2173
25 425
1875 2182
1331 2093
43 130
654 1438
720 750
1887 1953
1800 2091
1819 1952
1214 2004
2109 2198
432 924
1931 2021
2122 2138
1434 1863
192 1321
2050 2144
1490 1617
608 1367
672 1901
1879 1890
380 2198
2161 2165
308 1874
771 799
1427 2108
1475 1676
343 2055
1246 1798
622 1346
655 1038
580 1978
263 1811
83 535
1448 1587
446 2167
2069 2179
2189 2195
1646 1984
1159 1215
1718 1967
148 1475
968 1435
1840 1877
506 1538
1643 1901
1954 2042
1607 1768
1941 2098
1462 2113
1016 1031
1815 2098
1504 1689
64 1391
223 927
1913 2174
1116 1925
2079 2148
1877 2066
2187 2193
1633 1650
1529 1785
422 1551
1180 1673
1756 1784
2051 2169
1919 2163
1742 1928
1750 2092
1750 2063
1169 1553
1116 2143
1687 2039
629 2126
268 1435
1062 1746
2058 2073
1016 1053
2023 2159
678 1639
638 1220
646 1784
1623 1990
1578 1838
1556 1789
688 864
1455 1535
399 1576
1058 1945
693 1439
710 2016
1100 1642
1983 2150
310 1773
169 1435
852 1184
496 1207
1812 2080
2167 2193
208 1463
2173 2186
1929 2101
207 1801
272 406
104 1638
822 872
1104 1346
1498 1724
2172 2184
748 1260
1000 1338
2191 2192
1406 2015
962 1753
1911 2002
1808 2097
1149 1644
1628 2045
2182 2189
556 916
261 1684
727 1818
246 775
686 2084
1155 1951
1132 1318
1086 2161
443 760
3 131
1521 1831
689 1330
571 1561
1689 1966
330 982
1939 2067
732 1190
1721 2151
620 774
995 1820
1234 1757
1451 1639
566 1673
98 497
2000 2013
942 2101
120 1320
335 1012
601 1058
708 1996
1917 2009
1185 1605
146 1085
919 1754
274 2192
1819 1820
165 561
1870 2079
1127 1408
256 662
311 1082
293 1519
1143 1647
35 984
420 596
1245 1938
23 150
279 1391
1093 1274
1038 2106
292 1938
1763 2045
1899 2141
1712 2084
1262 1590
715 1389
367 1489
977 1312
220 1532
21 596
1858 2104
1979 2082
1426 1576
1535 1887
1440 2144
1248 1697
377 1142
1533 1989
2 1055
435 684
1530 1537
928 1778
1336 2108
949 987
1168 1377
1233 1920
485 1919
640 1025
2197 2198
709 1508
818 1212
1471 1799
1780 2160
944 1364
1358 1534
218 1635
2136 2183
562 662
1641 1756
547 1013
1868 2026
45 1825
112 669
78 1848
292 1367
143 1261
761 2027
968 1814
756 1565
1350 1522
104 1491
1475 1620
1058 1226
489 593
548 1951
1312 2003
107 517
575 1130
2087 2141
1455 1702
2141 2145
160 758
1112 1957
1153 1628
1287 1958
270 1859
1277 1799
1345 2106
108 717
255 560
1359 1817
1222 1447
872 1443
522 593
924 1744
558 1255
1010 1904
1196 1946
1760 1942
942 1689
1300 1360
95 1420
895 924
71 488
1737 1939
582 1688
634 1500
439 1009
701 1490
1488 2184
1798 1860
121 1433
391 780
639 1639
340 1417
1256 1352
581 1358
1636 1826
1415 2036
118 1898
1262 1454
734 1367
793 2087
1721 2073
1539 1588
1548 2013
1170 1753
317 1418
739 1833
1082 2076
714 1792
239 855
1662 2169
1137 1619
1596 2176
744 1566
2060 2077
700 1701
1087 1144
1092 2180
664 1330
1156 1535
797 1930
1319 1631
384 497
254 1961
1278 1905
1878 2049
186 522
337 661
57 1880
1007 1547
1387 1850
524 1983
38 1846
1478 1593
410 2046
1007 1530
1169 1397
795 1432
1272 1717
1675 1881
1395 1448
1915 2131
1912 2140
282 1347
462 1618
879 1070
1217 1609
1173 1756
212 352
745 1528
107 540
420 1315
890 1052
1718 1905
654 1116
1993 2019
1228 1866
280 1304
986 1488
2191 2196
2108 2148
479 686
19 1051
667 1662
1109 1131
266 666
1222 1881
1401 1785
128 1210
784 1009
1121 1885
185 2173
1733 2193
1129 1791
1078 1914
958 1338
945 2107
1062 1387
823 1703
1000 1388
2121 2145
574 989
243 1839
2002 2032
1892 2001
642 644
1880 2117
120 1298
1688 1752
1257 1557
142 1267
20 1711
1324 1594
1240 1495
164 1692
2131 2137
802 975
1528 2139
233 976
1737 1742
90 1544
304 1571
1696 2084
402 1981
416 966
172 1206
1738 1962
824 1232
715 1741
1552 1771
580 1048
619 1076
2129 2150
566 2150
1405 1506
687 2038
2194 2195
1179 1646
752 2190
102 1265
1194 1318
131 1689
205 1034
1612 1961
317 2167
176 1841
1948 2191
1037 1965
920 1216
476 1251
1038 1916
1104 1985
1906 2104
158 1378
1354 2182
1708 1746
1682 2130
531 558
1808 2190
511 1292
1686 2052
709 1085
1973 2153
720 1621
2020 2025
1452 1728
1226 1442
1571 2196
84 496
1584 1643
1570 1780
1897 1922
375 1957
705 816
1541 1837
1279 1603
1805 2005
849 1100
1506 1916
2068 2083
2040 2144
1532 1874
1937 2194
1778 1829
1294 1488
880 2096
1053 1167
1674 1770
1898 1979
1158 1262
662 1910
1066 1166
1768 2035
36 1086
450 719
1828 2155
1430 1764
728 1213
919 1690
1292 1344
2131 2176
1773 2087
784 2058
1071 1148
1237 2049
234 457
682 778
992 1071
941 1036
524 1243
1306 1834
1712 1827
1157 1451
2173 2188
214 931
1653 1844
741 1820
2139 2175
1890 2092
1306 1975
490 2132
2132 2197
10 1910
1931 2175
723 1982
257 620
1853 1952
1833 2084
1588 2023
2016 2072
1407 2180
2029 2030
1981 2097
1092 1614
188 390
1893 2186
305 420
1305 1428
112 1505
134 784
1967 2173
399 558
703 801
1525 1624
993 1294
369 832
656 1991
1518 1613
1387 1784
698 850
2108 2139
585 798
2073 2193
2024 2035
1750 1828
1801 2095
861 928
1426 1930
720 1938
1332 1856
946 948
19 2123
2102 2103
246 856
1026 1597
267 1555
1612 1622
1767 1773
959 1101
1813 1918
932 2127
1400 2083
908 1405
360 1295
1036 2164
1077 1709
814 1867
2007 2072
2094 2159
668 2171
825 2053
1425 1877
397 1039
227 858
384 1505
949 1374
1653 1757
1150 1868
618 2007
604 1028
2105 2160
1991 2094
509 1540
646 1372
1277 1500
535 1470
1684 1786
763 2000
1240 1638
911 1504
1189 1815
1464 2003
438 1868
1077 2090
1323 1476
1397 1665
1477 1817
1506 1987
133 1144
1411 1587
840 1526
246 1353
1588 1788
1145 1332
1396 1709
2148 2173
1185 1441
2179 2196
1012 1184
1951 1992
2073 2152
1367 1553
1544 2199
367 767
456 545
1343 1346
1216 1906
115 1016
1070 1346
739 1113
156 1740
824 1814
999 1904
766 1456
1389 2024
1011 1578
25 891
1354 1894
2092 2096
1958 2091
1049 1757
1430 1651
2095 2151
1651 2188
765 842
104 205
184 305
766 1323
1955 2089
1087 1781
471 1421
1104 1993
959 1584
637 884
810 839
66 1131
84 2176
1588 1864
701 863
1766 2104
1039 1822
1166 1780
18 1839
994 1889
1769 2033
410 1357
1326 1534
556 2183
487 837
1059 1346
1733 1794
712 1386
1867 2080
2144 2199
796 1794
559 1506
836 1929
1901 1939
451 854
1586 1987
311 1140
2007 2013
537 2015
1304 2193
1772 1780
1684 1895
846 1368
2003 2127
871 1505
204 858
1522 1720
750 895
186 2024
864 2011
1701 1987
1612 2066
1675 2173
1476 2032
1760 2148
272 1913
1747 2117
672 1068
869 1369
1776 1781
1405 1423
1773 2101
1210 1841
1181 1654
1331 2100
1594 2049
578 1668
669 2050
2127 2133
654 1624
2154 2169
1128 1367
646 2056
44 47
535 1422
1774 2137
1876 2054
553 2154
1805 1968
785 1745
702 953
645 2027
1124 1434
1874 1921
1118 1952
1393 2082
1963 2006
1008 1470
1646 1822
896 1701
1531 1635
1464 1771
2022 2073
2061 2155
1420 2097
2161 2179
2168 2173
116 1091
1799 2136
1176 1470
768 1075
1666 1831
1525 1753
1583 2054
915 1296
1825 1973
1535 1702
1675 1989
2192 2193
334 1853
1230 1653
1190 2069
2123 2128
636 1499
178 868
1023 1480
2012 2181
1279 1941
1034 1199
1606 2178
980 2032
989 1390
812 1986
1428 2126
196 1451
1984 2022
106 952
1059 2154
1674 2038
1405 1655
2093 2145
1023 1386
1967 2176
1860 1924
1914 2082
1128 1945
1760 1890
2128 2199
2046 2137
1331 1598
2034 2137
271 1999
497 1238
1709 2135
979 1074
1764 2105
1266 1617
2040 2059
1304 2021
2054 2103
1468 1957
1394 1615
672 1223
1186 1343
519 1297
1682 1998
2141 2146
21 1822
2187 2188
2013 2015
1588 2194
2021 2140
1612 2085
857 1380
251 1809
1704 2098
1641 1811
1379 1914
726 1386
1676 2124
1574 2126
1142 1505
1780 1805
736 1283
30 285
430 1225
847 902
1782 1796
1541 2014
778 1843
1036 1549
251 1056
1816 1875
2142 2155
997 1074
186 1182
1509 1951
1655 2036
282 1484
606 939
1257 1478
1792 2170
1604 2047
945 1937
447 2001
355 1419
2151 2157
2075 2094
1331 1530
85 547
1622 1745
857 1882
1743 2083
1029 1396
1691 1840
952 1727
1486 1950
1335 2122
854 1678
1314 1458
872 1988
722 1342
1331 1620
1191 2088
795 820
1603 2114
414 894
755 1055
67 609
798 1422
1910 2012
701 1833
1840 1963
1251 1557
200 515
1856 1931
1318 1878
818 1457
1036 1222
1474 1829
1621 1994
1389 1559
2181 2188
2175 2179
1355 2177
1600 1794
427 1606
701 1252
848 1211
390 2122
418 646
787 979
258 619
2052 2095
442 2167
1070 1168
782 887
1840 1957
1545 1986
1448 1811
366 1896
1990 2176
1797 1846
491 625
913 1850
786 1852
1761 1970
27 977
902 2055
1693 2186
92 1110
363 967
1382 1529
2047 2159
297 1237
123 668
1828 2045
1992 2108
1588 1639
59 432
1765 2121
1285 1623
1482 1918
1165 1356
460 668
1537 1580
257 745
207 1804
400 2153
1858 2004
307 1267
245 1398
1449 1466
2052 2112
758 770
502 2103
1968 2135
568 862
1873 1921
1594 1754
1088 1834
443 650
204 549
433 980
810 2001
407 1079
2074 2105
1455 2052
1347 2053
807 1365
1384 1473
1178 2157
755 873
919 1539
210 212
1493 1927
943 1395
405 2081
1111 1811
832 1046
364 1693
240 375
826 1217
1440 1877
1112 1710
1225 1626
110 1440
616 1873
1470 1633
165 191
1949 1992
59 1175
1670 2198
1275 1880
1852 2112
1355 1397
1242 1786
747 2120
1070 2152
493 1942
77 581
1458 1721
1931 1932
2106 2161
1157 1776
1799 1830
440 2168
83 790
2006 2087
1583 2172
922 1611
312 2103
1376 1671
1206 2096
1546 1597
1904 1920
631 1389
1875 2044
975 1306
1815 2070
1551 1922
1283 1293
1269 1466
868 1975
1518 1724
220 696
117 1261
1717 2126
53 186
492 557
1972 2026
694 1904
1812 1937
1206 1355
964 1193
162 215
1061 1115
1243 1388
836 1354
1841 2007
307 747
1564 1638
1076 1662
87 493
1025 1504
2005 2040
1116 1672
1847 2071
839 1954
1057 1479
1082 1227
647 1489
1549 2120
1244 1515
1602 1961
645 1874
1277 1879
1374 1546
691 1218
1159 1634
1246 1270
1302 2042
742 1553
1938 1965
13 2002
1127 1356
584 1057
240 1750
1949 2168
2192 2193
1818 1878
189 1025
1304 1985
2136 2192
1388 1716
2081 2139
622 864
1701 1952
1103 1144
713 2184
1088 2033
1355 1957
142 368
1051 1955
538 2052
349 1769
835 1050
1681 1867
373 610
1064 1533
1529 1804
1383 1438
260 1954
1593 1749
1096 1860
2074 2186
1595 1939
1899 1976
1901 2199
1119 1176
1181 1686
1874 1911
671 1863
322 1866
752 1885
1715 1945
1822 1883
1256 1373
1575 1698
1613 2186
1571 2016
886 1890
1768 1769
1095 1389
1655 1719
1626 2182
399 709
1732 1871
1464 1506
1259 1343
1755 2146
1286 1398
1728 2127
483 970
628 2001
1944 2035
1470 1858
1574 2015
2119 2122
1106 1842
2176 2199
285 1189
1542 1855
2012 2064
153 1555
1353 1714
1391 2184
1005 1686
1999 2004
2048 2128
699 1527
1813 2147
606 828
402 983
924 1530
1090 1374
84 2176
325 904
915 1725
975 1039
352 1605
1590 1679
1321 2079
691 2165
1616 2148
1459 1549
70 965
419 1602
1111 2158
604 2198
1395 1937
931 1181
313 361
635 1462
316 1137
294 586
411 478
1373 1640
1498 1655
1844 1955
488 1434
70 514
1375 1601
1719 2089
664 834
1964 2080
185 1468
7 860
407 1149
2118 2145
1853 1961
1584 2033
1851 1988
1486 2167
2058 2194
2038 2138
1239 1387
99 116
29 1706
2147 2169
694 1246
1557 2121
1571 1818
224 996
1959 2054
55 1785
806 2015
355 1838
842 1225
1435 1591
1941 2028
1713 2107
1144 1569
223 316
2112 2178
1598 2164
286 669
417 1134
542 1462
1345 2046
1878 2053
717 1894
1557 1730
279 1170
733 1460
994 1661
1806 2107
676 1115
2110 2129
2143 2171
1771 2171
1219 1774
1281 1628
129 745
1957 2181
832 1246
501 1673
860 1250
1556 1577
140 2066
1716 1776
904 1200
1481 2110
1910 2161
1627 1646
442 2067
957 2142
1488 1662
973 1477
1779 2155
1084 1661
1367 2001
140 872
718 980
1827 2008
2020 2162
995 1216
193 1297
1329 1892
2153 2175
1081 1972
697 1321
1510 1759
813 1018
773 976
900 1821
683 772
583 1868
2195 2197
657 1022
1128 1180
285 716
47 702
538 1681
2158 2169
1150 1463
2017 2126
27 809
1802 2193
276 1148
196 1763
1007 1212
455 1226
929 1706
1237 1546
1374 2045
1505 1560
668 727
1226 1380
1099 1967
719 1125
244 2080
2173 2192
1663 1803
2059 2167
1458 1908
1813 2152
1887 1962
666 1510
593 1762
780 2044
1256 1940
742 974
296 1228
91 1755
1622 2168
802 1140
1688 2180
1674 1780
451 1364
1729 1758
1071 1290
998 1117
493 1808
895 2149
2062 2115
1895 2185
235 2040
1895 2113
1519 1892
1424 2022
471 1680
653 1885
1680 1686
1118 2075
1306 1369
444 1751
1895 2093
354 808
491 1830
426 955
224 2053
2007 2055
818 2157
1846 1996
1627 2148
1398 2167
1245 1597
1847 1874
953 1477
1025 2095
1857 1953
1569 1580
568 1427
1513 1938
124 1023
1517 1690
2053 2127
43 138
1263 1459
1710 2112
1814 2137
340 1278
590 2134
153 1635
2 2134
1062 1099
912 2175
1907 2034
14 2154
3 1009
1335 1642
1797 2093
904 1687
1746 1807
2166 2188
1943 2153
59 1449
1808 2126
757 1668
1037 1415
1156 1322
1160 1353
1750 1949
372 2187
867 2112
403 1227
529 668
1739 1740
1858 1973
265 1145
2166 2197
58 1098
1364 2039
941 1752
90 733
1253 1262
73 434
895 1710
1726 2075
1908 2041
1214 1375
1126 1137
1127 1181
437 1821
176 399
1559 1560
1895 1934
1246 1547
988 1794
1432 1965
1199 1554
967 1552
1377 2155
383 1611
134 1331
655 1386
435 512
781 1121
1022 1168
2060 2197
1927 2166
973 1209
1225 1816
1409 1643
1873 2073
698 1915
2009 2029
324 1504
2014 2119
2008 2135
1863 2134
660 2066
835 860
706 1807
1732 2171
1127 1173
1207 1886
155 1468
277 690
104 369
1042 1828
332 551
993 1460
94 1013
1262 1502
479 2004
253 933
527 537
2055 2181
1242 1522
508 570
1511 2133
1970 2015
1902 1942
254 1126
2045 2083
1327 1761
833 1378
1133 1793
1457 1778
988 1744
107 925
1328 1554
1356 1893
793 1843
1388 1754
1556 1931
391 1531
79 207
1835 1954
78 1611
279 446
1693 2194
1519 1728
1757 2130
398 792
922 1317
237 1745
303 317
526 754
372 1598
692 1107
352 1654
1840 1990
575 1298
308 398
2017 2161
1319 1688
1892 1933
1546 2031
2134 2142
198 488
643 1313
1682 1795
147 1862
1880 2145
957 2115
1712 1935
2169 2171
129 1091
1299 2115
1887 2180
1672 1790
88 144
1724 1938
1277 1439
10 166
1697 1705
376 2184
1107 1592
1382 1481
1811 1853
2132 2163
1215 1950
2168 2188
1168 1709
363 1254
1872 2067
1664 2082
1532 1641
816 1322
869 1303
461 719
1870 2009
1366 1852
956 1696
349 2181
926 1190
914 1127
529 667
1288 2172
1455 1791
1598 1700
1847 1911
1258 1913
232 953
1435 1493
277 636
869 1828
1119 1731
820 1552
1710 1958
791 1163
33 999
986 1846
1447 2196
1675 2068
531 1232
1911 2116
980 2025
148 572
1823 2018
1124 1155
1795 2046
1772 1826
754 1856
302 1453
976 1033
231 1532
469 1361
1137 1247
960 1044
1140 2142
138 1846
205 657
887 1782
1591 1979
1289 1703
1556 1910
1789 1866
2173 2194
1068 1207
1266 1494
2127 2149
212 1312
130 997
914 1548
1416 1461
282 881
1020 1487
643 1396
1709 2042
1957 2056
1386 1408
404 430
1357 1520
858 1563
1213 2173
315 858
2094 2150
1270 1953
359 2185
121 886
1467 1622
836 1364
1896 2167
1837 2025
1750 1807
415 1118
2042 2120
705 1979
1783 2155
1432 1555
1260 1760
1097 1502
841 2092
603 848
1635 1790
1873 1903
163 776
2050 2148
1376 1849
322 535
150 263
1689 2098
1771 1987
2184 2189
558 2005
840 1485
975 1970
2192 2195
79 1960
1474 1951
1708 1738
98 971
2159 2177
494 1619
1910 2088
734 1691
1987 2167
744 762
1589 1891
2108 2152
113 1240
2165 2188
629 1390
2015 2109
1069 2114
2182 2193
1184 1284
1683 1998
351 1326
1625 1881
1122 1588
686 1752
779 2174
277 1278
705 1158
773 1148
2096 2166
2180 2188
44 1729
185 2138
1289 1404
253 1772
566 1022
1145 1827
1935 1958
1191 1467
276 1424
24 803
1866 1898
1264 1735
1465 1843
674 1579
1466 1694
1590 1602
1948 2052
1649 2048
1943 2148
618 2050
721 759
258 568
964 1207
1519 1863
1264 1892
1914 1957
440 1911
522 2095
380 1716
525 2053
1334 1336
1177 1900
1425 1762
1509 1832
7 1752
1927 2043
1779 2020
1512 2082
1678 2040
1201 1619
1912 1995
1754 2176
1667 1862
848 2031
1004 1444
1617 2152
606 1201
381 1992
82 129
1186 1518
1051 1980
657 1732
685 2197
579 1660
619 1370
646 1955
750 1332
458 1600
1225 2168
793 1992
1502 1679
1286 1384
30 685
64 149
317 788
1947 2198
742 772
197 1216
1439 1479
1817 2108
1242 1720
1939 2118
240 265
1915 2173
2089 2110
1781 1885
372 472
325 1305
1219 1940
131 516
1402 1949
199 1031
1917 2168
1627 1653
629 1942
942 1130
735 1996
7 238
2031 2134
25 1514
154 1931
1325 1805
1495 1919
219 310
34 677
188 1082
918 1745
341 887
1703 1826
1981 2077
591 1750
137 2164
535 1958
1466 1516
752 801
1924 1982
640 967
1150 1706
1997 2141
532 1963
1689 2176
1963 2177
812 1149
104 1318
1003 1310
1658 2190
1128 1549
2078 2148
1718 2059
1691 1813
1446 1727
1648 2059
763 1433
1109 1683
1967 2006
1588 1738
711 1583
1266 1882
2052 2100
808 1348
1027 2124
734 2028
1409 1774
1746 2188
435 1942
661 1752
1275 1822
1229 2150
605 795
436 1756
931 1501
174 1465
1585 2074
1876 1942
1087 1511
1411 2025
419 1760
1690 2170
1210 1982
611 1545
739 1719
1585 2150
546 597
1323 1627
1866 2033
320 1163
1159 1962
845 1013
534 1093
632 765
1308 1434
322 690
1793 2089
1574 1875
956 1426
1311 1986
391 900
2040 2105
227 2098
1285 1376
1446 1595
1235 1628
1072 1737
918 1767
860 1513
1712 2188
2110 2182
1804 1987
1746 1920
367 819
1180 1689
1108 1377
1725 1879
211 1614
2096 2102
1914 2039
888 1210
2133 2159
1630 2165
477 1564
2006 2080
1 144
1828 1832
932 1549
1181 2108
2110 2160
1091 1343
1954 2033
2074 2118
983 1925
916 1568
1644 2075
1331 1407
1426 2099
1435 1854
843 1159
1780 2098
632 1294
1704 1883
1653 1849
250 575
392 602
274 1315
665 1564
853 2164
441 1306
12 1713
2078 2119
442 1179
1736 2109
741 1095
460 1559
2028 2127
547 1307
1884 2114
904 1951
37 295
124 1222
557 1251
867 927
525 1253
628 883
1366 1683
1960 1981
2009 2042
2031 2046
386 2191
1614 1630
242 1916
781 1375
1936 2194
1185 2103
539 1904
697 1609
1835 1947
1030 1157
714 1714
2028 2058
80 1013
1109 1621
437 857
1259 1523
233 2133
1145 1175
773 1734
257 1360
74 585
1945 1959
1440 2032
1399 2046
340 1325
938 965
850 1114
1739 1984
1656 1965
1493 2067
1640 2063
2179 2184
38 1223
942 1946
675 2051
1870 2017
1302 1873
1068 1626
997 2091
1580 1852
1641 1760
1839 1957
803 1246
915 2159
1938 2077
1290 1418
1552 1618
381 1615
1033 1149
1519 1597
241 1433
540 1443
823 933
1252 2111
2061 2089
1162 1425
2123 2170
159 618
1178 1783
1673 1729
491 2117
958 1168
1638 1874
200 479
1538 2019
1726 2015
601 2014
14 1081
1634 2104
1929 1989
115 1924
973 1299
1646 1911
1589 1696
1982 2192
1965 2115
1061 1756
1062 2023
145 1291
1858 1952
549 659
2016 2087
1903 1994
552 1816
699 1947
1533 1914
1580 1853
857 1736
1821 2031
1659 1776
2084 2199
927 1410
2086 2182
1125 2009
1245 1280
1628 1687
137 843
40 1849
1671 2184
897 1751
747 1445
15 452
1697 1903
1622 1991
1877 2159
198 1298
1830 1970
1963 2092
161 1176
1993 2191
2043 2191
2049 2191
60 1152
1789 1944
33 765
1371 1623
1796 1953
1019 1849
1548 2040
816 1723
620 925
687 1651
457 654
64 937
1515 1973
798 1854
1191 1349
1116 1159
1863 2055
1324 1566
1051 1631
1545 1546
1464 2029
812 1558
1484 1514
308 432
1813 2073
515 2087
836 1241
609 1110
339 1098
1497 1981
915 2100
621 1716
1486 1646
1300 1847
1869 2035
854 1199
786 1405
1434 2052
2142 2151
1104 1911
1922 1989
1770 2145
1654 1911
1023 1578
1681 1865
36 132
994 1364
445 651
1597 2082
187 2040
1853 1869
4 2036
1838 2141
220 1686
1754 1810
940 1165
923 1504
791 2043
1627 1759
1411 1476
646 895
1321 1681
637 907
1460 2040
1428 1816
1710 1785
1303 1732
2064 2169
2147 2185
1871 2134
1255 2197
561 1087
1460 2067
1905 1995
711 1527
104 1795
634 704
1556 2086
275 1136
525 1640
1723 1846
1903 2009
2172 2179
1833 2029
1373 1834
2045 2130
1819 2085
738 1931
2098 2163
815 1873
1661 2086
836 1410
1446 1834
1630 2114
1851 2097
1752 1778
1285 1552
2087 2165
2157 2178
2053 2142
1146 1828
1156 1491
574 577
2198 2199
846 1083
1657 1772
1617 2179
501 1670
731 1432
1353 1951
301 1301
1282 1944
294 1922
1984 2115
201 1492
286 649
1781 2141
1900 2098
1783 1942
2047 2088
206 1518
1893 1994
792 2187
664 1059
2006 2194
1600 1941
369 1029
397 749
385 1849
1906 2058
892 1385
1585 1996
940 1556
593 2045
1492 1786
1163 1846
38 2069
1689 1738
958 1393
1795 2195
131 943
1256 1916
1430 1998
100 2155
43 79
933 2197
1017 1271
241 471
1987 2050
831 921
1296 1567
484 1901
1898 2085
1000 2027
35 963
11 912
373 1983
1319 1619
1789 2140
1125 2087
1170 1640
1437 1466
180 1041
1043 1832
106 611
339 1102
110 1438
1973 2161
120 536
515 2170
1500 1646
967 1902
1416 1951
842 1933
1476 2122
1724 1926
2088 2118
1253 1705
1758 1909
739 820
1613 1805
1578 1581
512 2006
1374 1602
1131 1703
1305 1572
408 523
98 1756
1729 2124
110 1555
256 1083
281 563
281 536
689 731
1619 2174
143 955
412 2146
856 2131
1274 1502
411 1105
320 720
1121 2157
1825 2137
11 1424
1420 2030
1415 1980
1490 2159
775 1579
1673 1990
363 1762
1889 2166
408 1502
2046 2103
663 669
212 585
400 990
254 1553
249 1056
1242 2053
1592 1705
1662 2026
1453 1609
971 1779
1085 1124
1635 2054
1458 2190
126 1356
1653 1716
39 1875
2022 2097
1593 1729
1057 1856
1393 1442
1886 2181
663 763
499 745
1519 1646
956 1177
2079 2134
673 1637
1817 2191
196 2081
1348 1452
1458 2066
601 1795
277 291
1465 1902
2008 2120
699 964
1973 2066
2133 2195
1182 1446
513 1203
172 458
2053 2116
1650 1823
1511 2019
665 1794
1748 2020
260 835
1884 2019
1166 1223
1510 1947
330 654
2034 2178
1617 1938
932 1938
811 1622
1328 1628
1286 1759
165 388
1087 2028
1171 1748
34 836
1486 1661
249 1958
1291 1659
1654 1835
1811 2114
1338 2164
864 1147
997 1931
263 1038
363 1723
1505 1596
1836 2183
1509 1787
1277 1981
2084 2102
1657 1899
232 640
1990 2173
1845 1849
1432 1724
601 2195
2043 2104
599 763
1992 2037
1792 2054
782 2067
1411 1724
596 1534
1678 1835
1613 1888
531 1056
1487 1547
863 1439
230 1356
347 1676
956 2053
1443 1586
667 1362
909 1203
2072 2108
698 1317
1566 1792
755 2184
1299 1343
1239 1771
1516 2115
1521 1725
788 1873
608 1964
2154 2182
239 904
488 1257
1757 1983
369 1272
1670 1886
1374 2014
709 1371
142 1931
1974 2099
1891 2105
1639 1798
1889 2156
1847 1956
1477 1726
361 1442
1295 1839
98 1102
547 1280
605 1335
284 2038
35 1132
301 1433
1347 1634
1318 1898
565 1027
135 858
1714 1788
253 1220
379 1501
773 864
1363 2101
973 1029
1614 1973
1691 1929
1560 2146
555 1836
1778 1838
1880 2006
1814 2118
822 1269
272 1973
1729 1979
1703 2151
2160 2190
1774 1831
1460 2092
1398 1761
55 740
2069 2147
1994 2189
1605 1617
447 2197
1499 1605
1677 1817
1285 1751
473 1998
345 416
719 1018
2195 2196
1640 2048
1717 1973
758 2113
277 740
1473 1592
3 664
1135 1185
452 727
670 1006
1661 1667
461 1289
144 744
1214 1280
833 1357
1705 1738
1541 1651
290 1740
1820 2029
947 1383
2023 2087
584 1173
849 1302
1114 1956
897 2170
908 1017
1634 1689
770 940
2021 2182
1624 2198
957 964
763 1996
645 922
178 588
1267 1621
1710 1740
1706 1990
1827 1874
500 1991
1159 2170
2135 2190
1936 2066
2064 2192
527 530
1987 2058
1892 2103
2014 2035
2186 2190
1 1163
1650 2038
230 1126
1793 1902
1201 2131
2099 2185
1527 2049
919 1525
731 935
440 575
931 2094
1040 1711
955 1086
1512 2032
2079 2158
1123 1627
769 1174
1791 2178
1567 1602
1871 2073
198 1003
1212 1388
1784 1813
132 1099
1598 1643
1545 2102
1900 2091
976 1471
1159 1461
858 1472
2055 2101
1139 1221
1358 1678
207 1951
168 1607
1567 1607
587 1635
1 297
969 1087
972 1205
1158 1351
610 999
184 2170
1169 1917
2050 2153
1098 1563
793 1077
1316 2002
401 462
1157 1256
1303 2015
859 2032
506 1217
646 857
635 855
724 1257
2187 2195
1773 1792
1553 2088
10 2026
331 1690
857 1939
1944 2036
829 1727
1306 1804
1759 2119
304 1932
1255 1653
1306 1360
1916 1952
1772 2097
1769 2146
1901 1961
1814 2199
426 1978
1650 2165
566 1536
24 542
1609 1933
1571 1855
895 1596
741 1322
1861 2119
52 715
608 682
651 1657
1070 1727
1285 1606
1732 2031
1135 1149
1192 1401
84 1302
1416 2000
1516 1811
2136 2145
1794 2141
1320 1742
1228 1775
956 1532
1735 1801
1861 2174
1055 1480
1348 1610
1903 2161
39 1408
990 1238
1046 1428
1206 1826
258 2084
241 1442
642 724
11 671
1200 1792
785 1749
912 1849
2135 2141
873 1415
124 307
1799 2053
250 1319
216 857
7 1660
662 1101
1947 2045
1718 1858
2101 2121
42 1877
1962 2154
491 723
519 2065
1497 1748
35 395
2042 2146
981 1292
646 728
1608 1796
1664 1991
1450 1660
636 1734
187 745
836 1156
1751 2164
2012 2097
1904 2023
1939 2152
1281 1380
1012 2108
2088 2095
1257 1428
1429 1709
363 507
252 1154
1832 2177
47 631
1207 2094
2156 2178
698 1283
790 1062
165 1622
1086 2096
103 833
1046 1305
1494 1708
213 708
1442 1685
1095 1477
365 1762
764 1798
1677 1910
429 1373
866 1657
1620 1644
606 2158
1995 2185
1411 1949
852 1244
400 2174
226 273
1823 1867
909 1457
1073 1263
317 1737
296 373
478 1844
881 2192
1553 1627
1575 1954
1596 1883
1811 1975
1297 1467
822 1817
1156 1585
1839 2126
2033 2064
542 1536
2104 2147
1311 1645
405 757
1407 1937
86 263
1573 1996
2111 2177
1954 2036
1639 1917
1067 1759
619 770
1670 1841
701 1634
2119 2126
1283 1857
903 1783
12 902
50 518
47 1039
2147 2149
1080 1626
1574 1670
529 1645
268 1263
2019 2128
1070 1624
546 1050
718 1025
1807 2172
529 1356
473 476
688 1825
2126 2138
1409 2118
448 1933
2006 2145
494 1717
1153 1222
924 1314
472 643
547 980
904 1862
906 2149
2009 2150
524 1552
702 1965
432 1334
1847 2120
1989 2192
910 1744
696 1170
1017 1641
462 541
827 1800
78 2016
1659 2072
1210 2020
111 587
670 945
905 1026
277 2020
1537 2007
1022 1515
1267 1651
1274 1829
1713 2038
37 514
2045 2091
1044 2117
1368 1456
1312 2149
1191 1648
1882 2051
1123 1689
1426 1942
1251 1607
1436 1814
2002 2047
152 1948
600 897
454 1614
1325 1493
1755 2117
1156 2129
522 1670
1306 1927
1170 1486
1327 1394
366 627
62 153
1619 1996
215 881
840 947
1989 2104
1102 1932
488 587
1003 2043
172 1093
1293 1559
1850 1863
1099 2069
1486 1645
205 603
1093 1817
2025 2133
1083 2148
1032 1924
489 1129
1593 1728
828 1284
553 659
1481 1548
1054 1657
442 1231
1146 2041
161 1424
228 1638
220 1508
1294 1883
1053 1508
1244 2147
1183 2130
1564 2073
1766 2094
2107 2116
650 712
2085 2196
277 1448
1825 1947
1923 2118
1658 1697
1130 1930
1071 2115
2019 2106
2163 2182
681 1191
1935 2131
1211 1266
212 2021
1751 1980
198 926
195 1686
583 2017
5 1481
1299 1321
543 2050
1681 1786
839 2032
175 2051
11 1241
473 2080
976 1834
1632 1862
688 1943
1851 1863
885 1317
1981 1995
229 2046
80 182
741 2129
1231 2108
2185 2186
1222 1231
951 1285
343 1315
1355 2094
1611 1669
1413 2103
990 1506
1461 1929
25 1521
2024 2147
1220 1625
692 2172
1824 2148
2022 2076
1115 1797
1207 1215
1820 2002
260 497
104 939
1773 1984
1580 1998
482 1762
1133 1529
1624 2057
592 1887
1325 2118
1183 2027
201 1128
1289 1832
457 1613
934 1980
101 510
1860 1982
1388 1971
1800 2111
1870 2000
1177 1744
635 1985
772 1841
154 964
1782 2105
1621 1993
1781 2150
478 1438
1061 1720
1985 2171
110 2155
1661 1903
838 2082
103 1134
1034 1294
248 1243
1113 1884
1134 1672
1575 1879
1751 1837
1482 1595
80 316
327 1587
1838 1859
2026 2028
1705 2054
1986 2133
1956 2011
1593 1709
1453 2067
1567 1920
41 1114
672 1993
537 1578
1330 2043
1087 1688
1807 1818
1321 1838
421 466
191 1873
136 1520
1864 2048
925 1108
1608 1977
423 1969
938 1186
1488 1833
2111 2140
2175 2187
1566 2018
128 2119
1895 2166
1321 1783
1926 2166
1470 2068
1259 1550
1344 2104
1810 1965
501 680
1420 1752
779 1790
232 1088
1801 2107
1577 1887
942 1920
437 1497
1170 1959
394 1022
1213 1422
2159 2189
732 1226
1352 1956
875 960
1011 1325
1193 1606
845 1530
1584 2053
673 1058
238 1333
2016 2181
999 1658
187 302
554 955
128 549
1188 1592
450 890
1321 1543
1590 1695
993 1294
343 893
2024 2052
286 2186
413 2112
302 1976
1644 1766
770 940
57 576
1488 2005
198 255
97 881
1490 1667
1966 2072
1497 2142
1873 2146
530 1697
901 2073
828 1417
1086 2106
558 804
1495 1943
334 1008
346 924
1678 1986
1298 1978
2084 2150
1033 1546
479 694
1161 1481
299 1752
1081 1578
992 997
629 1553
195 633
1306 1743
1874 2194
988 1670
1826 1968
1993 2133
1634 1645
931 1631
2132 2150
2171 2189
628 1947
543 1105
473 1328
1281 2101
1494 2165
1439 1842
2106 2116
1635 2176
202 1002
1874 1915
709 1120
1099 1467
2001 2105
2172 2182
1337 1906
1240 1765
1941 2101
90 797
1046 2047
268 1613
494 1265
567 1834
1583 2008
1927 2038
1743 2012
1999 2087
164 558
337 1213
1018 1583
675 2100
460 1590
940 1426
1303 1519
1805 2008
460 1890
1920 1936
2119 2145
1527 1609
2159 2194
670 2199
593 1410
1528 1657
1114 1229
441 872
378 655
87 987
1217 1468
1881 1985
403 660
607 1809
126 1741
1688 1824
1316 2139
1642 1991
484 920
625 1816
2006 2007
478 714
417 846
1826 1999
46 1718
1015 1858
1100 1981
1938 2073
2068 2101
80 2014
114 921
1808 2120
1952 2087
988 1400
1706 1711
707 1241
331 2036
1319 1989
1989 2091
597 784
1316 1528
178 1291
1910 1980
109 1499
1606 1766
895 1573
1700 2037
356 759
1607 1966
357 2018
269 290
652 955
1689 1737
2150 2154
1716 1795
562 1305
1045 1374
1707 2109
543 2154
501 1554
602 1035
1589 2058
1301 1498
546 1865
1886 2156
603 934
2098 2125
1236 2042
870 1015
1012 1411
755 1208
1814 2071
1181 2030
1695 2192
535 581
265 1572
780 1378
1436 1965
582 1332
1230 1934
1725 2135
1791 1973
1215 2042
372 991
14 1243
1762 2121
1350 1567
1746 1883
2029 2089
232 1810
633 1498
861 1670
77 819
961 1795
1892 2093
1802 2074
1053 1993
1297 1941
1757 1796
1377 1976
1068 1719
77 1460
2145 2194
20 1470
1640 2059
1306 2096
1323 2124
549 1021
1015 1783
452 692
2056 2079
357 905
333 1678
568 1172
1845 2179
269 271
1751 1784
2039 2125
2021 2080
417 496
1462 1754
5 767
736 1892
801 1430
877 1891
667 1930
378 862
719 1358
535 2118
1830 2060
1113 1857
1166 1549
231 1853
1599 1841
1156 1641
560 1996
2177 2185
1873 1925
1919 2056
1299 1337
1466 1535
707 776
1745 1774
1429 1668
1561 1876
103 2144
176 2165
1769 2161
2182 2195
575 2126
1205 1890
223 1994
1043 1206
1582 1784
4 1939
1723 1758
213 306
1714 1811
951 1247
200 1303
1173 1204
265 933
333 1728
1856 2069
545 2077
1092 1112
808 1852
1364 1707
1926 1961
1653 1934
1595 1939
1071 1842
564 1310
470 1338
880 1862
418 818
644 891
1149 1611
364 797
907 2083
1098 2147
899 1699
76 1421
506 1048
684 1644
331 717
1001 2136
816 1512
1592 2039
2000 2023
1438 1531
967 2034
450 541
2185 2190
1146 1900
1897 2136
1482 1989
1553 1562
102 2018
1751 2142
150 789
1103 1561
1881 1962
1122 2108
1278 2121
96 2098
1715 1776
81 1282
407 792
1335 1551
158 2111
575 703
39 795
1035 1825
1512 1589
1270 1306
1144 1739
1677 1964
437 794
1347 1553
1386 1474
1033 2042
1871 2170
1624 2068
82 1775
1471 1494
706 1024
1025 1913
940 1229
10 1549
249 1231
1910 2017
1184 1761
1714 2142
825 1662
506 2111
1210 1617
113 2099
2097 2187
667 1571
1150 1541
88 1020
1863 2168
618 1966
373 1820
2143 2180
59 1753
348 1152
1433 1482
646 1944
1060 1455
584 2120
46 660
414 622
2129 2142
996 1988
97 478
2165 2174
1682 1952
115 619
2005 2112
830 1970
824 1722
1237 1353
1494 1838
219 873
1814 2073
1089 1840
1117 1729
751 1306
274 2111
694 1735
831 2130
898 1294
1309 1335
1894 2026
689 1099
1700 1973
1098 1175
1864 1904
766 1678
1287 1687
723 920
1377 1826
118 1822
1350 1754
415 1844
848 933
1493 2141
988 1545
1497 1587
338 1337
1738 1877
591 1106
1820 2145
1675 1764
309 876
1920 2008
2073 2085
1048 2085
993 1252
790 1849
1305 1938
619 1841
492 538
2142 2185
1321 2070
238 1809
560 1136
100 424
342 2035
2174 2176
1421 1561
1217 1575
1542 1983
2124 2146
1160 1338
1646 1714
2126 2155
35 468
1991 2017
944 1165
1200 1393
2100 2137
1042 1872
1702 2017
334 1831
1511 1851
1534 1780
1471 2044
344 1097
1560 2095
636 1624
1785 2006
1921 2143
1275 1592
2097 2124
2075 2146
78 1908
533 777
1425 1751
2097 2197
953 1235
72 1747
1676 1765
197 2129
1699 2132
397 1807
2076 2193
48 371
1953 2162
780 1753
2102 2120
2024 2098
1839 1978
342 1830
1411 1564
305 975
508 1530
305 1907
1487 2114
69 1342
1235 1781
1511 2121
427 758
1612 1842
1178 1951
779 2094
155 576
1560 1945
2158 2179
287 1718
2087 2142
881 1648
1689 1912
1159 1470
2077 2115
228 1904
1488 2082
1482 1584
126 753
1421 1473
634 1969
1770 1788
47 660
25 146
1729 2127
1973 2021
619 1486
44 1994
126 1396
949 1691
144 806
1105 2081
763 1279
1457 1775
2046 2102
1724 1852
869 1066
28 671
331 2133
1628 2002
603 1711
587 2198
1643 2159
532 1647
596 1942
1127 2047
115 1598
1914 2011
802 1531
239 944
1910 2023
1151 1876
1992 2062
260 947
929 1557
150 198
1845 2042
466 748
1749 2108
958 1578
1472 1686
498 1344
1152 1374
1874 2079
401 1238
1817 2064
2054 2067
1678 2189
1312 1832
976 1417
990 1971
63 934
1610 1833
1132 1852
2106 2147
1077 1916
1733 1755
593 1586
671 1225
313 840
1318 1564
1782 2065
2052 2152
404 1913
1178 2197
482 1939
1878 2067
1729 2051
366 1901
1187 1650
2139 2167
583 954
345 1840
111 834
555 701
749 1215
1191 2010
849 1745
1628 1925
1398 1424
166 824
2037 2056
204 1574
873 1342
1294 1443
878 1822
1635 1720
2064 2152
1425 1695
673 1887
604 630
107 377
2008 2160
1438 2058
2071 2118
240 790
1728 1988
1501 2064
1826 1891
973 1038
794 2079
1675 2134
361 591
1349 1914
715 1959
813 1583
1974 2078
1559 2066
128 1256
1713 2100
1434 1936
693 1827
1192 1714
156 1742
1708 1799
862 2089
1428 1533
495 1925
263 656
966 1015
1354 1893
368 1040
108 630
1893 2104
719 1986
1562 1959
971 1037
2006 2041
1072 1242
1449 1685
1132 1294
411 855
55 424
660 2130
405 2017
456 760
251 411
1906 1922
784 1825
1125 1455
1934 2067
813 1745
1652 2193
2057 2193
781 1372
12 1017
79 139
8 1259
2127 2187
663 1075
1389 2081
2059 2194
1642 1981
1087 1129
1096 2120
528 2147
149 1159
1881 2045
308 1751
920 2140
15 1028
2140 2172
141 350
2023 2089
1618 1925
116 670
466 1049
1219 2134
1935 2038
604 1244
585 1056
833 2092
2103 2118
174 1122
1026 2001
1548 1845
1341 1973
1612 1863
484 1654
629 903
2048 2113
663 1528
1892 2103
1486 2072
593 1337
321 1520
365 691
1742 2010
854 1721
466 844
1306 1912
1327 1413
223 2105
2003 2168
473 2019
1048 1615
797 2074
929 1287
308 1946
1956 2185
431 1785
72 1338
101 1914
546 744
1855 2013
1013 1982
1510 2174
224 965
177 1446
463 2174
1809 1949
392 2092
1843 2176
1224 1522
64 275
1819 1997
740 1837
1700 1851
261 1897
471 505
27 1163
1741 2083
1959 2147
1256 1428
1796 2197
930 1734
1611 1638
1261 1565
293 1230
18 1997
1957 1994
1643 2094
1965 2173
2005 2112
329 1472
472 1051
55 186
1026 2105
874 890
711 1774
1206 1257
721 834
1176 1399
1186 1928
1242 1934
840 1764
967 2076
1670 1687
1769 1990
474 853
1310 1401
1338 1565
1184 2011
849 1518
1655 1985
176 1111
1974 2163
788 2117
1206 1839
2033 2199
1179 1710
1175 1927
1750 1911
409 1729
2122 2148
873 2010
391 597
381 1990
1798 1979
169 2072
839 901
1957 2048
51 890
806 970
727 1806
1905 2020
161 664
885 1718
1387 1586
174 1416
1708 1720
21 171
2046 2119
466 1451
1793 2058
1747 2005
1842 2136
1743 2051
2108 2187
103 2087
305 375
2084 2167
2074 2181
1414 1978
1259 1704
2003 2156
1102 1864
154 561
1945 1995
1322 1400
1755 2181
1429 2106
285 2044
2176 2189
302 1176
486 986
986 1790
1705 2160
2156 2159
1783 1870
2021 2043
1154 2070
620 1080
1495 1598
2177 2184
1719 2084
1677 2133
1720 1984
1247 1514
786 1383
2121 2176
952 1090
553 1471
1706 1832
279 1427
1586 2013
181 259
261 1078
1460 1527
1651 1879
489 2042
1732 1740
196 507
1749 1876
1270 1670
797 1528
205 437
748 886
1966 1985
679 1722
1120 1231
1758 2155
314 494
1531 1782
504 1092
392 1028
975 1542
562 2084
1407 1995
1218 1920
715 1326
1296 1674
1110 1222
301 1672
1532 1677
1967 2190
1342 1445
1747 1795
56 640
0 412
917 1545
1708 2091
162 1604
1425 2029
511 1262
378 1931
1021 2180
121 565
425 908
1397 1401
698 2064
989 990
1345 1473
49 1614
216 481
2010 2102
1477 1527
1602 2085
744 1032
1214 1865
317 1588
1404 1768
1992 2007
295 2087
373 1827
2127 2162
1826 2034
1627 2101
631 2063
557 1217
413 2009
1514 1634
486 1770
162 458
120 1284
966 2128
1577 1619
182 1557
376 1526
1584 2072
751 2095
1842 1974
600 1297
485 730
732 1159
1803 2195
858 1440
36 1695
392 1432
122 473
1723 2087
1789 2079
1268 1850
1030 1910
282 795
1964 2031
524 1118
1942 1990
162 980
509 1947
29 999
47 1070
1813 1929
763 1967
1455 1553
1494 2047
391 1519
653 1877
1645 1679
759 2056
256 697
970 1852
1032 1619
1201 1585
443 1844
1349 1934
1597 2049
211 917
993 1892
2079 2178
1879 1979
664 1287
168 312
232 785
469 619
1039 1910
1448 1770
224 452
734 1886
2096 2177
713 952
1425 1513
272 1768
10 599
398 471
36 1011
1689 2024
2014 2112
1968 2184
1480 1496
115 1942
1489 1759
1534 1900
1737 2172
1 1132
597 1426
1290 2131
1668 2056
940 2167
1270 1335
2077 2170
55 537
2098 2112
337 401
1454 1692
242 1778
58 2188
2039 2161
171 1067
1884 2072
1829 2145
1601 1847
2027 2112
1942 2172
1417 2092
1489 1661
1399 1927
2146 2170
1932 2036
1023 1068
1826 2180
1095 1669
131 2011
641 642
977 1639
1273 2198
692 1076
230 1615
392 2073
961 1518
2158 2194
384 1175
511 705
1581 1762
1075 1520
1882 2028
1860 2043
817 1581
346 1413
1025 1207
1772 1813
958 1508
603 961
601 2100
2038 2198
1314 2089
793 1315
704 1775
2085 2096
1451 1560
63 208
1799 2030
906 1045
1504 1807
1708 2151
1153 2073
1959 2001
2185 2199
1828 2114
1831 2141
175 908
1843 2135
836 2165
977 1297
1183 1388
790 1648
555 1549
2047 2090
1057 1149
595 662
490 732
1138 1165
66 1997
1207 1723
807 852
277 1705
413 1131
434 669
289 1154
1410 2064
1475 1701
576 2080
892 1131
538 749
867 1982
780 2091
849 1900
792 1842
239 390
1281 2079
1192 1321
418 1261
1980 2022
8 2058
941 1959
805 1269
983 1439
1529 1713
1173 2079
572 1938
2092 2172
1120 2075
753 2163
119 1946
1995 2181
617 2168
2151 2195
944 1077
522 1119
203 1588
823 1960
644 1337
279 543
2036 2127
702 1401
1147 1555
396 1917
1762 1888
1620 1759
1419 1685
1126 1561
1841 2185
740 1710
1240 1875
1256 1658
677 1241
457 902
1322 1658
1520 1642
1750 2090
1143 2031
470 1078
603 764
337 417
897 1068
221 1456
1307 1678
137 1897
1205 2165
598 1978
493 634
947 1850
982 1938
1232 1402
976 2126
165 697
1297 1572
1751 1902
984 1798
1714 2124
327 1131
1880 1913
320 382
1620 2103
1025 1239
686 1178
557 1037
696 743
452 915
1037 1548
1656 1994
860 1183
249 1981
1847 2021
1402 2066
489 1270
1460 1869
1363 1392
386 1618
1963 2010
350 2177
1349 1808
1632 2146
1243 1906
515 1202
1395 1725
1611 1895
1170 1544
915 937
1607 2195
2023 2077
31 1692
1468 2052
1969 2175
1993 2101
1628 1983
1682 2137
2016 2111
1623 2181
1951 2034
420 1185
332 358
743 1909
1169 1666
966 1936
890 1943
1401 1684
698 710
477 1878
1945 2191
988 2037
1895 2181
1547 2113
767 1650
76 321
521 778
1325 1973
138 2172
504 1818
962 1340
761 1767
1028 1606
822 1240
646 708
314 1620
240 1347
1299 2166
271 1357
1994 2120
1504 1786
1701 2058
2031 2060
1278 1714
1948 1982
1323 2170
5 960
468 2137
1059 1628
55 1643
2058 2101
146 274
2083 2192
599 1236
281 1720
1260 1860
2103 2146
1584 1719
312 613
494 1356
2018 2047
886 1024
582 1869
551 1210
1095 1837
359 1083
1230 1861
67 1530
18 2187
1462 2078
394 1655
1081 2092
373 1987
105 1302
446 463
2003 2007
1017 1626
1214 1435
107 913
1831 2176
541 798
1161 2028
1885 1897
1119 2080
1396 2183
2049 2121
521 2177
758 1268
483 1821
912 1245
337 1931
683 1652
388 1516
368 496
1469 1813
1483 1850
1610 2045
1795 1832
829 1062
1275 1461
1909 1982
1674 1863
309 362
1263 1583
2091 2158
1667 1832
1646 1962
275 400
716 1646
