2400 4800
1750 1878
470 1434
67 2068
173 1664
450 605
1539 2235
1166 2111
2008 2394
1611 1663
1927 2392
260 1964
139 163
647 960
364 995
671 1364
1126 2022
1542 2375
1814 1879
836 1185
988 1091
1043 1156
370 2135
306 836
277 388
1336 1541
382 899
29 1537
776 1352
580 2392
1197 2065
1238 2331
801 1511
1446 2206
1213 1659
357 1930
1751 1791
148 2155
1518 2184
1788 1979
2077 2375
828 943
655 1154
431 1080
1077 2294
2176 2214
1648 1893
1750 1782
1648 1885
332 1603
472 1228
2054 2329
977 1005
1226 1422
1885 2361
425 1005
705 789
1307 1347
576 2019
933 2285
2307 2315
2144 2347
1754 2301
1127 1832
102 1452
1409 1951
131 1980
2090 2303
565 602
642 999
67 2016
212 934
973 2039
640 1718
227 2257
1280 2134
1636 2036
462 1922
779 2167
503 1837
1766 1796
632 1943
1677 2125
890 1879
1791 1992
1717 1916
801 2336
2113 2399
1502 1746
1226 1763
1409 2176
1402 1419
2137 2363
1440 1933
910 1317
1967 2126
1749 2070
1460 1624
1586 1966
1141 1308
1872 2032
2149 2178
1312 1880
772 1978
61 1213
1359 1822
759 1896
793 1573
1198 1863
729 939
2039 2390
196 1539
2366 2389
2129 2221
1732 1949
1951 2144
1553 2299
1238 1682
1478 2202
2375 2384
1339 2384
1786 2302
2055 2089
1634 2113
285 1834
188 733
1843 1851
1513 2198
742 1356
458 550
490 960
1838 2391
407 2249
1657 2307
1126 1773
1487 1597
2185 2209
2112 2396
1832 1887
600 1780
1136 1654
647 2126
466 2035
1035 1749
1395 1447
405 1691
1393 1589
1919 2103
2065 2395
214 504
2313 2333
232 261
873 1773
2012 2140
1239 1926
356 2313
921 1110
2110 2283
135 1678
2028 2100
767 852
1703 2011
44 482
1485 2263
1878 2361
402 900
2385 2395
1604 2380
2195 2300
319 1306
1337 1591
1389 2307
1817 1976
2303 2351
1797 2198
1781 1983
634 916
116 1365
1012 1620
2208 2349
520 1183
2335 2397
2370 2394
2398 2399
219 2092
490 2377
2194 2262
1524 2250
1555 1776
621 1395
2240 2267
2052 2347
2347 2392
294 1818
978 1707
1538 2131
456 987
1235 1261
1355 1362
622 1058
2096 2382
732 1625
169 632
2149 2170
2362 2367
1243 1755
296 2201
866 1861
1946 2081
505 1528
1873 2347
309 391
705 1951
926 1205
1864 2392
2104 2320
1064 2131
1358 1682
310 1051
553 1788
1313 2189
1632 2270
1488 2172
1263 1615
449 2145
1554 2230
2266 2352
342 877
2114 2120
292 1001
1141 1482
48 470
955 1624
1141 2241
1624 2048
1762 1778
246 724
212 2088
541 1896
601 2128
2261 2382
764 1256
1109 1366
1454 1865
897 1273
1944 2326
1428 2330
151 2014
1504 1711
152 733
718 1965
1664 2386
1107 1321
1834 2030
792 1311
2040 2062
370 1597
1774 2261
1377 1425
500 625
2280 2343
1392 1476
1455 2223
1043 1538
1900 2321
1576 2024
1115 1459
86 658
1237 1973
2011 2019
1823 2022
2111 2207
1220 1710
143 1402
459 2052
957 1247
1259 1487
914 1993
7 983
327 1863
2008 2021
2380 2392
2123 2145
701 1263
504 871
532 2189
18 1082
1744 2055
386 1269
2043 2394
1598 1846
1803 1907
1390 1937
2275 2287
1126 1745
1543 2358
1792 2383
1418 1552
187 1886
533 1002
401 1028
657 2348
116 611
942 1954
1546 2358
708 2357
560 1739
485 713
2348 2399
145 2025
263 1778
299 1994
2024 2364
1157 1869
582 1360
666 2229
524 1516
900 1688
1708 2067
91 1274
1431 2338
1579 1830
873 2343
24 1770
2316 2393
784 2269
1213 1822
936 1600
1614 2090
22 1455
411 985
2147 2374
1870 2113
1191 1568
1922 2028
1771 1802
2107 2186
1634 2173
1528 2372
1795 2158
714 1905
643 2004
1546 1743
1188 2080
954 1945
1593 1777
1934 2075
1538 1866
1499 2125
807 1163
648 1321
1981 2073
761 2175
182 306
510 1582
26 431
2167 2223
568 1590
2118 2222
1361 1467
1169 1227
7 1378
1198 1695
1592 2274
1617 1977
1077 1783
1197 1985
242 1845
486 899
619 1580
1055 2001
6 2044
1211 1917
372 1465
1447 2287
2275 2341
2151 2246
1025 1786
1387 1729
819 1059
842 1223
1901 2271
996 2109
1114 2316
999 1211
935 2383
1454 1832
1966 2184
1481 1691
1413 1707
2134 2318
584 2373
466 2279
486 683
1508 2027
999 1871
2230 2235
608 1037
1419 2336
2252 2383
1844 1921
1522 1551
1962 2147
736 2008
1981 2008
1122 1293
2184 2193
2394 2396
2093 2196
820 1252
156 1244
1137 1199
1155 1660
1421 1425
33 1377
2209 2386
811 1357
895 2050
794 2198
1000 1174
230 520
744 1498
1134 1360
723 991
1808 2390
1772 2021
1842 2061
990 1357
1505 2354
84 1507
329 1000
1 467
859 2070
390 1520
105 1051
1174 1193
2161 2269
585 710
1965 2037
816 1007
204 1299
1588 2037
1218 2252
1819 2080
1363 1773
1081 1659
1903 2126
21 1472
1391 1430
362 1122
195 540
2075 2089
836 1332
1376 2316
1318 1595
898 1083
568 776
2377 2386
1386 1861
1128 1629
186 2225
1638 2214
955 1004
1098 1903
1236 1242
921 2288
146 1350
1011 1131
1494 1742
245 1711
351 1768
1629 2012
1792 1818
2370 2372
2188 2330
1067 1269
1833 1915
1479 2178
779 894
1355 2310
2063 2293
571 1268
2244 2362
1853 2106
722 2042
816 2170
1894 1960
957 1384
1111 1768
738 913
1773 1782
1514 1537
776 1518
597 1381
1783 2052
1955 2332
1027 1085
1048 2188
1652 2208
1326 1995
2224 2295
804 2186
241 2063
67 651
103 1188
2095 2174
873 1300
123 1272
106 113
1582 2180
1959 2236
275 2249
2237 2389
1198 1357
1464 1567
1307 1784
394 1116
1616 1956
1245 1819
2344 2395
142 764
1611 2013
2026 2273
1041 1655
298 2081
2329 2381
1990 2329
1545 2084
2319 2347
256 1230
2241 2286
1711 1824
88 344
315 1272
1827 2153
664 1592
1442 1823
538 1671
302 1296
1698 2230
618 2152
136 1493
1680 2032
749 2374
1569 2360
1402 1537
1268 2104
1409 1422
160 947
1232 1402
217 2217
422 1762
821 1256
804 2050
941 1491
795 1956
1689 1906
979 2325
985 1822
1379 2346
1186 1951
1512 1723
318 329
931 1420
1626 2223
1014 1017
1984 2028
1767 1953
223 1603
1985 2200
2120 2167
1088 1147
246 613
1359 1429
791 2157
426 844
508 1902
352 1532
1975 2043
1171 1445
789 1638
1030 1187
2050 2087
716 1944
743 958
1764 2195
2218 2286
143 1423
1922 2242
2140 2355
2264 2325
1851 1875
1157 1654
402 1462
1207 1511
1907 2091
194 1437
804 1531
811 1863
711 1051
2288 2375
773 994
2225 2324
1988 2385
980 1136
549 636
765 2266
1090 1573
1122 1238
1694 2154
1138 2378
1516 1634
888 2381
1141 1317
2293 2375
662 2162
636 1928
897 1018
244 968
1873 2298
1668 1907
2177 2186
751 1231
438 1152
997 2223
1692 1970
1253 1889
2120 2173
625 1518
1935 1997
431 2013
1343 1778
186 2122
1587 2008
2330 2348
674 984
934 1042
355 1139
383 1696
1448 1817
567 1046
237 1920
201 1630
2295 2357
1301 1817
1645 2164
2140 2337
2029 2090
2126 2194
1596 2107
2220 2278
1313 2310
2384 2387
1890 2172
427 1313
632 1740
323 459
218 1145
626 1818
2009 2112
1496 1585
1474 2303
2130 2209
1770 2151
267 1851
1188 1637
212 1258
374 949
1985 2346
1806 1825
1540 1695
576 1558
2137 2323
1831 2297
613 1247
2386 2393
719 1086
412 1152
519 1548
103 1152
1456 2081
2118 2272
1749 2346
1699 1750
2174 2228
1652 1914
1904 2104
1136 1324
432 1513
2075 2240
1162 1761
411 1435
755 2281
957 2341
2168 2325
2087 2178
1745 2098
95 2375
289 1498
836 985
1766 1930
1593 2109
2112 2175
2083 2207
2163 2243
1483 2357
654 1114
915 1519
1883 2378
1721 2269
1243 2174
2287 2329
661 968
219 809
763 1395
2236 2368
267 516
477 512
662 2017
2197 2222
1302 2032
1696 2179
168 1958
1901 2356
1388 1716
1112 2385
293 1896
2343 2354
2035 2372
521 1856
2062 2154
932 1036
1543 1811
478 1589
2394 2395
2209 2303
2049 2186
206 519
1387 1606
736 1603
2165 2209
294 1795
110 167
2257 2308
1835 1943
58 1914
1324 2315
912 2384
707 1274
2134 2160
1569 1812
227 894
1410 2397
1234 1958
526 533
72 1865
2062 2323
462 1256
574 1840
2053 2262
398 2055
668 761
2078 2332
1216 2126
1588 1824
1169 1957
2171 2363
167 2018
2138 2277
127 352
1278 1387
653 1138
2009 2368
2108 2264
2242 2395
804 980
569 1225
198 568
532 1310
737 1068
1019 2171
1235 1692
951 1393
1895 2205
2154 2253
263 283
616 1688
2265 2292
1768 2202
2272 2390
1315 1507
1584 1918
647 1608
2059 2315
580 1420
2313 2368
2057 2305
1740 2371
1694 2253
1192 1600
2371 2392
1549 1789
337 675
1921 2301
2079 2254
2218 2308
172 1442
1389 2061
1184 1744
1930 2217
1717 2251
1149 1703
72 1709
1542 1769
1739 1774
174 1102
633 2064
1359 1554
673 2034
1441 2136
1121 1324
966 1895
2071 2209
1431 2349
1025 1285
1602 2072
1274 2253
1297 1961
960 1665
2123 2143
1817 1909
2368 2371
1188 1365
1090 2049
128 522
2242 2309
1913 2078
176 1587
1410 1524
1957 1965
373 1143
295 1581
373 1668
1694 2351
2195 2373
1855 2058
495 1240
1843 2124
720 1600
777 2378
899 1528
322 2326
2328 2342
833 1632
1771 2119
1836 1930
2332 2362
2372 2393
981 1983
671 2042
1247 1505
514 1192
1156 1963
2219 2220
329 552
1687 2164
2128 2184
2070 2120
1275 2169
78 968
1111 1434
1110 1868
1450 1764
950 2218
1139 2145
787 854
1996 2269
2128 2395
1974 2323
2090 2236
415 1212
1830 1874
1994 2301
1860 2064
1520 1800
672 2225
1140 2350
1863 1928
1941 2025
647 2395
1204 1909
2146 2196
173 355
1245 1670
2010 2123
336 601
1560 1976
1367 1490
1561 1855
840 1407
614 1555
1753 2125
1452 1628
109 1570
1341 1385
1433 1945
1527 1856
418 965
1106 1535
338 782
1152 1599
1465 2163
708 1692
602 989
320 1307
1177 1491
1337 1855
701 1458
621 2312
1580 2394
1375 2357
2075 2319
1165 1713
1416 2071
982 1569
216 1999
2132 2218
823 1459
895 1206
1453 2268
1497 1543
1436 2245
1796 2240
620 790
1287 2369
472 1555
2308 2389
1025 1729
2333 2343
702 1216
384 630
1618 1948
1598 1861
657 1046
2341 2382
703 1513
585 1401
1829 1971
241 1582
2183 2297
1778 2325
180 1700
118 1221
140 1287
1585 2046
942 1103
890 1862
1768 2242
449 1515
1638 2187
273 906
2327 2397
1718 2206
1816 2108
771 2112
2272 2367
1337 1774
160 2374
1103 1899
1804 2145
2306 2315
773 1844
1648 1759
2113 2149
1680 2110
34 1489
2081 2376
1584 2397
821 1750
2354 2382
1714 2277
1361 1655
653 2125
1947 2394
1350 1735
1724 2112
2324 2339
1339 1369
144 1449
1884 2161
1031 2234
1918 1965
1619 2198
1840 2134
236 954
1714 2164
1321 2216
546 2371
842 1831
2142 2282
1254 1348
1119 1219
408 1393
370 2285
1325 1375
1139 1900
347 708
664 1723
1277 1955
1097 1147
1685 1796
1532 2232
148 2116
2061 2133
928 1309
1753 2079
2021 2255
1761 1801
1552 2293
2324 2390
1799 2029
2104 2300
601 1121
685 1682
1533 2368
1272 1571
731 2335
842 1517
1516 2055
2295 2322
541 2394
1257 2351
84 2179
827 2030
283 322
495 1426
1941 2182
1995 2110
362 1058
1614 2029
1119 1735
1191 1367
9 2305
1131 1589
1063 1491
1836 1989
1111 2314
2065 2138
1139 1167
1800 2296
788 1781
750 814
1424 2096
905 947
1541 1687
1147 1569
293 2345
1143 2314
1076 1349
593 1144
2034 2063
459 540
1536 2128
1719 2060
1979 2339
1182 2037
676 1098
1227 1341
1171 1905
366 631
1424 2075
1572 2328
2221 2247
1902 1984
309 2294
1375 1972
1994 2206
1156 2191
1911 1940
225 2390
1255 2299
463 1457
692 1200
521 1846
1042 1318
1410 2046
752 1171
71 2209
791 1966
165 1476
983 1553
2047 2361
875 2230
1045 1492
480 1567
982 1983
383 1203
670 2051
1751 1855
963 2194
1158 1917
111 1506
58 2302
774 1207
1261 1641
1227 1230
972 1469
2276 2316
1302 1523
1775 1883
2361 2362
25 577
974 1427
610 1980
2283 2390
1224 2214
211 371
1780 2203
95 1699
2207 2235
1339 2262
2073 2395
711 1731
2286 2370
2234 2396
401 1562
2206 2251
1065 1905
67 614
2092 2096
1688 2197
2017 2304
1741 2184
262 770
118 2043
815 950
2358 2371
125 1043
702 2352
123 1350
465 1665
1331 1827
259 1252
39 853
1007 1033
1996 2244
1712 1749
1479 1509
1429 1708
1505 1668
1035 1653
1116 2150
2385 2395
1164 2150
921 1224
1366 1528
1025 1917
1976 2061
1153 1529
1826 1975
1362 1509
1390 2110
1973 2242
503 2240
1982 2293
1838 2357
446 2367
1556 1895
1526 1838
584 1318
152 1474
1396 1898
1088 1939
2260 2327
883 1648
572 1826
496 1283
1039 2227
132 1579
1335 1770
586 1310
1634 2141
492 1883
1778 1926
2311 2318
529 1882
11 254
1269 1979
2376 2398
2201 2273
1779 2034
1667 2157
1788 1795
373 1125
652 1563
901 2340
1183 2129
1806 1861
31 2020
1558 1614
1861 1957
825 1876
553 1330
1448 2217
615 1708
1826 2026
1586 2131
1782 2389
72 1637
473 2090
236 878
1020 1945
1730 2181
1624 1975
72 575
2007 2324
372 695
982 1378
1720 2317
1468 1897
725 2168
1472 2104
973 1375
992 2379
2107 2150
888 1621
1793 1984
547 1165
1828 2084
133 967
1039 2106
1193 1488
2163 2394
769 2052
2353 2398
653 1463
2294 2322
2061 2324
2351 2359
863 2050
1964 2371
501 2273
326 1337
777 1693
2171 2306
1375 2206
1727 1815
80 773
677 1362
1904 2381
1489 1732
437 2127
731 911
1002 2007
1504 2270
746 1383
559 1023
172 1179
919 1018
1613 1900
1592 1796
1532 2258
954 2249
851 1638
1552 2096
1051 1754
1246 2091
1651 2341
1915 1945
1171 2064
579 1165
2334 2352
1685 2273
2272 2342
1463 2350
1777 2276
2248 2255
720 973
1210 2367
730 1325
145 582
1184 2335
1495 2256
1873 2248
2149 2244
1613 1843
606 2218
1667 2316
1876 2387
827 1391
1497 2121
1371 1665
1279 1542
2299 2345
1436 1542
1057 1219
1491 1637
267 767
195 751
921 999
797 972
2059 2322
1443 2284
627 2324
1118 1162
843 2305
1734 1814
143 862
192 742
1619 1874
2263 2349
196 2267
1483 1909
1842 2294
1145 1628
0 1625
1393 1726
392 1224
1231 1423
1019 1681
570 1464
2356 2365
967 1288
397 2099
256 884
282 615
262 1900
513 787
1753 2088
1388 1719
99 2157
613 1247
285 965
747 995
1667 2056
989 1845
1980 2362
415 1657
807 1156
1303 2107
908 1854
247 979
749 1473
404 922
1309 2224
572 1518
2358 2380
1136 1422
1741 2258
490 1015
1616 1644
23 850
1711 2050
563 2003
631 1459
624 859
141 1157
1891 2203
767 2126
787 1998
1110 1250
1644 2354
1556 1740
320 1388
1754 1986
1107 1755
1688 2319
268 1703
2383 2397
1913 2193
371 825
607 738
1869 1984
1425 1614
215 1437
225 2049
180 873
573 2262
1864 2329
457 1810
737 2399
2356 2390
391 2304
823 1410
1230 1433
1267 1578
1068 1332
2144 2146
1687 1962
1507 1709
1987 2119
932 1444
1479 1950
2288 2367
1393 1543
724 1095
118 786
688 1043
52 1787
1993 2374
2018 2390
1653 2316
121 973
1848 1929
1663 2336
1270 1659
2202 2352
1834 2199
894 1713
684 2173
1049 1311
141 1743
1417 1447
557 1488
1496 1889
902 979
88 683
709 1459
1453 1987
1061 1072
2263 2331
1867 1951
308 735
1226 1488
780 1148
1112 1818
1391 1464
1945 2188
1223 1882
418 1958
2119 2290
1010 1542
1747 2225
287 1954
397 1358
910 1234
1696 1740
244 410
1632 1660
196 1102
2283 2354
34 1447
1285 2160
1123 1535
657 2081
1206 1895
290 808
1453 1802
1995 2029
1070 1112
2327 2378
1314 1942
488 1936
1257 1441
2217 2278
1964 2343
2122 2383
399 444
2211 2272
613 2268
2342 2364
2260 2285
727 1373
2301 2313
212 1440
2062 2277
1156 1296
473 1057
154 1171
7 1643
513 1464
1613 2218
182 491
547 1728
2367 2374
1059 1425
243 1060
172 842
696 1298
2382 2398
964 1332
1465 1651
1564 1800
698 1718
1173 1254
529 1270
1341 1901
1377 2375
1233 1790
2041 2339
2371 2378
406 1713
2201 2368
2289 2390
282 981
1848 2120
1177 1606
2398 2399
1197 2145
2269 2326
269 768
1048 2224
1524 1760
1024 1852
577 1293
624 1924
834 1010
1062 1575
1393 2308
321 572
2296 2338
104 1076
420 1262
1266 1488
1713 1758
1698 2278
537 1599
871 1203
1381 1974
672 1899
1855 2185
2114 2230
1103 1104
911 2155
440 1800
572 1899
763 1311
883 1567
774 2261
132 1429
1770 2335
793 2275
1722 2069
2170 2315
1505 2338
317 321
1975 2233
1024 1446
1422 2128
687 2372
839 2062
1520 1680
483 1786
715 1888
987 1303
527 880
1754 1871
1329 1456
1727 1755
245 323
976 1816
2119 2365
1801 2244
1337 2273
352 1311
2375 2386
1463 1960
2030 2206
1277 1861
88 568
1846 1954
2091 2105
1586 1907
530 1436
299 1792
1077 1577
1275 2185
646 2136
1579 1766
1148 1582
361 436
1235 1488
1163 1181
1279 1813
1325 2082
7 1669
2179 2375
2258 2346
1880 2096
1734 2132
2267 2378
1734 1736
2042 2282
2285 2287
2099 2327
1102 1200
1462 1735
1567 1643
93 248
920 1468
2277 2355
1694 1893
563 1652
1939 2058
200 531
2308 2387
1871 2224
496 572
906 2110
572 2262
2209 2267
1931 2165
647 1256
1764 2170
1845 1848
1357 1905
758 957
1247 1884
2375 2393
2265 2282
2219 2388
1474 2248
154 1617
1804 2059
1607 2117
2349 2360
480 1805
126 524
959 2014
1918 2273
802 1420
1905 1965
34 1174
258 631
2185 2303
1348 2171
57 403
1889 2307
1875 2026
159 927
523 563
1750 2383
2350 2355
1527 2266
760 1598
1413 2365
630 1048
1006 1045
33 621
1365 1465
320 1477
1253 2304
1436 2354
274 489
1905 2024
27 1191
1560 1937
1109 1169
2326 2396
1457 1858
2224 2367
1990 2134
806 1116
724 1884
1124 1383
2182 2391
1498 1951
250 1691
1655 2345
151 679
1488 2197
1902 1966
1402 1438
465 1332
2010 2115
1591 1919
2075 2265
1153 1345
744 2393
160 948
1506 2345
1769 2119
910 1745
1631 1698
2027 2263
531 1667
1670 1802
749 2262
1113 2351
728 1375
1149 1784
1339 1544
1085 1877
617 1998
1862 2150
1879 2177
300 604
1076 1193
1135 2072
1019 1378
1814 2049
656 1860
2098 2223
265 861
563 1655
2325 2363
1775 2031
763 1856
1434 1872
1547 2324
100 1540
498 849
1085 2190
1499 1879
1285 1672
1838 2185
351 638
1879 2023
2269 2296
637 750
1127 1472
2299 2316
1334 2169
421 2159
880 996
1582 2280
369 2305
1074 2037
728 2288
1056 2070
629 899
498 1473
209 1018
2020 2119
2094 2305
2188 2339
865 1413
419 772
1703 2209
2361 2368
1937 2348
1118 2396
687 998
2033 2110
2224 2359
1861 1898
1610 2000
1721 2334
527 2321
1674 1798
120 1662
1712 1980
2353 2380
1410 2207
816 1078
416 1709
1071 1508
942 1884
181 556
741 874
900 2089
2361 2367
1750 1802
385 744
1842 2218
552 863
1516 1887
2228 2321
1394 2236
1385 1499
2153 2157
1654 2016
914 999
681 969
1586 2281
1970 1976
579 891
966 1882
165 1092
2286 2301
2230 2396
1783 2203
450 2029
2316 2372
795 1624
1948 2135
1247 1454
321 1594
506 620
1495 1592
2083 2368
1052 1953
2280 2382
1 1019
1337 2261
680 1604
2187 2246
2329 2336
2266 2398
20 1119
1382 1819
969 1939
85 1572
1772 2253
126 312
1122 1328
962 1116
1084 2394
569 1470
598 2073
1536 2157
1289 1755
2007 2321
2040 2216
1642 2361
747 1390
140 1545
2192 2264
852 922
472 2209
989 2356
2348 2372
1620 1798
457 521
1183 1325
1193 1194
54 496
1461 1888
2280 2282
1685 2015
1355 1768
2111 2260
1965 2094
1907 2249
68 551
2359 2386
2309 2330
1510 2177
849 1866
1997 2393
1083 1601
518 2145
1913 2138
1126 2298
100 1801
1642 2133
1831 2252
1207 1563
916 1111
869 873
2391 2399
533 1132
1603 1734
1547 1738
787 1440
2081 2178
230 1017
2213 2351
1400 1403
929 968
432 1106
1110 2060
2090 2245
1634 2187
2315 2316
1687 1996
827 1982
1283 2181
810 1503
1517 2063
598 1723
2139 2286
1391 2121
1131 2190
662 1825
288 1601
1527 2100
823 990
667 970
1670 1995
726 2048
238 704
1030 1472
602 1216
2049 2295
1849 2305
1618 2036
884 2139
1643 2373
1232 1515
285 1128
175 2399
719 1670
680 764
358 1032
709 1668
804 1988
590 1139
9 1891
1497 2087
1926 2274
91 648
2214 2219
633 2133
1478 2023
23 87
215 2029
237 1664
300 494
443 1171
1316 1474
1994 2053
791 1955
1916 1926
1699 2359
576 752
353 1823
368 1427
1710 2038
1857 2315
883 2096
1760 2028
1824 2062
634 1610
2130 2278
1791 2259
1587 2050
769 2300
1319 1409
109 1690
540 2140
1780 2330
305 1154
105 457
824 2153
271 1283
2168 2348
1594 2224
1081 1843
1025 2213
1144 1743
240 803
2391 2394
2008 2342
2013 2069
209 1341
1960 2397
1451 1633
842 1695
136 1242
6 869
148 433
163 487
2075 2210
520 1528
1065 1905
811 840
393 1345
434 1603
2316 2367
1850 1980
1561 1843
14 2300
136 1714
1523 2084
1214 1612
621 1578
164 1708
5 1165
616 2040
1899 2376
818 967
1080 2256
1051 1999
581 2386
625 2282
898 2238
914 1772
764 1497
92 235
838 2396
337 2203
98 1905
1491 2101
1457 1491
1699 1874
70 101
1178 1527
2254 2337
1709 2357
1555 1698
1849 2105
1787 2181
291 1039
6 2252
1955 2004
77 1015
1479 1533
2309 2342
1558 1797
2035 2187
1655 2006
2268 2288
87 1731
967 1978
1656 2046
785 2153
1319 1419
610 1257
834 1843
1527 1934
2327 2367
802 1675
899 2363
2252 2318
530 1683
1050 2205
581 1381
1913 2152
34 463
1714 1883
1273 2166
1886 2012
2243 2256
1511 1760
129 584
2103 2380
1664 2280
943 1583
93 1906
1664 2064
1050 1307
866 2163
827 1274
1392 2060
1330 1921
1668 2014
365 2203
111 1312
658 1760
2324 2329
1202 1843
672 2369
1945 2220
2079 2229
920 2021
66 1783
1442 1808
1119 1281
1008 1549
890 2327
1871 2029
1005 1360
1454 2212
409 1384
664 1977
691 1964
1347 1984
1805 2002
1825 1841
595 1060
2346 2386
773 2138
213 1917
1648 2079
1833 1975
1104 1955
678 1757
1786 2245
2120 2214
243 1870
746 855
1656 1709
207 1339
1327 1918
756 2238
2014 2143
1015 1919
1118 1967
1647 1679
2077 2303
1400 2111
1946 2004
698 1019
2323 2348
2293 2325
642 1836
1550 1811
82 1880
137 2266
2326 2334
601 2383
2347 2389
565 1070
814 1570
1440 1507
514 989
2313 2356
336 972
1810 2077
1269 1514
234 1433
1628 2168
2393 2395
1012 1129
1385 1795
449 1900
600 1623
1885 2143
1 1880
1019 1659
1856 2207
1604 2050
1960 2301
1994 2098
1112 2257
2033 2346
2216 2241
1407 2209
1143 1881
2016 2363
1964 2121
747 2024
1067 1476
2373 2388
80 234
1060 1972
2126 2186
2192 2231
1276 1474
316 430
1353 2258
1310 1496
909 1295
824 1915
135 1421
1852 2262
1156 2127
716 1095
408 1880
2257 2277
1426 2037
1067 1312
1969 2227
331 1525
2323 2356
2047 2284
2297 2333
311 989
2277 2347
2316 2376
624 2015
1192 2119
1263 1481
1590 2268
1269 1690
2056 2342
362 2327
2280 2377
2341 2367
1840 1924
829 1532
448 915
1414 1551
550 1661
1588 1800
132 1280
809 1072
798 2113
2241 2307
278 1246
1617 1902
1473 1484
1640 2029
1297 1990
508 1904
1887 2281
1813 2311
452 2365
2281 2379
701 1475
699 2124
318 2378
479 996
582 1839
1364 1812
1549 1916
2153 2233
1005 1969
2031 2277
1147 2137
393 550
841 2281
1451 2094
1308 2395
371 1964
806 1336
65 1911
1891 2159
1589 1599
1717 1848
1363 1740
1630 1951
2238 2350
448 1903
523 1071
2323 2366
2349 2369
811 1345
837 964
1639 1854
73 1189
374 599
467 2181
216 628
261 1527
1631 1635
1190 1400
899 1912
585 1453
1193 1217
2113 2394
631 2333
1517 1819
2049 2291
1915 2364
1939 2102
2376 2383
245 827
2212 2394
1147 1606
1124 1125
1643 1673
1281 1504
1163 2235
434 1604
929 2167
576 1866
1813 2014
338 1552
2378 2384
582 987
2351 2361
936 1411
1094 2133
2088 2229
2210 2270
2282 2375
2317 2394
1022 1857
420 1073
301 2387
990 1086
497 566
202 1447
1646 2263
181 1345
1523 2019
1824 1855
399 1910
129 1186
529 1494
2136 2221
1009 2068
225 1106
305 604
235 1930
23 1945
94 1837
1049 1481
500 825
1595 1734
719 2056
2213 2221
1778 2085
358 1586
60 1365
609 634
1794 2359
42 2145
2398 2399
1739 1966
1797 2398
1150 2303
1898 2079
621 1919
1229 1355
663 1567
2074 2311
266 709
778 1097
713 1437
197 1410
2049 2085
2343 2360
298 2126
676 1593
1695 2121
1338 1365
254 1443
222 2385
807 2227
1285 2143
1768 2372
815 1443
355 1023
1622 1875
691 2335
1071 1774
560 1445
1133 2343
93 1005
2068 2110
2017 2110
733 2191
1004 1487
2388 2398
1654 1757
997 1076
2012 2192
54 207
859 1643
2341 2393
1299 2303
376 2175
278 842
1224 1242
1603 1951
218 1221
1798 2173
560 1418
1902 2302
1091 1926
1469 1625
2239 2328
753 1407
856 1583
888 2152
2390 2397
543 2291
1196 1887
348 1069
311 955
1464 1695
1750 2231
984 1092
785 2365
22 303
2000 2356
239 883
2280 2389
2128 2340
1619 2371
1469 2161
288 1175
1781 1831
800 984
546 967
403 456
190 2248
1224 1494
1256 1293
739 1219
30 1263
246 532
83 2125
697 1601
283 1694
434 471
2247 2279
1691 2260
807 1939
2107 2112
236 741
2134 2176
137 1841
2228 2291
770 1652
1452 1495
1965 2152
1039 1921
1671 2080
779 2061
1842 1942
2188 2383
387 821
160 573
822 978
103 413
874 1278
632 1143
261 525
1073 1223
927 1657
1339 1681
312 1900
1994 2282
1272 2029
852 1023
2295 2363
1075 2142
2199 2364
1111 1853
226 1811
554 1681
1329 1665
1611 1616
2261 2324
2205 2266
1809 2092
1400 1610
1441 2310
430 2131
606 2316
1272 1523
842 1365
1805 2365
1338 2162
819 1408
1424 2145
2041 2346
1987 2208
212 519
1884 2305
2264 2398
2090 2383
2202 2249
1570 1925
1077 1352
2082 2095
1288 1430
1525 2335
1454 1526
140 1022
2300 2302
474 1397
719 2269
1322 1935
1299 1592
1645 2074
2214 2331
1967 2253
774 1661
2242 2252
820 1250
2069 2333
1275 1369
1649 2017
855 1311
1130 1506
991 1259
965 2265
2382 2389
374 1597
495 1409
1862 2232
110 1281
979 1619
1633 1718
1119 1853
1850 2360
1144 1386
1949 2028
43 2003
2125 2252
1286 1508
1696 2261
2308 2341
2066 2105
2138 2217
1017 1278
757 2252
10 904
846 995
1006 2208
1167 1304
1454 2313
1958 2366
583 2086
2271 2311
996 1518
25 424
2177 2390
2283 2303
135 1856
460 2159
2138 2204
2053 2399
641 1985
792 1419
1935 2230
1497 1802
187 1647
2120 2250
245 1590
864 2152
514 604
1583 1972
1563 2285
2009 2090
712 1534
1037 1998
1394 1963
21 2061
660 1914
1120 2399
951 1505
976 1537
2263 2266
1451 1774
346 530
1624 2307
284 1449
2339 2361
1828 2289
1508 1647
1028 1595
1101 1568
419 511
1240 2173
866 1242
408 2061
490 1577
1574 2111
24 1299
1073 1644
1476 2222
2277 2398
675 2345
72 1233
2116 2178
1368 2103
1471 2163
59 1372
2155 2259
605 1660
558 823
608 1245
1262 1437
1209 1678
145 240
101 1614
1171 1938
2344 2370
2253 2330
1405 2187
853 2271
561 1325
2152 2341
757 2290
2058 2283
64 1243
1323 1805
1787 1931
2326 2367
1151 2318
690 1971
504 1564
1500 1509
493 998
886 2253
1587 2040
1585 2050
1138 1857
1014 1180
1346 1855
1897 2018
1148 1623
1692 1809
1469 1658
1548 1704
2137 2322
418 1006
442 1271
426 1708
1614 1651
2101 2225
27 611
179 822
2351 2372
833 1695
1762 2030
1150 2193
2290 2333
503 1604
1324 1546
1770 2193
1828 2217
2047 2237
921 1554
568 1729
1320 1633
1568 1928
2171 2206
533 1432
1587 1859
540 1025
2384 2391
1366 1631
317 705
659 2119
827 1973
1751 2051
2183 2202
1369 2263
1712 1868
560 2016
2190 2336
342 2253
1980 2247
866 966
331 2017
667 805
2124 2395
584 1077
1933 2242
1618 1933
634 825
2011 2226
983 1770
393 1963
1070 1613
2195 2343
1029 2341
1918 2276
1923 2275
108 1351
1370 2035
2311 2366
1513 2011
639 1059
1748 1839
1939 1942
2164 2172
1476 2077
465 2192
2259 2357
1829 1962
954 1478
1426 1642
393 475
1111 2363
1683 2387
247 1230
212 1938
2391 2398
1776 1859
328 1535
845 2342
1681 2324
2179 2361
2080 2239
1038 1521
524 1419
774 1912
1838 1892
431 966
1036 1755
978 1680
684 943
531 1119
2174 2394
1377 1817
402 1156
1522 2197
1385 2252
1605 1995
425 1823
1672 2028
514 1005
2101 2267
488 1214
2011 2386
219 1075
1003 1292
301 388
1196 1955
2018 2037
2301 2334
257 1849
1848 2291
1791 1929
1490 1702
1645 1999
2 1488
108 1278
686 711
2178 2198
1296 1635
54 1969
560 1880
728 2098
892 1754
1430 2080
629 2090
98 1250
779 2073
769 2060
1811 2329
2186 2323
1345 1786
284 333
2020 2397
381 631
2305 2378
2355 2397
977 1831
735 2390
231 2341
1269 1874
1001 1868
15 88
644 1991
185 410
1316 1678
127 333
1164 1507
1061 1082
1290 1547
2385 2395
1545 1810
1695 1865
169 2236
2254 2306
1622 2076
2392 2395
905 1826
2098 2339
1056 1169
61 1175
2371 2397
1152 1468
1892 2280
1779 2100
1821 2093
184 410
2184 2379
714 1214
1647 2389
1350 1587
1618 2332
1403 2308
2225 2275
154 2072
743 1449
352 1320
2362 2371
1930 2330
587 2340
1299 1999
221 1219
1139 2333
1254 2052
1311 1515
1662 1723
861 2315
1265 1944
2150 2396
129 1692
2394 2396
1385 1705
206 2360
661 1328
179 959
847 977
2129 2220
377 1895
442 547
1123 2137
502 842
914 1839
899 1676
460 768
1508 2005
756 1052
116 2184
182 1708
1628 2384
1702 1730
472 2175
1466 1773
1967 2248
204 854
965 1921
62 136
1303 2179
1962 2147
1709 2346
1129 1818
821 935
733 1145
1727 1861
1256 2328
260 1989
1616 1851
1182 2252
2193 2302
1690 1852
840 895
842 900
1445 2215
283 1366
835 965
31 379
847 1699
133 982
2224 2284
801 1791
99 881
2166 2314
582 1783
1153 1903
621 952
2285 2347
949 1346
891 2133
14 1032
199 449
1501 2054
223 992
1229 1716
841 2155
232 1192
1063 1429
137 679
1707 2269
783 1062
1490 2149
1386 2070
236 2172
713 1794
1365 1913
1669 2069
9 2188
203 1675
1276 1408
1996 2249
1527 1613
2247 2390
1005 2266
340 1661
664 2325
34 733
2278 2329
92 616
1899 1947
143 1813
138 1592
1845 2168
854 1422
1769 2149
1015 2218
175 711
1029 1997
910 2097
1816 1948
1661 1667
1169 1413
985 1078
1268 1915
708 984
1066 2387
205 682
988 2073
1424 1428
1757 2282
2259 2375
2157 2183
629 845
1459 2327
1451 1945
969 1702
1424 2350
781 2153
1282 1995
1425 1957
1391 2273
359 2344
765 1774
1759 1760
2041 2366
1736 1907
349 759
1180 1697
2091 2132
1703 1772
164 1913
1921 2291
1703 1814
936 1814
15 1120
1676 2249
1681 1878
2202 2291
1673 2233
1822 2058
1365 2167
1588 2397
1451 2286
1822 2200
1302 1630
1246 1901
0 770
631 766
1605 2145
679 987
2386 2389
526 660
532 1239
1639 1947
2281 2328
1769 1926
922 1685
127 1788
226 772
2224 2256
2302 2362
1691 1984
418 974
1049 1226
2 1537
2264 2308
1846 2296
2070 2125
997 1389
2305 2390
161 1698
27 84
1084 1196
477 2290
546 930
1511 2002
1002 2338
180 1273
1203 2192
970 1575
572 1550
2001 2121
418 2181
1257 1592
63 756
631 1192
1749 2266
144 1513
1472 1741
6 1309
686 2211
357 1298
1688 2320
105 1320
2069 2177
489 1520
2038 2082
527 1510
145 1739
758 1512
1569 2181
1668 2278
1081 1503
2142 2245
2057 2382
1952 2168
1202 1428
2220 2293
856 2190
976 1720
2268 2307
447 643
1538 1669
6 1418
2295 2336
716 2323
279 1894
2262 2350
818 1367
174 1895
2084 2326
2235 2395
1995 2200
620 1057
2125 2246
1924 2135
2388 2398
979 1514
2025 2359
1486 1837
495 1305
1237 2309
2245 2301
1518 1886
2147 2324
2198 2207
2132 2262
839 1830
869 1001
1780 2032
2133 2311
1973 2066
1723 2349
168 883
355 1307
1189 1842
1990 2306
627 1423
1502 2279
1772 2198
1415 1909
1251 2100
347 2065
680 1548
2073 2268
972 1447
664 968
1956 2388
1478 2168
1559 2231
1425 1704
2240 2380
2102 2396
728 1384
254 1707
842 1279
2012 2039
1463 2075
1468 2375
1119 2220
1564 2341
1856 1970
171 836
1594 1807
718 2153
2129 2188
185 1630
801 1230
760 2124
15 1800
645 1268
54 1921
1372 2267
2041 2167
378 2356
162 1182
225 1713
2242 2258
1564 2264
1038 1056
555 651
2005 2123
2124 2206
1324 1901
1023 1717
1404 2325
1129 1628
1871 2236
51 192
117 1946
2049 2136
1644 2187
1389 2299
98 1200
956 2123
337 1608
1079 2265
1759 1892
813 1701
2238 2383
915 1127
1785 2152
917 2072
923 1584
1514 2110
1451 2326
846 1533
1175 1314
1569 2034
788 824
1078 2239
1398 1426
1331 1704
304 1072
2336 2365
263 1665
2042 2151
1522 1926
150 873
1080 1790
398 1132
39 493
614 1740
1803 2366
672 2279
915 1834
454 647
2251 2316
1222 2124
757 1417
732 1367
809 2021
1900 2045
2018 2235
1791 2173
260 2039
1060 1443
2389 2392
94 1629
1676 2055
985 2182
1843 2374
74 1496
2255 2350
483 967
1267 1974
790 1963
223 1264
2142 2217
81 1960
455 857
1709 1720
1468 1754
1080 2335
753 1293
1436 1534
1699 2173
203 309
994 1015
327 1579
1173 2327
2262 2266
1048 1588
889 1963
1025 1642
749 1150
2095 2106
1460 1584
1717 1968
186 1989
1544 1658
2366 2373
560 1453
1619 1692
1439 1714
172 1446
1623 2325
627 1110
847 2259
2192 2367
2154 2215
1325 1531
297 617
2168 2272
2272 2328
2013 2269
2060 2133
1501 2380
1881 2309
1145 1346
1217 1753
946 2171
715 2394
297 1605
2137 2186
703 920
1776 1809
1058 1743
593 646
2007 2272
1703 2134
2090 2105
2233 2385
693 1039
2104 2236
817 1399
489 1551
466 1012
399 937
618 1854
461 1444
1854 2105
27 1010
2018 2203
969 1657
1524 1762
906 991
1833 1928
1614 1728
216 1882
53 1991
1536 1942
622 1980
296 1320
1389 1652
1093 1132
626 2274
875 2073
1132 2082
853 2045
1253 2175
712 1019
1220 1866
1527 1869
23 1058
740 1103
1206 2306
2111 2273
1364 1440
1749 2097
643 920
1897 2358
894 1373
1140 2209
2307 2384
2130 2291
1027 1176
1711 2133
631 1001
1724 2221
547 1514
1870 1954
1046 1330
184 724
137 350
2220 2381
2041 2173
2377 2393
174 1135
608 905
2054 2350
2154 2285
451 2374
1668 2226
1473 2370
2197 2358
730 2285
1008 2000
387 991
724 1479
1262 2346
1561 2282
60 1583
1735 2163
916 1175
901 1266
2354 2370
2326 2387
433 1628
1246 1844
2226 2330
117 1800
107 1429
805 1724
2204 2372
2014 2179
879 2299
18 2333
627 1028
2085 2326
268 1013
850 1874
243 771
1883 2264
448 866
1312 2085
381 2286
513 1487
728 1541
927 1233
2098 2393
445 1570
1805 1844
1873 2185
196 474
501 994
890 1536
1874 2124
2079 2217
2067 2322
2178 2294
828 2046
630 2107
870 2343
435 636
26 1247
549 1569
1102 2137
2091 2160
2119 2208
1165 1683
1829 2246
2050 2378
243 1877
9 1192
1741 1838
2352 2381
2174 2263
143 1500
1915 1949
1897 2326
827 1992
91 2332
1242 2393
698 939
949 1309
1138 1552
81 2078
1963 2032
1962 2240
1925 2188
847 904
2225 2296
837 1983
2307 2339
959 1864
438 1229
569 2189
264 322
1553 2153
1322 2147
2051 2389
1340 2168
228 474
1246 2293
1735 1745
19 1420
413 1778
237 2075
132 411
779 2202
2286 2344
2012 2202
2238 2305
646 2237
1482 2083
1687 2262
269 1329
1256 2291
1752 2167
1576 2019
581 2038
1212 1247
139 1553
134 876
1930 1995
2066 2298
1225 1868
744 757
718 1140
510 2339
738 865
971 1196
331 2347
836 2234
1380 1594
1459 2080
677 1190
188 1239
2032 2127
688 1254
763 2168
1910 1957
2096 2114
2268 2303
897 1197
924 1235
2106 2251
397 1283
130 1668
909 1997
1612 1898
444 1780
1720 1876
1125 2243
2033 2046
1203 2308
769 1093
1452 2332
1460 1489
188 253
762 1945
699 1346
800 2168
1863 2396
2244 2352
1174 1877
402 2343
847 855
1264 2059
404 1998
563 2398
1906 2167
811 1827
48 1727
16 1668
332 1668
812 1983
2376 2378
305 453
534 2103
822 1760
1202 2140
248 879
658 1145
157 2317
34 2053
966 1944
1291 1894
17 1258
1370 1852
1787 2394
177 1262
2041 2208
469 2187
39 187
2360 2388
720 2387
1021 1116
1653 1943
821 1805
2033 2109
35 1713
915 1886
1092 1872
1121 1726
630 776
23 2178
820 1670
275 1261
2112 2227
1843 2308
285 1248
2008 2312
2269 2341
1950 2015
85 2354
2258 2337
335 1580
1746 2037
1940 2019
219 1982
1053 1656
2313 2373
954 2212
266 1767
2 1461
1075 1230
589 1040
2307 2365
1812 1923
930 2306
578 590
901 1361
858 1339
699 1394
1716 2236
2300 2374
2290 2346
449 1370
1749 2094
139 2323
125 1736
1359 1523
728 1987
1694 1919
254 1279
1012 1635
1442 1718
396 1003
2313 2380
1915 2027
1840 2165
436 2050
2091 2302
1913 2233
171 1266
1985 2138
587 2233
1993 2241
1732 1967
261 860
2114 2129
1459 1464
1518 1538
2057 2270
740 2214
335 1838
1902 2349
1096 1604
1075 1586
496 828
2020 2052
2025 2095
424 2351
903 2190
56 1063
1827 2362
1369 1740
2302 2341
122 790
2396 2398
798 1902
1956 2111
937 2124
1951 2099
1 1526
121 998
165 1204
914 1225
1516 1695
2311 2327
826 1927
319 1712
1796 2104
2295 2313
837 2371
789 2127
2001 2343
610 624
324 394
611 850
1733 2048
650 1942
98 1486
2004 2052
87 1674
2391 2394
538 1110
655 2069
1098 1391
210 2008
1062 1774
102 1550
64 165
1849 2022
1268 1851
1838 1964
883 1833
1265 2322
2325 2350
1370 2289
491 750
762 2157
1502 1561
1179 1237
1814 2201
940 1497
931 1714
1023 1206
61 1400
595 1164
2366 2398
2080 2187
1744 2285
1414 1461
870 2161
2184 2389
1795 2033
1601 1894
1400 2127
528 1754
1246 1836
987 2195
2358 2364
1844 1910
1840 2183
1092 2262
2096 2318
1703 1826
1548 2343
1768 2374
1354 1828
841 1971
275 1192
602 1177
2160 2242
2076 2199
1781 2032
1103 2352
749 1589
1894 2164
840 877
2204 2211
1828 2339
529 931
377 833
729 2298
89 2029
2222 2340
1866 1902
2378 2393
753 1718
1638 2147
544 875
1104 1792
2341 2365
416 1730
428 644
646 1185
545 2321
1871 2052
388 716
1324 1384
1855 2249
1985 2163
125 1399
34 2325
2089 2203
278 1347
734 1346
2330 2363
2252 2313
1908 2335
2376 2386
1506 1791
1289 1862
702 981
929 1741
492 1253
313 585
291 1423
2199 2287
2051 2145
1061 1828
59 1322
290 1524
2193 2378
183 1953
2125 2255
908 2097
1972 2349
1332 1747
1089 1748
2126 2395
343 1144
1575 2399
1811 1850
645 1820
2113 2155
1875 1911
2048 2050
948 1703
2382 2391
1566 1708
924 1471
29 492
2291 2363
415 804
963 1279
1607 2301
1387 1580
1093 2056
1592 2243
900 1107
255 1197
1711 1806
2060 2313
353 760
2392 2397
802 1156
1770 2361
2069 2188
755 1111
1590 1806
148 374
56 1486
2158 2398
603 2210
1109 2105
1387 1762
2151 2346
911 1948
1111 2062
457 927
664 1638
1181 2158
1297 2054
2313 2385
1949 2300
1697 1858
1392 1442
329 1324
0 1722
323 499
2323 2365
1242 1490
511 518
1054 1075
1146 1264
639 1781
307 919
2030 2372
713 1823
1604 1952
1755 2176
2015 2030
961 1985
1400 1903
1865 2167
29 1970
1780 2364
746 1255
643 1270
797 1587
1880 2247
283 949
372 1900
952 2378
1280 1681
2278 2376
480 824
2178 2217
1891 2069
2238 2358
247 1775
1020 2381
2395 2396
1697 1825
483 1014
1169 2339
1772 2007
866 1856
1737 2154
929 1432
2031 2351
2038 2394
730 793
1089 1389
788 1950
1761 2056
1931 2238
2099 2342
888 1956
2138 2335
1649 2323
2251 2383
875 1533
1559 1951
1342 1446
501 1280
2346 2359
383 1786
566 2174
1429 2221
1700 2305
1494 1830
697 1484
488 2269
421 1659
651 1101
524 641
112 1147
2193 2288
1050 2323
1849 1877
380 1518
794 1953
940 2206
269 1851
2016 2237
1527 2288
289 1257
1237 1417
1122 2255
1400 2017
1310 1360
741 1697
1121 1502
157 197
566 1333
1208 1346
1584 1873
1601 2375
815 1036
2346 2373
991 2119
1282 2213
1774 2238
1396 2108
120 635
2187 2276
280 1544
1358 1431
494 900
2380 2386
265 1084
1692 2104
385 468
2219 2267
1812 2218
1943 1990
1956 2319
530 1974
1085 2163
71 1067
1797 2170
422 507
1884 2290
1992 2275
282 830
1369 1726
448 1924
843 907
741 929
2102 2249
2221 2266
1327 1886
1412 1449
855 1586
1873 2303
984 1520
1095 1387
2259 2292
1862 2393
834 1946
2323 2374
1457 1940
934 1930
207 2146
839 1959
966 1842
1347 2089
740 1813
1948 2200
1698 2254
1813 1933
2178 2385
1510 1942
163 1352
2103 2292
1678 1772
256 730
136 174
1250 1751
1700 2174
1023 1173
2276 2309
1002 2096
2151 2250
2286 2310
1253 1305
1614 1840
1323 2372
1241 1729
681 2188
2225 2261
969 1182
1351 1622
1013 1068
591 852
82 2123
656 798
1858 2038
1305 1660
1370 2336
348 1407
1693 2162
1707 1971
370 1171
1692 1700
349 2299
1376 1953
2309 2397
1711 2341
2329 2362
1417 2327
674 1875
437 1378
1244 2340
638 1383
1877 2297
1878 2095
1085 1535
36 1226
1222 1285
127 192
351 1043
1286 2227
1744 1760
956 2248
1954 2246
774 1814
394 2340
345 1551
596 1143
1546 2320
145 1906
1773 1980
1630 2138
341 578
759 1972
703 1696
971 2139
1581 2318
1332 1729
1470 1946
1471 2240
2061 2330
1636 2175
714 1108
2009 2104
2393 2397
1981 1982
154 1420
582 1052
710 950
2051 2163
1281 2017
1928 2284
1490 2024
724 1848
692 2211
24 1307
1384 1707
1480 1829
506 1448
299 420
936 1122
1881 2262
314 2062
1503 1860
673 829
2152 2285
980 1734
943 1675
1056 1791
1739 1876
1617 2140
785 1188
1457 1462
902 2106
326 1916
2220 2236
1635 1953
1033 2225
614 1317
959 1021
530 785
880 2123
721 1620
1805 1887
1543 2140
1047 1683
1133 1328
1220 2179
575 1158
561 1802
1028 2214
2372 2388
1360 1851
1149 2087
2279 2374
1652 1985
1205 1982
537 1599
1327 2277
225 980
898 2375
180 2087
113 645
1576 1775
1877 2379
1754 2101
1048 1474
1539 2126
755 863
92 714
334 2326
869 1656
1601 2158
1085 1128
184 2299
27 945
59 1957
2075 2340
1434 1708
1546 2099
2119 2316
3 1217
2178 2185
82 1869
438 848
1804 2140
2022 2291
220 757
22 268
1009 1625
1079 1238
683 1484
1515 2047
167 426
1287 1782
1552 1728
1521 2234
1714 1783
1602 2067
1796 2309
2060 2080
773 1338
2386 2398
1939 2269
1087 2163
1671 1722
614 1762
1650 1785
1491 1784
1960 2373
1611 2264
2227 2369
1897 2101
346 2200
18 975
2019 2332
1752 2285
1630 2113
1293 1336
5 1255
352 2245
504 2364
964 2227
1607 1776
1567 1738
1602 1978
1060 2126
2137 2269
333 2232
859 1241
801 1825
1382 2025
919 1023
451 948
886 1142
1053 1867
1247 1411
525 1747
2018 2129
468 1535
775 2066
2095 2105
2266 2390
439 2155
2260 2333
1597 1704
1267 1538
1851 1946
134 1721
456 1887
1630 1845
100 801
2021 2343
2318 2386
1485 1922
370 1184
1908 1912
1357 2079
1246 2196
612 1619
933 1705
1712 2350
982 1373
1582 1786
834 1762
1738 2147
1194 2083
889 1801
1495 2253
296 1997
1561 2367
1378 2013
273 1149
676 1147
1878 2011
1140 1204
1507 1522
1614 2347
2123 2285
831 1005
1293 1535
217 668
1134 2089
185 1254
1590 1849
221 2223
1975 2357
179 975
1902 2167
222 1037
1353 2302
56 1803
1459 2298
1356 1755
1758 2340
369 432
800 1584
2260 2292
402 689
1568 1720
1861 2338
245 351
1596 1968
291 415
989 1955
972 1941
1913 2348
8 510
2075 2283
424 2302
1738 2173
1705 2073
928 1632
1667 2142
271 2253
1921 2260
2018 2339
1593 2146
389 1563
80 2021
1195 2026
1683 1906
1905 1958
438 1412
1061 1098
296 1263
882 1212
2162 2274
983 1102
1964 2278
894 1032
1828 2241
2013 2150
1964 2049
1977 2190
1893 2243
947 2081
672 2270
2343 2392
1849 2093
1393 1430
1992 2114
829 2331
2235 2386
1751 1990
2240 2391
28 718
1879 1882
1003 1055
1343 1960
547 1069
145 602
629 2025
655 849
2028 2188
1195 2116
2143 2263
1998 2244
163 1229
1793 2360
657 804
295 313
1053 1401
866 2106
158 2209
990 1862
701 2121
582 1287
2182 2227
1570 2134
151 794
147 697
1089 1136
757 2074
169 1163
1724 1832
1181 2011
154 1470
1530 1543
719 1202
46 134
1627 1674
125 1254
882 1722
1389 1877
2079 2215
1389 2355
113 1603
514 1568
757 2215
2119 2357
1656 2119
894 2310
1262 2332
1034 1830
883 1702
1030 1336
1141 1591
1592 1618
821 1857
927 2229
1084 2025
1407 1733
1292 2016
1628 2084
3 1893
968 1347
1904 2224
1372 2381
2066 2089
1176 1780
1899 2247
2196 2228
2369 2398
920 1047
989 1995
1741 1862
1444 2170
1172 2180
507 715
1753 2069
228 2274
1338 1620
2316 2396
1512 2104
858 1329
42 1178
2361 2370
596 977
1132 2283
1147 2228
1854 2082
1614 2390
165 1019
1248 2094
1495 1622
2116 2289
953 1377
2380 2394
513 1168
2323 2390
1808 1991
1665 1993
1506 1799
1301 1344
6 1934
1413 1614
1795 2183
781 1119
780 2015
195 1692
700 1207
2003 2274
665 1148
1703 1793
234 656
1140 1849
309 1677
1515 1569
397 427
1863 1946
297 316
458 2122
281 1749
2027 2091
1813 1956
87 101
2017 2025
2368 2382
995 1047
2117 2205
721 1999
898 1581
624 1891
553 753
1123 1218
2357 2371
1774 2192
1247 1264
1202 1360
1351 1863
591 2009
129 641
2189 2347
2161 2169
897 1576
1143 2286
953 2087
1198 1336
96 1437
212 1107
972 1789
181 1805
1019 1518
206 710
1361 1802
1946 2267
1573 1611
620 1013
1530 2398
1693 1773
560 955
2099 2135
541 932
1715 2011
1685 1949
655 2245
257 2254
1357 2257
1479 2062
792 2048
718 923
1593 2320
1647 1902
596 1234
2155 2189
1194 1987
154 1579
2293 2371
2263 2385
929 1159
1412 2175
1594 2244
1089 1225
1643 2194
1827 2040
1215 1611
2195 2200
1680 2157
279 1542
2243 2372
2303 2398
1943 2356
718 1907
1286 2149
478 709
394 1749
155 1267
1593 1901
1025 2229
1049 1603
2360 2395
1806 2165
819 1125
1285 1715
696 1429
177 388
601 862
1001 1041
1029 1484
1807 2349
1969 2300
1188 1287
1560 2280
701 1092
48 587
562 1094
1276 1527
1644 1872
828 832
1703 1877
2304 2322
1449 2252
761 2224
127 498
1875 2198
1557 1871
1482 1775
1448 2173
1500 1784
1229 2387
1992 2036
1792 2110
1472 2173
435 437
2161 2374
1189 1803
1297 1329
1310 1962
2262 2329
706 2286
1905 2278
2039 2336
48 997
1707 1936
437 694
2151 2392
581 2324
114 2147
1197 2364
2113 2263
438 937
593 1496
2148 2185
439 2013
1096 1375
1250 2003
1602 2367
2312 2391
47 1767
109 310
939 1189
983 2049
232 273
1892 1907
1964 2052
1244 2069
1959 2096
768 954
2099 2379
2320 2355
2389 2396
506 1219
1726 2230
554 2269
237 844
643 1403
1721 1954
397 1488
2315 2357
1609 2341
386 559
1547 2380
617 1643
885 1230
1679 1775
2127 2260
2014 2244
1525 1655
1082 1809
1756 1934
1539 2248
2032 2258
1982 2310
293 1455
1759 2248
266 1850
1640 1928
31 220
594 1084
954 1914
1074 2284
515 1165
1207 1706
2177 2305
244 956
1609 1992
2368 2383
848 1612
1144 1878
717 1085
1528 1651
1701 2307
1673 1751
461 1594
182 1026
1587 1918
1293 1740
2161 2326
553 2077
1809 2082
344 743
2113 2264
1104 1605
1707 1742
448 1954
524 657
1832 2070
1375 1709
632 1467
1637 2016
978 1983
1638 1945
1211 1450
778 1745
2282 2383
727 1086
1342 1484
1852 2003
568 1098
1236 1599
1912 2271
124 1248
1603 2005
1083 1906
1795 2350
1795 1953
1836 2160
1429 2273
985 1187
2096 2321
1013 1935
1427 1950
2155 2277
2300 2310
1593 1774
2387 2393
19 298
1206 2001
746 1827
2112 2327
2190 2273
983 1461
177 997
1874 2013
1342 1476
1700 2053
1257 2173
1893 2281
2312 2397
824 2056
1000 2182
453 1142
1136 2297
505 1934
983 1550
713 973
2275 2349
43 1927
809 1296
1213 2323
1693 2256
1254 1846
1387 1933
205 1925
1822 2013
1334 1957
1472 1875
285 426
63 77
2162 2281
2340 2368
1701 1816
927 2046
295 2349
575 1074
1967 1981
453 2105
1976 2094
1564 1606
2390 2395
589 1746
847 2188
1852 2006
13 1497
1076 1165
931 1881
207 364
678 1805
1468 1871
257 2077
895 1997
422 1077
592 1496
1681 1798
90 1394
1659 1898
2060 2215
830 880
1339 2175
2301 2382
573 1693
1162 1420
16 920
1202 2296
1822 2287
1078 1979
1296 1386
1840 2069
1067 2029
307 1894
1747 2058
1626 1693
1991 2273
108 2062
2079 2378
1394 2069
2184 2250
645 939
2098 2209
1022 1653
1693 1818
2178 2299
1675 2332
1804 2276
1011 1900
988 1122
1391 1674
897 1964
238 579
1379 2044
451 1408
2038 2372
2223 2235
2229 2232
617 758
1219 2163
673 1872
408 808
1157 2044
1346 1574
1395 1943
414 1580
2240 2376
2124 2292
1691 2250
1593 1759
1994 2325
595 1632
506 1061
2313 2319
2195 2285
2030 2340
619 947
251 1027
822 1510
159 271
723 1373
1127 1142
1528 2342
759 1436
1830 2332
1659 2114
1824 2047
486 1086
254 1733
2284 2317
255 708
780 1991
2081 2189
690 1657
703 880
833 1187
524 2133
1542 2384
10 2128
672 1552
1428 1587
1527 2133
2218 2315
1370 1427
1762 1982
1240 1874
1099 2356
2058 2135
241 1947
747 1415
250 1966
1121 1157
99 2222
2249 2360
1570 2385
2311 2378
1052 2112
1022 2072
1757 2048
2277 2279
1167 1560
80 1577
13 1884
465 2152
1712 2381
1311 1627
162 1697
1269 1471
1908 2183
878 1332
2377 2397
505 2213
309 1605
910 1366
853 2190
846 1653
1754 2252
31 2263
1158 2274
1990 2120
1252 1928
779 1304
233 1786
1365 2138
1758 1887
2043 2194
109 1945
416 1617
531 722
1207 2127
2367 2372
1768 2079
14 307
617 1406
1124 1512
1489 2037
1681 2375
641 1970
466 1689
985 1889
1632 2057
1440 2238
1078 1363
285 1460
1395 1958
599 1179
251 1905
128 999
614 1289
1187 1359
992 1743
478 1470
192 653
35 321
2211 2225
1577 2015
551 651
2221 2255
2301 2387
810 1757
2126 2203
1100 1224
1271 1507
1877 2148
467 603
1112 2001
2104 2106
610 2317
2220 2317
676 809
611 2312
403 1517
1268 1471
1905 1959
1437 1468
2082 2327
1493 1926
1003 1476
381 2242
100 430
1810 1823
2379 2399
760 933
628 2380
483 2134
2371 2383
2244 2337
1249 2031
990 1594
1641 2257
1625 1760
300 1212
401 485
2261 2392
1132 1976
1572 1623
1120 1475
1591 2304
149 1557
2224 2342
1246 1885
1636 1750
487 2326
1805 2021
1922 2039
2302 2333
1066 1662
2123 2376
404 1885
2166 2364
2171 2389
1884 2035
2239 2255
1626 1653
2110 2378
1793 1811
2111 2127
561 809
2037 2178
671 1342
1844 2144
197 869
1865 2329
1994 2071
1653 2364
301 439
756 937
906 2106
1362 2291
1048 1861
1638 2019
1481 1985
1450 1605
398 774
1623 2258
224 1231
924 1677
14 2026
1214 1831
224 2347
829 1703
902 968
1542 2031
795 1684
997 1807
792 2252
1246 1534
1295 1550
904 1977
502 2113
617 1980
1121 1269
161 864
554 2300
1860 2085
920 1575
386 859
1380 2055
33 1057
1128 2272
