4800 9600
974 4351
969 2485
3862 3874
4240 4756
4447 4464
103 2142
3934 4644
4267 4362
3832 4399
4116 4587
3631 3888
3435 4494
2033 3399
823 3945
4030 4713
3990 4597
932 1721
2359 2883
1739 4500
2497 4506
1953 2705
3826 3880
435 1686
4312 4591
3731 3977
3337 3935
3130 4121
816 2894
4377 4791
3 261
303 4217
2076 4610
3459 4631
2291 2826
4096 4798
1643 2559
58 519
320 4187
4475 4554
1208 4641
939 3974
3205 3673
4289 4773
2317 4434
402 3054
228 4169
2187 3458
3456 4386
2356 4165
1696 2196
1043 1864
1984 2442
3921 4707
3208 3275
1984 2662
135 1492
266 686
993 4394
3989 4575
4046 4554
24 1692
3276 4698
3101 3397
3329 3710
2195 3142
1867 3349
1842 2634
1463 2737
1613 4693
1436 3185
4289 4766
1376 2210
4123 4296
4497 4786
2622 4622
4074 4610
258 3250
2378 4611
3911 4195
3749 4501
1425 3690
1299 2684
1194 4231
1376 4011
1092 1968
3194 4043
2660 4094
4673 4726
2987 3473
1664 3600
1982 2318
503 1805
684 2939
3899 4448
1946 2238
700 1069
1522 3802
4348 4759
2129 3742
2715 3614
632 3070
356 3579
4368 4590
1195 3182
2222 2554
3349 3366
4139 4300
1011 2480
3142 4320
507 4688
3176 4304
2484 3325
3744 4118
3768 4225
1999 3009
2841 3568
2843 3583
1950 2243
3528 4312
2557 3296
3632 4108
4280 4630
1750 3100
2714 3934
2142 3425
2432 4555
823 4028
578 1300
4136 4145
2005 4407
675 3696
2854 4602
1726 2641
3816 4401
4655 4706
1747 1818
2305 3303
21 1787
1475 2157
4769 4799
1426 3278
3946 4554
1536 4424
4129 4609
4137 4767
898 2168
2325 3351
1891 2926
2935 3374
3698 4111
3329 3481
1545 3792
3713 4408
4189 4629
2691 3562
2155 3471
4113 4337
4620 4681
3398 3423
4380 4444
440 1746
543 4535
1393 1826
53 1077
3065 3693
106 565
785 3271
1387 1977
583 2792
3295 4406
2268 3954
4269 4732
1072 2547
3306 3927
4361 4594
1282 1906
251 1411
3290 3947
3476 4092
1190 2346
2157 3248
100 3032
2133 4091
2864 3385
4483 4489
3292 3921
3886 4749
4434 4735
462 2616
1243 2926
113 3280
2815 3998
2672 3312
576 2181
1229 2979
4725 4729
3422 4702
4563 4697
2587 4406
4126 4664
2911 4501
2877 3078
3292 3566
2623 3448
4178 4446
2299 3581
244 2920
4052 4278
1282 2963
4148 4708
3479 3690
2733 4582
3976 4644
342 4617
3843 4657
659 2528
767 3197
42 1291
3161 3442
2017 2025
2936 3800
3122 4028
242 973
2387 2967
4630 4643
2539 4789
1445 4217
4243 4563
1010 2875
2061 2530
3462 4279
3482 3566
64 277
2639 4795
167 1044
1185 3385
2110 3648
4427 4439
3122 3364
3368 4212
2152 2525
3653 4440
897 4092
2019 3268
4621 4625
3550 4505
1889 4183
2219 3627
2422 3697
2473 4109
987 1487
3979 4044
1360 4436
2603 4180
3951 4442
1302 1644
2038 3937
1534 1771
1218 2271
753 4178
2827 3164
1076 3531
3921 4041
1494 1753
3266 4270
3056 3253
320 1664
3897 4603
2073 4377
577 1651
2 1328
2462 2735
2870 4689
2592 4395
1417 2567
3199 3951
3561 3690
4246 4508
1563 2454
1138 1178
4 528
4234 4570
968 3457
1433 3606
4262 4618
2738 3490
1803 4616
937 3584
1091 1938
2470 3161
2024 2173
3861 3959
726 4548
1001 2699
4519 4647
4268 4507
4043 4585
416 3973
1800 2566
2369 3163
410 820
4724 4733
2436 4411
3340 4294
4007 4520
2969 4455
2894 3813
1148 1893
2360 3042
2522 3969
1346 4780
3368 3818
3130 4481
4723 4745
1248 4512
2716 4731
3434 3632
2325 3458
3167 4563
3240 4119
3128 3265
3211 4413
206 2601
623 2032
3326 4057
4049 4378
2905 4511
306 2874
4514 4616
357 1812
3741 4034
4462 4571
11 4702
3778 4777
2810 4602
2572 2913
1420 1764
1201 2841
1510 4583
4112 4418
3652 4524
135 2767
3744 4246
1015 3080
709 2794
745 1899
2492 3610
3173 3200
2068 2374
63 4379
3358 4196
2176 2535
887 3311
753 4795
517 1810
1851 2970
3716 4796
539 1911
1784 3488
1535 4579
408 4666
1843 4207
3337 3691
3065 3789
3846 4339
780 4734
3935 4433
3856 4165
295 3191
2289 4797
4780 4784
3679 3972
631 3249
844 1304
3515 3741
4025 4709
2869 3696
2084 2994
1400 2828
1592 2432
1004 4312
1089 2576
4559 4642
1152 4554
729 3452
2130 4474
4131 4641
2946 4582
2597 2599
2689 4221
3863 4667
2011 2316
721 1681
271 485
1077 2586
515 4229
4405 4641
241 4513
2424 4238
444 4310
4041 4067
923 2296
4545 4588
4531 4686
4391 4613
4007 4358
4337 4572
412 4702
759 4584
397 2001
2850 4069
4609 4730
4103 4174
4631 4735
4653 4708
498 3860
2396 2788
1368 2471
4218 4622
4104 4706
422 4436
3608 4705
4390 4498
188 1801
1974 4089
2741 3053
3150 4181
1999 2979
1862 1946
2919 4590
3915 4501
2743 3294
369 2344
1282 4653
3946 3956
1710 2301
3586 4455
560 2755
4334 4597
4647 4737
2642 3396
17 1809
1511 3810
782 4607
1603 4269
3054 3417
4574 4577
2995 4085
4146 4247
4151 4396
247 3124
777 4270
4036 4133
2126 4356
2993 4791
4771 4797
967 2477
1532 4491
2048 2144
4286 4682
4146 4448
118 2198
1224 1699
704 2783
2143 4784
3967 4119
650 2114
1402 2649
735 2271
1430 3835
847 1918
2653 4794
2657 4730
10 1811
2558 3130
4028 4764
3649 4113
2469 3209
1110 1597
121 4165
2731 2778
10 1013
666 3045
1381 3559
454 3063
2276 3710
3314 4736
3767 4494
4728 4755
1277 1331
1741 1964
2490 2504
883 3380
3962 4022
1860 3171
388 2540
2366 2458
2247 3074
456 4531
4045 4305
4643 4761
3689 4552
4325 4777
2889 3522
225 1641
3682 3739
1180 2043
2866 3535
484 4725
280 529
1358 1642
4477 4712
2305 3924
4488 4670
1308 4704
857 1603
3995 4797
4296 4359
1696 3498
1234 4004
2581 3141
3061 4347
974 4339
2164 2594
4360 4765
4330 4732
1612 3039
4724 4746
4795 4797
1748 2221
2623 4255
272 2647
1816 2763
2276 4390
3266 4250
4313 4593
2830 3131
8 98
2264 2404
3217 4169
1617 4092
3101 3664
488 2264
3071 4415
839 3302
32 1276
1636 4587
2550 4221
2294 2692
1618 1825
2237 2257
1559 3260
4052 4546
1577 2100
279 1200
2703 3928
3429 4400
3301 4164
3504 3617
4377 4517
1697 3474
401 3311
1578 2463
2450 2465
4176 4449
3300 3395
3335 3794
1777 2458
3268 4063
694 3187
2204 3476
2481 3222
3110 4464
532 3609
364 1458
1639 3385
252 2785
2589 4451
46 2748
2198 2793
4475 4656
2558 3878
1314 1642
717 4196
2173 4294
2582 3453
1572 4056
2335 3080
2181 3137
2981 3898
3475 3871
4202 4253
2360 3668
2101 4063
1872 2380
3666 4511
444 3958
4476 4656
1076 2594
3004 4784
792 1271
1977 2839
3347 4712
4173 4201
3580 4089
3106 3642
1748 2376
4429 4486
4133 4258
2064 4210
2611 3908
2510 4120
122 2806
4542 4708
3073 3932
3309 4420
957 2720
2950 4261
1995 4198
4693 4758
1807 4770
4250 4604
371 4688
3682 3953
2081 4006
3954 4794
2988 3979
3228 4336
1552 4032
4657 4734
4460 4601
1030 3083
3389 3842
1659 2056
4374 4681
3899 4670
4256 4665
3769 4372
746 1702
1564 1911
1976 4542
752 4378
1892 2307
928 2887
2225 2658
3903 4031
585 2667
59 3949
2064 4304
2303 3768
3552 3676
636 1465
4644 4680
32 3420
3321 3672
3146 4679
3186 3377
2833 3056
2604 2869
4678 4684
598 4282
4101 4150
4304 4476
3279 3546
2839 3629
1202 2205
980 3227
425 1941
2009 4110
4129 4297
1918 4629
2847 4239
1126 4320
2625 2629
4042 4261
633 3695
4046 4372
999 2217
3037 3897
1943 2022
781 2538
3492 4688
3181 4265
4454 4472
3738 3835
328 746
2700 4027
4640 4784
2775 3224
2461 3493
1029 3384
4336 4596
90 2037
241 613
2113 3304
1503 4086
544 1682
1865 3324
1477 1638
1280 1530
1110 4371
761 2097
1156 1405
1366 1853
3717 4563
3137 3842
1982 2889
3742 3855
1440 2505
4375 4487
3117 3868
2263 3533
3982 4514
864 3928
3220 3432
1264 3885
3186 3584
859 2309
3602 3852
1250 4685
4779 4791
3267 4322
2163 2685
2277 4169
4463 4615
1910 2088
2797 4523
224 3295
955 4034
4291 4430
2458 4481
4204 4726
629 4619
629 4780
3358 3484
2061 2360
1457 2226
1272 4664
1479 1695
615 4303
3742 4207
193 3076
2109 2252
541 3521
3350 4472
3906 4632
2119 3475
4703 4766
597 3759
4134 4757
3908 3947
734 3813
2074 2746
2367 3829
4574 4585
1701 3911
3698 3793
289 2599
3687 4723
3372 3687
1314 1783
3224 3750
1689 3871
2313 3653
961 1201
4023 4255
2211 3453
565 4214
793 3721
3317 3911
3481 4507
816 3443
995 4081
1881 3555
3578 4516
483 3947
1298 3834
3817 4273
2602 4763
364 814
540 4259
1659 3511
188 2349
3346 3952
432 4275
1590 2905
1422 3201
2821 3806
2996 3431
2759 3264
3746 4424
166 1997
304 2177
1253 2053
4003 4742
4371 4640
2921 3394
2689 3333
559 2044
2605 3990
2661 4694
3813 4384
2036 2353
3854 4786
2207 3542
4135 4613
699 3871
920 2565
1685 4741
1318 2391
4681 4759
2856 3545
768 3509
236 3867
4796 4797
640 4567
3339 4640
3490 3910
2632 3099
3063 3434
2636 4115
1551 2394
4688 4746
4112 4117
3018 3558
4359 4743
2506 3849
2402 3966
4039 4108
3649 4001
2289 2631
739 4255
1561 4044
2490 3914
855 2290
3850 4263
872 2282
1674 2602
1436 3870
2931 3472
2784 4533
4513 4569
3582 3826
4670 4749
3168 4448
804 4166
4421 4551
54 1389
2984 4646
1404 2573
3919 4103
114 2106
3017 4359
893 3057
3687 4759
924 3313
3125 4097
2507 4589
3025 4519
4254 4332
4556 4569
1240 2641
4536 4681
4194 4581
2664 4577
2323 4339
4526 4666
971 2186
2599 3354
3126 4045
2109 3301
1419 4744
1156 3840
1218 2131
4261 4799
2146 2898
1018 3593
1179 2387
540 2229
947 3628
967 1464
2833 3186
3 2593
2160 3944
2478 2589
3631 4525
4332 4730
2948 4346
1599 3161
14 3501
4483 4753
180 3918
3280 4623
1175 3034
196 2176
369 469
3988 4552
3296 4084
1726 2574
3793 4650
3994 4023
2434 3196
3610 4096
2467 4787
651 3069
4175 4436
4295 4310
1094 1434
3497 4325
2852 3881
2193 2340
2288 2596
1992 3571
1337 1385
2454 3321
4441 4585
1911 2186
416 2800
2432 3316
1055 4114
4107 4625
1173 4253
1851 3914
2502 3833
2755 3322
3602 4049
4165 4257
1172 3970
3279 4509
1094 4506
2122 3312
3182 4317
664 3249
231 2803
3733 3958
4679 4729
3584 4527
1683 1728
703 1732
205 4506
1054 1696
1837 2988
1954 3880
1662 3028
4546 4623
1139 1388
2415 2591
3845 4751
3211 4351
2808 3931
4275 4678
499 4459
3258 3404
333 1269
4088 4487
489 4345
2216 4342
474 3260
2425 4482
4089 4678
3345 4571
897 994
3281 3458
4281 4764
1789 2006
1348 3744
4219 4798
1506 1630
1374 2467
2184 3446
2863 3405
833 4355
2409 3679
4230 4739
2930 4503
2516 4214
424 1948
3460 4409
2216 4333
98 2029
3459 4280
2245 2917
1999 3753
1170 4017
1412 4493
1945 2924
4126 4286
462 1812
1056 2090
767 4018
3311 4247
4091 4470
3709 4388
1042 1186
2152 2759
1022 3308
568 2954
3629 4193
2657 4610
4553 4702
2211 2332
120 4577
3635 4250
1042 2154
3492 4363
2028 3653
4761 4781
1069 2752
3167 3243
428 2351
4388 4546
3061 3992
4003 4697
2509 2773
3546 4603
1761 3706
3158 3793
1281 4192
2642 4223
1095 3811
348 3973
1760 4500
3096 3498
1 2784
1973 2188
4121 4162
4728 4777
3954 4664
2754 3627
1063 3202
4763 4783
3937 3949
2930 3447
293 4656
3387 3445
4154 4627
4610 4658
2049 3423
132 3294
3597 4598
227 3423
635 4406
4053 4230
4489 4788
472 2385
1858 3253
4475 4779
1916 2788
3504 4496
4245 4313
1012 1117
3497 4749
278 1604
4013 4165
1361 4221
1164 4281
3840 4664
3333 4621
3103 3856
3251 3371
664 3032
1833 2173
4584 4779
161 1571
1454 1490
614 758
269 1294
895 3183
4220 4307
924 4059
2725 2736
169 4151
4573 4608
4286 4544
4631 4766
360 3578
429 3612
2331 4035
3946 4349
2627 3948
2046 2931
3923 4682
3778 3792
3604 4112
4570 4672
614 3104
2479 3717
852 2634
1313 2151
686 796
3299 4657
1974 2401
4220 4742
558 4644
3868 4642
3503 4056
4756 4789
4372 4721
482 2992
2976 3662
863 2878
648 4247
1370 4639
1967 4188
2688 4119
1193 3393
2336 3272
2059 4606
216 3599
641 2479
4690 4747
687 1010
3256 4601
1034 4013
4112 4212
1434 3215
2686 3289
4255 4655
86 3059
2770 3977
2742 3971
1920 3213
3351 4364
3510 3583
4719 4750
3632 4387
839 4511
1598 3990
2079 2418
2544 3059
2523 3333
208 1351
2164 2628
270 3551
1770 2475
2528 4595
938 2004
815 4002
1842 1945
83 4624
3238 4507
3118 4618
1241 4391
1190 3637
1025 3901
3837 4144
42 610
376 2179
2010 3890
4118 4318
2997 4130
487 2026
2069 2162
2339 4012
2777 2778
2870 3055
3183 4494
3569 4089
4339 4785
2450 3119
1054 4045
4030 4413
2610 3210
3049 3180
3411 4188
1014 2828
1946 2885
3556 4755
3202 3342
622 1534
1419 1793
1725 2279
2247 3769
3233 3742
1001 2524
1943 2770
3775 4154
3093 3107
4745 4769
143 3094
2955 3980
2787 3041
4642 4694
1046 3711
1768 2416
1566 4334
490 2439
3562 4562
1017 1813
3709 4757
4028 4216
4519 4587
1560 1795
1466 2890
4630 4662
3482 4348
4048 4489
1931 2151
1393 1530
2465 4268
1551 3716
1304 3647
4033 4279
3540 4622
320 2847
4710 4747
3898 4573
137 1148
3579 3619
4529 4676
1021 4735
1301 2053
1715 2210
1286 4025
2088 2703
3961 4546
3981 4350
2542 3808
1965 2015
1588 2410
4601 4709
2996 4786
4566 4723
3638 4111
3679 3845
2089 2216
2606 3645
1070 4079
2753 4010
4393 4735
4496 4524
4230 4547
4567 4694
2704 4725
776 2578
2735 3314
44 4646
3614 4552
3631 4554
3055 4765
2302 2682
1307 4338
405 1759
2184 2557
2535 3328
3435 3489
3901 4066
1462 3626
111 4036
584 4636
261 1451
1879 2799
4250 4737
2119 4649
2908 2996
655 1860
1980 4449
2322 3704
4600 4737
4523 4796
2233 3360
1906 3581
3387 4600
3892 3906
1927 3159
855 4789
3269 4402
730 2144
4665 4768
4162 4702
3217 4297
3650 4341
2413 2669
1450 4245
3478 3607
2989 4293
2494 4182
3193 3510
2605 3836
4655 4681
1379 3365
2017 4382
3213 3361
4200 4367
497 1758
3720 3856
4120 4497
4792 4793
1847 3581
3600 4143
4149 4270
2262 3896
1401 1979
1506 2172
1188 4741
511 3435
886 1933
810 1115
3727 3989
2448 3449
170 1777
3113 3791
3937 4680
3153 3973
3306 3634
544 637
3488 3625
1461 2682
2948 4289
705 4516
1112 3242
3271 3515
846 1136
4260 4293
2756 3710
4551 4597
2690 4381
4773 4795
2845 4672
3122 4785
2060 3288
1992 4513
610 1103
3619 4554
1607 3146
3341 4631
1973 2665
4300 4365
1696 4491
2856 2989
2329 4015
3380 4665
1734 3372
4747 4787
1457 1543
3737 4010
4006 4463
3737 4173
484 4458
4481 4485
2875 3078
3609 4410
2744 2853
190 606
4017 4479
4629 4758
2354 3931
1495 3476
2047 3239
2420 2725
1415 1605
221 745
693 1328
1927 2720
3353 3623
3561 3641
913 1322
1831 1992
1446 1535
2154 2366
4658 4768
3836 4251
909 2774
3907 4516
1572 4786
1291 2856
3999 4145
1309 3839
3855 4645
936 2764
768 784
3728 4179
3220 4622
2193 4727
4034 4759
1022 2150
22 2765
1327 1594
1948 3544
2604 4640
4482 4597
1586 1996
4683 4763
2876 4050
2125 2725
4577 4789
4543 4763
4062 4781
4087 4450
1348 3670
67 2860
475 1824
1638 3651
3200 4344
4435 4514
134 3236
352 637
1652 4790
1771 3697
4465 4726
1054 2785
2371 2603
3074 4497
629 874
2541 3480
1797 2215
2913 2989
2937 3856
4712 4741
1804 4740
3696 4425
2817 3548
4489 4651
3915 4310
2442 2964
1118 1218
2040 4796
3425 4295
637 1011
125 2114
3723 3820
481 4399
825 3154
4465 4778
618 1831
158 2210
1133 3778
4233 4548
345 4262
4356 4682
1160 3385
984 4385
1911 2098
30 2959
3649 3940
3912 3939
915 1226
2137 2375
73 3051
4475 4503
2890 3633
2452 3313
2351 4472
1717 1973
1078 4048
355 2214
345 1166
1954 2474
2603 3735
3942 4550
4188 4450
522 3154
1921 4301
3946 4586
874 3558
2536 3618
113 4722
2231 3356
2790 4146
2328 3217
1140 2107
3314 4117
670 3410
1816 2868
1424 2174
4251 4259
792 3684
741 3521
825 1913
1340 1530
1926 2973
1476 4742
765 1329
3468 3710
3294 3757
1521 2547
1482 4665
787 2475
1099 2880
4760 4774
4759 4797
2057 2554
3586 3832
2114 3657
377 948
1021 3691
1200 3362
883 3589
3292 4135
909 1420
2120 4726
930 3373
4494 4702
4782 4796
483 4411
1742 4595
2559 3294
4330 4687
2639 3424
1621 4107
627 3492
698 1308
1736 3673
3786 4040
4277 4279
2711 3391
3954 4668
4528 4552
2464 3734
1778 2068
4487 4519
394 3240
2118 4677
1734 2419
1362 1556
1230 4496
1840 1937
3950 4033
3890 4710
3531 4022
3025 4291
3360 4400
3900 4009
2113 3437
1283 2396
1641 3880
288 2453
3131 3799
4327 4727
746 3081
1474 3305
1103 3483
1473 1864
2678 2907
4270 4498
3431 3989
4796 4797
1603 4774
2873 3474
2346 4449
2799 4370
2652 3113
3789 4137
3743 3940
4340 4382
2207 3327
1886 3265
2812 3595
1425 1615
4684 4750
304 3681
155 2010
1239 3897
3929 4736
899 4649
2400 3171
4707 4710
2650 4484
2619 4077
3497 4545
3973 4540
2455 3531
1942 2599
4128 4659
1214 1623
239 4296
1304 1357
1950 2767
3342 4645
1079 2678
4687 4724
895 2903
201 4746
1400 3810
2308 4127
678 2059
2861 4694
129 464
1048 3624
1964 2102
1238 1619
4716 4736
2567 3736
4341 4587
4592 4667
812 4082
4380 4483
894 1561
2423 3092
1091 2208
1045 3577
3828 3909
279 4000
103 1572
2659 4230
3823 4133
283 2546
1736 3579
1902 1910
1529 3367
246 1704
992 2843
3966 4404
4604 4746
905 967
4718 4767
1420 3684
233 1135
1383 2448
1830 4755
3385 4711
3534 4688
2522 4135
2917 3992
3787 4235
521 3074
1473 3692
317 3466
2736 4069
665 4717
377 2391
1329 2165
1474 4208
3234 3312
119 304
1074 4509
2527 4203
2020 3222
1833 4637
209 2980
3758 4097
848 1064
610 3816
899 3215
2686 2804
528 955
4706 4748
1159 1786
6 1638
719 4422
3685 4018
445 2511
2993 3157
1558 4462
2323 2817
1817 1915
973 4619
2264 2289
3367 4472
2440 2981
1350 3019
4382 4466
2895 3154
1420 3701
4512 4581
1849 2961
1530 2561
603 756
912 4660
613 3302
526 1516
3522 4235
1980 4113
3505 3637
401 2490
699 3720
4108 4737
2227 4567
1173 2805
794 2532
4198 4481
3748 4758
1364 1494
2131 3714
1493 3567
3878 4097
1927 3171
1662 1881
2217 3312
235 4097
2897 3915
4100 4177
2534 4636
2739 3092
4366 4461
4433 4571
2537 2768
4046 4683
708 1196
1197 2275
1456 1499
3910 4497
2498 4425
1354 2205
3184 4565
1767 3092
2338 3206
578 3402
2286 4490
1319 4431
1638 3930
669 2990
3446 4467
3505 3879
2334 4579
3627 4661
2504 4100
87 996
4559 4734
2332 4793
591 3765
264 2720
3880 3920
1608 2368
1362 3260
4311 4549
3954 4246
3165 3339
882 3512
3371 4694
500 1315
2306 4344
3690 3979
4165 4667
3917 4040
1359 4316
4060 4556
3159 4637
3895 3972
3952 4303
4102 4671
2405 2410
1193 4235
37 1112
498 4236
542 4029
404 735
3446 4370
4778 4794
2841 4722
2131 3431
2836 4460
1947 3711
2400 4458
3804 3856
2663 3569
1897 2929
1884 3732
1248 1606
627 1283
4678 4786
3724 3871
306 4508
3252 3509
2483 4184
4154 4698
2183 4272
2868 2883
3362 4612
3979 4588
1680 2818
721 924
1690 3822
1312 4527
3377 3781
237 2659
2694 3847
682 2121
4611 4639
1126 1602
3977 4762
1843 2171
1093 2449
1325 3842
4054 4509
1816 3189
727 2583
1069 3406
535 3631
614 1892
2011 3934
3322 4708
3951 4459
1994 3307
3540 3756
4397 4687
4679 4758
3342 4204
2448 4644
285 2727
3832 3932
663 2202
4073 4088
2760 4699
687 3335
1249 4681
533 4482
3036 4614
1255 3517
1247 2606
1297 1721
4060 4656
2501 4106
3259 4675
3556 4201
2951 3392
839 2294
1693 2697
3906 4596
621 3979
326 803
851 4457
461 1769
3974 4235
4282 4302
670 4743
827 2564
1502 3115
587 3833
1898 2969
3984 4732
1009 4417
636 4061
4188 4398
1180 1811
1088 1660
632 4128
1690 1926
2666 3882
3406 3657
3474 4230
598 3148
2209 3321
2512 2792
4168 4728
1858 3906
1647 2955
56 4262
3208 4736
4092 4637
1075 3141
2985 4524
1220 3973
1272 3439
3190 3915
3365 3668
3538 3547
515 2460
433 2481
3801 4179
449 474
820 4070
2544 3285
4008 4687
3711 4607
3879 4513
3758 4330
3655 3834
2124 2993
2628 4731
4033 4034
4361 4423
1968 2961
3791 3915
2407 3900
684 3271
876 4589
2066 2747
1389 2767
3389 3540
3267 3969
1343 2719
4097 4777
2564 3739
2486 2907
466 1470
2677 4170
3093 4653
644 4330
8 1178
2495 3090
3325 4581
3831 4536
324 1309
287 4395
2508 4015
976 2609
2444 2543
4609 4657
4406 4581
2443 2680
1822 4761
4705 4762
2840 3460
840 4791
2889 3187
1673 2443
4024 4726
1317 2917
343 1001
161 4287
3332 4565
2640 3615
942 1311
3753 4675
670 3383
1729 4245
4034 4306
2236 4777
2388 3311
1933 4651
2847 3645
4620 4669
2136 3322
1258 3610
401 3383
2504 3176
3256 4672
2573 2718
4008 4307
610 3986
1244 4415
3145 3425
288 3449
713 1053
3707 3980
1629 1651
4115 4746
3903 4053
3137 3336
4469 4597
2467 3831
3276 3772
4219 4592
52 2539
3576 4109
2021 4766
2483 4480
2938 3732
1144 4648
2900 3577
30 4716
3431 3693
3833 4587
4679 4739
4425 4481
2235 2449
1900 1922
657 2918
2721 3156
4713 4776
525 2608
4394 4574
983 1570
3782 4313
176 3133
1451 4479
3137 3306
3770 4152
4195 4375
3499 4317
120 902
3483 4522
1942 4396
3946 4163
390 962
4214 4758
65 1330
1094 3679
3471 3495
3601 3747
4392 4668
404 4342
3258 3843
4700 4797
534 2922
3505 4165
4717 4749
4317 4462
1463 2239
792 1787
2785 3955
4486 4516
2370 4473
3360 3499
2687 2781
335 4222
1497 2655
4390 4766
312 1392
185 2387
616 1575
3320 4113
4566 4629
1335 3870
4188 4397
2157 4177
3213 4437
3248 3740
4269 4551
4566 4601
4708 4791
65 2776
3599 3794
3363 3512
2806 2976
3022 3533
3998 4056
390 2321
3323 4234
2167 2641
1365 4273
4080 4359
310 2493
2734 3874
2853 3961
2448 4173
3855 4682
3764 4420
635 3871
2246 4688
2110 2967
2767 2839
4266 4356
3769 4114
1485 4534
1145 1567
2845 4030
1527 2460
2306 4658
3466 3875
139 2174
2684 4402
3456 4318
4469 4633
1300 3751
3762 4369
2231 4770
1213 3840
3061 3689
3281 4074
3116 3876
4386 4479
3613 4466
3938 4453
3265 3983
1971 2584
450 4574
4646 4766
2119 3191
4206 4727
1032 4593
257 4765
2634 3503
3940 4428
463 816
323 3411
4254 4657
339 1542
1461 4101
225 2082
4259 4498
222 773
726 822
1099 3548
2459 4173
1278 1372
2634 2853
4094 4182
3377 4653
1766 2609
4688 4786
2777 3166
2025 3795
3144 4461
3099 4056
993 1148
2523 3158
4213 4770
475 4372
2004 3281
1870 2009
2895 4648
877 4165
1652 4373
2535 3690
918 1857
4153 4660
776 3281
2117 3929
4326 4424
1700 4406
2861 3257
4283 4413
4401 4476
458 1920
677 2365
1553 3735
1984 4531
350 2265
1221 4572
2356 3190
1977 2157
2244 3457
1963 4727
3168 4069
4372 4756
1526 3969
1037 4128
1160 4390
4138 4162
4548 4723
3304 4132
4055 4338
3058 4196
1687 2457
4701 4780
3772 4142
1285 1869
4446 4751
1274 4142
1636 4720
3562 3582
1864 4025
4298 4613
1776 3663
1170 3690
526 548
4759 4786
62 651
2072 2829
2447 2672
1412 3392
434 1567
2046 4793
2471 3147
4162 4551
1715 4569
1961 2589
4719 4747
370 3590
1678 4115
4211 4442
3906 3954
44 1504
2767 3969
2403 3180
4758 4797
480 568
2835 4542
297 4637
2517 4740
1258 2008
1945 3654
797 3060
3664 4655
2381 4734
129 2833
4629 4767
1650 3009
2943 4473
4703 4785
2953 4542
1957 3664
3965 3986
638 1593
2704 3559
665 1376
417 4048
4190 4755
60 2506
3796 4326
3776 3851
2342 3103
2213 2762
4362 4424
1403 2489
4277 4285
913 2790
4323 4373
1016 2890
3675 4133
3160 3362
3694 4278
598 3537
1582 3031
3565 4678
311 2421
1779 2894
2061 2564
4660 4689
1107 4782
1498 1870
1093 3961
3764 4296
2082 2667
3756 4293
3223 3322
2481 2920
546 3196
1268 2490
1364 3618
1428 3353
1713 3947
1102 3221
4438 4732
3670 3863
3119 4343
2929 3323
458 1433
434 2754
2760 2938
2622 3154
692 3718
2962 3301
77 3570
1367 3344
3968 4621
1137 1165
4585 4691
3350 3654
666 1361
2823 4719
2593 2736
4649 4729
2343 3881
1403 2609
1208 1627
2819 4055
3307 4747
4502 4611
3200 3354
1064 1582
2993 3712
1578 4063
457 688
3403 4238
1507 2479
2474 4600
1633 3808
2739 3853
4714 4715
3705 4527
1053 1274
3617 3686
427 1988
3989 4716
1649 2655
1010 3908
477 578
2313 2572
1228 3307
2352 3177
4371 4734
92 930
3015 3447
4499 4547
2199 4742
3822 4280
4479 4504
4524 4763
4698 4724
1655 4318
3589 4453
2049 4385
77 862
3425 3914
4232 4669
4686 4701
1834 4461
416 4760
3919 4323
4436 4468
3909 4567
2248 3256
2103 3431
617 1600
1858 2752
487 1270
4059 4451
4356 4772
2410 3637
3402 4301
2980 4348
4701 4788
1690 3771
3722 4191
1327 2784
1142 2626
480 3834
3773 4082
42 4644
3273 3886
3772 4011
1746 2492
990 3652
1170 3141
3764 4041
2662 2800
4353 4484
2623 2777
588 3860
1376 3398
1658 4199
4474 4699
4524 4555
4425 4623
551 4309
2087 3927
124 4109
3543 3743
2648 4761
3016 3936
2569 3358
3451 3767
2136 4386
4552 4559
3074 3439
626 3652
3681 4641
4684 4764
1706 2332
1061 4308
254 4058
3298 3995
2663 3812
2445 4727
4471 4698
1461 4091
511 3825
1576 2012
3730 4450
993 1694
1673 4032
1420 3088
1928 3747
1583 4460
4422 4429
3693 4300
927 1773
4609 4790
1044 1533
421 2406
915 2690
4491 4613
133 1860
1455 4657
85 1041
4728 4745
1108 2487
3662 4790
4503 4605
457 2913
2978 3155
722 3922
1027 3825
3125 4584
2102 3737
2471 2683
4295 4478
4485 4648
1017 2469
1922 4262
4462 4629
1163 4623
3836 4262
1155 2558
1877 3144
1027 3224
1841 3571
4371 4476
2037 2368
997 3712
2957 3539
2736 4310
115 1110
4477 4518
2920 4698
4090 4565
2897 3644
1795 1874
858 2535
587 1280
3339 4769
4274 4528
4703 4777
4576 4634
1143 3010
610 853
2118 2989
4695 4798
3303 3841
2287 4703
1420 1567
4574 4723
1019 4226
3494 4729
3555 4796
2931 3647
2896 3976
2728 4677
2850 3547
1591 2748
277 1194
591 1718
4730 4741
1627 3905
1895 3328
138 3789
3247 4143
360 2442
767 987
3989 4794
3425 4676
3904 4745
3032 3602
1344 4082
3908 4020
3381 3586
1417 2617
2232 3839
903 4587
1438 2930
809 2095
3467 3538
735 3883
2169 4437
3739 4653
2599 4683
4505 4679
2090 3498
4049 4708
1170 1490
4053 4205
1625 4475
4722 4723
2743 4328
567 3641
4427 4556
3525 3697
773 1789
616 4399
3350 3627
3898 4786
669 1816
4611 4672
2321 3299
4670 4739
2357 2802
2661 4414
1143 3298
657 3040
1637 3505
2613 3977
4736 4755
3752 3895
2570 4754
1273 3293
3384 3416
2777 4006
1235 2894
3755 4020
673 3837
420 4349
1874 3830
2341 3284
4141 4668
2877 3587
420 3685
1582 3646
4674 4771
1369 1563
1462 2343
2001 3753
1518 4008
3777 3840
2333 4397
160 1078
3500 4406
1997 2492
967 3983
757 2869
3897 3996
58 350
4153 4164
805 2628
2401 3103
3299 3518
3453 4690
4788 4790
2017 3668
4566 4768
2865 3489
2262 3282
766 1130
3237 3784
2737 2788
4091 4394
2705 3358
3927 4399
2510 4663
112 2899
1881 1882
1338 2682
4165 4541
2381 4362
1680 3779
498 623
4440 4722
2983 4314
2205 4172
4323 4660
48 190
4571 4581
4006 4365
3324 3460
4705 4717
1862 4330
592 3249
1423 2887
3712 4043
397 1744
2501 3103
2001 3157
2190 4294
4235 4398
3575 3762
656 3878
1553 3270
3825 4708
4588 4696
2388 3309
2996 4161
4259 4337
3040 3844
672 1163
1999 3150
1720 2694
1596 3190
2861 3381
2201 4667
3117 3504
94 631
2771 4726
3401 3802
1577 2780
2291 3734
4371 4519
1705 3660
2605 3901
970 3391
2733 3347
3218 3937
351 2118
2545 2587
267 4346
1472 2394
1136 4574
75 1095
4385 4691
3843 4370
3438 4703
4577 4609
727 3162
4300 4584
1362 4543
3168 3641
694 2661
3901 4325
3865 3957
3329 4479
3939 4433
485 2119
1047 3054
1431 1990
691 4210
1722 3687
1967 4387
893 4679
1208 4346
1453 4268
3084 4559
2773 4116
1434 2283
3771 4481
2929 3105
3220 4723
385 3052
2965 4560
4397 4723
2841 3021
1501 2210
4272 4403
1692 3457
1215 2444
2845 3919
4418 4561
3374 3987
1639 3742
885 2709
4079 4112
4094 4186
2926 2952
2674 2771
3589 4481
2282 3180
3646 4134
1196 2378
4798 4799
1069 4149
2251 3985
1606 1638
935 4507
1287 1949
6 1649
1517 3658
343 3846
244 2217
2230 3480
417 676
3544 4668
1267 2814
3943 4689
3371 3588
4522 4770
4477 4515
41 3131
4332 4537
435 3251
4504 4568
3362 3636
4341 4518
4371 4732
1385 3013
1080 4390
936 2442
1978 3725
2461 4075
3479 4446
1690 2051
2648 3066
2804 3171
2794 4485
2752 3408
4123 4221
3627 3771
10 2958
3077 4035
2626 4530
2896 3504
2967 3750
902 1800
1298 2207
3825 4494
4474 4781
3306 3803
337 1730
3672 3949
6 1492
3713 4010
2353 4336
1763 4282
87 3941
2884 3956
4796 4798
2856 4342
3437 4448
497 2299
1281 4325
2824 3962
3839 4623
3095 3106
219 2581
3596 3653
2342 3728
2949 4273
3941 4620
4029 4687
824 3556
3748 4705
3512 4678
3352 4415
4012 4477
1698 3292
1854 4673
1455 3379
403 2526
3783 4412
3558 4347
4507 4521
2735 3410
206 215
1783 3616
4563 4566
4738 4754
1082 1822
4612 4732
142 2348
1438 4727
915 2082
3201 3992
2613 2772
2183 4301
3348 3641
19 2322
2072 2501
108 1185
2165 2812
867 4238
2110 4401
1184 2399
252 1612
2141 4445
564 4270
4026 4127
121 2671
3082 3896
702 2766
1479 3739
3727 4074
2680 4084
454 1321
850 2204
2664 3692
1198 1227
373 4068
1432 3582
1990 3397
370 2159
131 2543
584 4262
480 3877
2146 3087
1383 4378
4271 4649
1395 3698
2592 3276
1332 1585
1795 2847
2040 2370
3652 4480
3560 3932
854 2595
262 396
945 3369
108 3200
22 3866
3411 4424
2646 2798
2571 2930
2447 3834
906 2400
1779 4394
2691 4310
1398 2044
642 758
4326 4704
1480 4730
2970 3850
281 2855
1602 1668
504 2676
4172 4257
999 1227
3501 4710
1432 1967
1921 2218
2383 3345
4179 4357
681 788
2031 3609
2665 4151
2038 2073
2236 2735
1658 3562
4321 4732
4064 4691
3114 3239
3077 4542
1850 4597
1073 4488
3557 3981
523 3870
705 2918
2368 4241
3295 3533
3337 3443
1694 2344
4111 4138
409 2316
3555 3914
3678 4663
4242 4333
3781 4588
3410 4561
2033 2346
3165 3199
4482 4587
4055 4113
3297 4106
1355 2696
1672 1745
4638 4720
1355 2294
242 837
4099 4246
908 4434
412 1039
1892 4638
2834 4327
3248 3270
1055 3554
142 147
3442 3862
2703 3424
363 939
2026 2550
3670 3999
2603 3888
2881 4753
1860 2301
192 812
2728 3363
1453 4303
1091 2105
1618 1791
2040 3895
4457 4460
790 2038
3873 3956
3821 4464
647 2661
3727 4519
1935 3556
3360 3995
263 3299
1962 2027
146 1579
1207 1221
2827 2926
2657 3324
933 975
520 2142
924 3559
2381 3186
1286 3668
1473 2513
44 1662
2157 2557
1107 3878
1089 1900
1968 2034
3378 4488
3813 4116
4568 4639
896 3527
3650 4298
3890 4033
4353 4609
4263 4490
606 4390
2945 4362
2347 4656
4068 4291
4141 4662
786 4448
2569 3596
4118 4656
4240 4388
977 3647
2841 4350
1252 1422
3200 3263
3628 3751
4538 4568
4773 4778
498 3265
4063 4600
4490 4770
3569 3829
2848 4652
1979 2335
2550 3240
3160 4496
2218 2741
3583 3684
3677 4383
4774 4786
635 4436
26 4564
3721 4091
4683 4691
4641 4742
4530 4548
2154 4220
1645 2661
2011 2480
3288 4237
289 2591
1342 2578
1230 2815
963 3200
218 4013
267 2342
3660 4552
3350 3577
3809 4437
3711 3752
4637 4641
2222 3588
1921 4575
3596 3763
397 598
4133 4583
1953 4590
3472 3772
2710 3770
2282 2655
2541 4446
2311 4250
4643 4773
181 3804
4636 4763
4162 4692
3310 3662
4706 4707
1683 1878
4414 4495
4621 4709
1232 1863
3475 4677
2684 4276
1224 2733
514 2990
3887 4394
3053 3983
3480 4409
3044 4198
4456 4479
1008 2927
4243 4481
3347 4551
1758 2203
3844 4772
1803 3377
58 158
4138 4468
1159 3712
111 3265
2965 3491
3343 3641
3000 3051
427 2753
3278 3933
1215 4512
1979 4204
1193 2851
2319 3092
3934 4353
3515 3891
3094 3371
357 4613
2069 2527
2508 3355
596 1683
1740 2274
2353 3250
3542 3809
460 2594
3663 3673
254 3150
437 3366
2224 2365
2291 3741
2586 3098
4709 4798
993 1994
2899 4675
3140 4358
3190 3878
72 2873
3611 3866
2168 3733
3358 3900
3262 4789
2685 2836
69 3371
2520 3502
2197 2482
1498 4351
4770 4786
533 1767
1860 4648
3433 3860
3041 4045
2189 4226
1852 4119
1098 4402
4122 4683
2880 4027
333 4161
3039 4165
2620 3503
2876 4511
4773 4779
870 1155
4275 4689
2526 4597
3551 4631
4135 4574
1489 4121
4446 4663
4218 4333
2558 3596
3974 4242
3440 4345
325 961
2883 3869
4238 4375
667 2896
905 3389
1155 3194
1316 1658
744 938
254 3099
127 290
1748 2320
3769 4061
944 4189
4676 4769
2215 4506
4077 4680
4315 4492
677 1122
413 2942
3222 3323
2308 4203
4691 4783
376 634
1675 3413
2104 2223
3759 4767
3287 4203
3956 4206
184 2023
3181 4494
3234 4299
3421 4273
3227 3924
3440 3817
3306 4503
238 4385
495 1910
4591 4604
293 4790
4426 4786
3618 3686
2233 4417
542 2376
992 2404
4691 4719
1409 3090
3923 4618
3642 4574
4517 4682
589 2280
1828 2324
3885 4573
2916 2953
489 2093
2971 3753
1752 1824
423 1207
1980 2688
3684 3774
2464 4600
624 2532
4302 4566
2675 3640
3414 4370
4620 4681
3786 4131
1157 3667
1673 1768
328 4091
3769 3918
2858 3436
4078 4181
541 1734
3713 4384
2229 4778
2584 3094
3054 4581
2998 4723
4078 4306
2931 3839
4659 4730
656 2047
2758 4061
2740 3054
1202 3476
4708 4789
3384 3636
4040 4153
2374 4539
3512 4736
3452 4701
3431 3787
3616 4028
501 2792
4546 4574
3815 4150
2973 3135
3890 4218
4190 4391
44 3290
3034 3840
3549 3843
1036 4089
551 624
3982 4280
703 2219
2175 2394
4727 4795
1391 2899
1490 2899
1643 3456
811 4670
3381 4727
4432 4483
4061 4196
4516 4651
229 422
4752 4784
2858 4627
2842 3671
4718 4745
309 2165
3025 3629
3305 4563
3910 4783
1280 3301
4536 4608
1360 3673
1335 4712
2122 2258
1317 2779
4239 4699
1467 4363
927 965
3657 3902
709 850
351 447
2035 2329
4735 4793
2243 2522
3363 4302
837 1384
2019 4289
844 4024
1196 3040
71 1477
3478 4147
2923 2975
4798 4799
3994 4041
1427 4660
3657 4764
4630 4688
1748 3669
4580 4673
2955 4706
3424 4214
1156 4391
3063 3548
4498 4712
4147 4589
1175 3722
2872 3828
3874 4428
1420 2747
3440 4360
1288 2436
2860 3681
2531 4206
626 2211
1791 4144
1955 3556
633 3669
4099 4798
4199 4420
4790 4793
2359 4596
3425 4702
1878 2257
3936 4531
2697 2744
2055 2346
1702 3273
2611 3473
867 1040
4403 4794
437 4224
3967 4457
1196 2167
2787 3452
1498 1523
2951 4054
781 993
490 3637
3908 4627
3709 4518
3814 4690
4236 4640
941 3645
4650 4734
1653 2106
494 911
4611 4745
2982 3333
3130 4372
781 4535
4313 4325
2887 4436
330 4082
3813 4549
4336 4523
1218 3783
3468 4590
3518 4118
3769 4424
1066 3692
2714 3195
1996 4416
371 494
4257 4799
1378 3159
1228 4226
3024 4280
3321 4421
3239 4700
4475 4712
1213 4318
2056 4070
3188 4717
4650 4797
3302 3789
3526 4314
1363 2070
46 3678
2160 2694
735 3664
779 2102
1194 1273
2210 3088
315 877
1135 3318
2085 3644
4680 4776
4445 4566
1300 2681
4243 4437
3349 3425
4285 4557
1128 3996
2528 3191
4389 4722
3328 3717
2157 3391
824 837
1753 3702
2613 3296
66 2730
4704 4705
632 3573
970 2630
2644 4663
1367 3546
2806 4688
2326 4371
2552 3277
4462 4796
253 838
366 2864
2336 3666
1024 1330
1237 3427
1845 2190
1333 1385
3147 3830
1805 1867
3026 3059
423 3792
2179 3454
3191 4223
3874 4199
4178 4304
3407 3768
606 2916
777 3851
3121 4057
703 3926
3619 4413
676 4759
1348 3052
229 2601
1518 2136
2818 3361
4643 4732
36 2866
3898 3964
2649 4346
66 4352
4615 4755
4700 4717
2411 4199
4620 4679
3204 3800
1258 2348
546 713
1544 2653
2070 2922
4444 4587
3194 3399
4103 4574
572 950
2663 3595
1082 1378
2757 4598
1675 4322
4576 4599
3261 3501
1669 4116
1035 3214
270 3061
3164 3562
4320 4425
2345 3762
95 4760
1904 3056
1914 4502
1596 3241
11 3010
3143 4739
1858 2871
2826 4285
368 1369
3935 4570
4647 4790
2508 4773
3862 3967
3526 4443
910 2948
3314 3537
1196 2291
3625 3980
4144 4430
420 4776
585 3090
2406 3391
3121 3133
2101 2152
16 3886
3370 4648
2280 4341
623 1191
1851 2003
1009 3209
4342 4499
3743 4455
3130 3522
8 4761
3552 4697
2531 2548
1523 4110
3308 3911
4009 4236
4275 4360
4013 4037
4599 4624
3290 4400
3857 3914
1820 3544
402 4209
3132 3726
799 2077
520 1212
2898 3295
4301 4319
2844 4395
1115 2427
1326 1515
502 894
712 816
1698 3100
153 4130
2697 3882
3996 4482
2133 3705
276 363
996 4257
2903 4692
3540 4563
4505 4783
3160 3270
2489 2665
4106 4767
4279 4581
4245 4716
2 766
2447 3326
3451 3768
4248 4490
4211 4443
3721 4784
4281 4392
2760 3967
28 2285
4327 4756
3479 4189
1023 4059
4043 4166
3019 3460
1280 2338
2481 3071
1847 2300
3075 3932
4296 4383
2753 2836
434 2037
2532 3252
2271 3419
3631 4714
811 4561
1363 1746
3408 4516
978 3776
2437 2928
384 4486
1806 2490
316 3862
2338 2699
1410 2903
1024 2552
413 3817
3583 3900
468 1457
197 3100
1260 4229
1727 1855
624 3924
417 908
1235 2179
2900 3765
2189 3434
1361 2978
1566 1625
3795 4060
139 3897
3749 4194
3528 3581
4026 4493
3932 4249
1905 2282
4696 4764
1326 3335
2320 2423
4587 4688
4194 4333
1651 1852
1507 4169
4327 4641
1020 3569
349 3822
4624 4782
284 2808
802 1303
691 903
3673 3692
1518 3681
3542 3951
2473 3450
4053 4768
2022 2668
2046 3111
3629 3894
3474 4689
1328 1463
4601 4744
4345 4493
805 4054
2934 4608
3010 4112
1399 3933
482 4793
962 1579
1789 4385
3525 4399
2898 3884
3113 4493
1042 4563
3165 3889
3314 4297
2787 2893
4350 4668
3431 4298
2579 4096
4772 4798
2283 3130
3136 4400
4662 4775
3623 3791
3327 3488
3363 4035
777 2265
602 3787
3298 3757
26 3918
42 3219
3802 4429
2841 3254
2924 4007
2686 2832
1937 4325
4009 4320
737 3748
1436 3961
3757 4170
4344 4513
4371 4592
1014 3900
3772 4626
140 4301
337 1128
2480 4129
212 1761
3484 4253
2586 2995
411 1621
986 3652
2352 4623
4697 4785
4500 4590
4612 4766
3907 4453
1470 1800
1325 4264
1703 3856
2504 4298
877 1070
2502 4183
4242 4689
1798 2951
511 3449
3700 4114
1689 2295
3993 4166
4145 4724
3260 4493
2648 2679
3123 3966
1693 4159
921 1509
2381 4714
3358 4645
3985 4306
1503 4282
3418 3887
2094 2530
653 4579
4185 4690
345 1253
2152 2995
4270 4595
3688 4642
3004 4767
1611 3338
4552 4648
2167 2254
1946 3389
2835 3527
1438 4602
2435 2940
1713 2031
2141 4155
4280 4695
3009 4521
4656 4751
902 1322
1377 2564
2712 4565
4789 4792
1940 4240
618 1236
2373 2440
801 3379
3192 4379
3932 4290
418 853
3968 4340
3436 3567
3009 3138
156 1339
2145 4523
2953 3095
4660 4730
1104 1903
4491 4579
2197 4233
610 4637
997 1488
1571 2469
4685 4757
4087 4309
4423 4579
2622 3383
1587 4547
2682 2965
997 3606
4583 4679
1145 4236
816 2257
1901 3083
4075 4736
2375 4707
1517 2648
1575 2927
3480 4182
2795 3827
3640 4684
758 928
768 1251
4567 4736
2112 2669
932 1319
695 3452
1268 1458
2092 3638
986 2319
4601 4630
2025 3800
3688 4257
2342 2771
633 1277
1368 3476
2096 2491
1271 3351
3522 4567
1894 4057
4515 4732
1242 1719
4086 4364
3919 4704
50 4320
2404 4164
2264 2992
4202 4489
2278 3894
3507 4571
1179 1279
1052 1937
1577 2159
4562 4604
2726 3638
1731 3825
4295 4542
1580 4309
1698 2547
3900 3942
1701 4768
842 2548
4616 4715
2340 4087
2140 2369
3215 3937
4453 4626
307 4403
4449 4615
3733 4629
287 2051
1785 1925
1910 3196
1532 3287
2096 3085
441 2571
3080 3133
3634 4232
2418 4524
743 4243
3344 4321
2638 2986
2136 2765
909 3339
2496 2877
1641 3716
1054 2992
2 182
3880 4541
957 4773
353 1906
299 2593
4740 4769
2608 3541
4269 4457
1951 2067
3395 3920
1016 2835
1448 4617
365 2256
4186 4433
3846 4385
738 4797
577 3237
831 2694
1461 2330
2688 3725
626 3153
4263 4314
4251 4403
797 3366
3723 4571
1018 1367
1290 3303
3696 4658
4686 4770
34 4409
4276 4649
1356 2946
1979 4034
4530 4564
3308 3782
2976 3946
2031 4213
2376 3671
1786 4484
2229 3386
4615 4698
2449 4670
2556 2760
1140 3966
4076 4116
917 1425
289 2447
860 2910
1139 2209
565 3686
748 757
3151 4311
2689 3940
2152 4563
4095 4568
3060 3198
2922 3048
1077 3107
2047 3595
1781 2412
2572 3781
4486 4656
3595 4252
1762 3336
330 2190
3406 3876
2437 3029
4266 4546
3239 4342
1930 3901
1963 3463
2965 4160
1277 3039
142 1278
3993 4023
1760 3501
4135 4285
1733 2917
1532 3040
4528 4616
4549 4653
2723 2767
2872 4562
323 2710
2928 3261
1405 3753
1831 1883
1134 1319
2938 3324
370 677
2954 3199
3408 4052
2166 4215
577 1342
3235 3502
4784 4791
4246 4666
2482 4755
4399 4495
158 3083
1551 2497
2700 4169
3524 3658
132 4779
2287 2672
1074 1452
288 4412
93 3411
4196 4403
3423 4679
3446 4612
2418 3553
4491 4661
1357 4502
4419 4675
3893 4339
1623 1832
3266 3399
2515 3620
4642 4708
4331 4427
1262 1605
562 775
3400 4085
3408 3763
1730 1778
2413 3547
2555 3695
2558 4145
1464 4634
2912 3370
1386 2111
4232 4795
1974 2251
4603 4677
3466 4137
1083 4026
3922 4693
1637 1780
1839 3953
2864 3471
83 3874
1421 2436
1971 2773
3613 4658
334 3018
4152 4707
3299 3975
2181 2803
765 4449
4611 4706
4205 4245
4490 4529
1808 2561
3088 3594
4009 4023
3492 4295
3873 4573
2896 3525
1176 1353
1886 1972
3081 4491
1610 4030
3576 4085
2335 3196
287 3617
2959 3234
3604 3867
4100 4592
2055 3428
168 2458
4766 4797
4059 4319
4763 4774
2394 2622
669 3118
2080 2499
4680 4735
1721 1908
4004 4515
140 2951
1766 4208
2320 4293
377 4290
478 4091
4761 4780
900 3693
3716 3732
2689 4002
3611 4135
2499 4008
1593 2968
1859 3390
965 2541
2822 4750
3110 3408
4010 4035
3659 4779
1695 3996
1683 4441
3419 4777
1609 4529
3266 4429
3435 3905
3906 4189
1983 3950
1076 3758
766 2317
1846 2591
1664 4431
2370 3648
1887 2379
4413 4664
807 3840
360 2688
3035 3336
128 540
440 1016
1572 3616
3291 3380
695 4612
2528 4464
4760 4795
579 2742
700 3091
1442 2792
3327 3497
2242 2600
1959 4541
4031 4562
1768 2503
452 1907
3979 4474
2079 3321
1308 2976
519 4683
3007 3915
276 3099
746 2189
4265 4496
4565 4572
4298 4563
1886 2112
954 1650
859 1198
1511 4625
2731 4155
229 3974
3389 4500
576 849
3933 4343
4632 4770
4760 4786
528 1584
3267 4553
1642 1808
2805 4302
1176 3442
1701 4619
4337 4590
2984 4528
2995 4389
1879 3171
4241 4580
3525 4113
2492 2954
1419 1766
1094 2158
2088 2142
134 592
4311 4445
1350 2922
1500 2830
2790 3112
3594 4671
3164 4203
227 2502
1991 2895
4334 4770
4725 4771
1330 3793
4479 4765
3501 3617
518 3086
2866 4452
768 3049
3436 4492
574 1941
4703 4708
4602 4668
3032 4206
3953 4084
2130 3553
4328 4356
2007 2726
1115 1388
1658 1768
364 916
2506 3488
593 1601
2772 2940
2523 3447
4406 4525
1058 1991
4797 4799
2219 4520
2478 4615
2775 4070
1089 2909
3697 4373
4361 4652
1564 2048
4644 4778
4721 4722
1353 3910
1216 2362
18 3410
2570 3741
1406 2398
1793 3735
132 1227
2798 4723
4175 4661
2309 2822
346 3895
1631 3830
2472 3772
2263 2849
2738 4553
3501 4035
1253 1501
1002 1586
3467 4680
4796 4797
740 1072
3214 3322
1298 4657
4010 4764
1348 1918
3933 4065
4627 4628
4120 4561
618 3612
2968 4063
2151 2781
2331 3371
3526 4205
1073 1709
1456 4013
3652 4523
3310 3549
3458 4047
227 2601
1146 3875
2832 3117
2607 3775
1985 2720
3818 4093
2903 4430
2657 3526
1579 3050
802 3744
2845 4387
4234 4417
1168 1745
1907 2654
239 4364
939 2607
315 4110
4182 4194
386 938
1853 3419
4260 4637
2937 3518
1880 3781
1731 2328
1007 4036
1645 3590
3797 4735
2616 2898
3456 4789
3473 4270
3144 3622
44 4112
1237 1647
515 4534
1166 4221
1062 4527
4700 4715
4199 4725
2330 3508
1680 4734
315 2825
2217 2392
2340 2801
171 4365
4437 4541
883 4774
3692 4216
2881 3918
3067 4018
1124 3620
1416 4282
2704 3150
2727 4285
552 3808
3848 4561
1497 2909
2104 2224
4404 4442
4576 4793
3179 4659
1770 3680
27 3999
137 1426
224 2090
2210 2370
1946 4556
1125 2036
389 2319
319 3671
333 1356
2522 4382
3210 3446
2857 4690
2448 4618
4154 4292
4266 4497
1854 4273
548 4123
3193 4669
1692 2281
4571 4758
2803 4334
3287 4616
631 1396
4020 4217
3405 3459
876 1063
2509 4609
1051 3001
3573 4131
3455 4521
2506 3816
184 3779
94 3469
1047 3865
4608 4734
677 4123
2673 4005
4480 4542
1672 4083
1028 3673
1070 3927
3711 4797
153 4013
1735 4478
2351 4378
2602 3252
3219 3423
3353 3538
4760 4776
1553 4294
3156 4791
2300 2855
1582 3759
304 3873
3070 4117
1035 1537
2481 3341
950 3180
4330 4713
2800 3436
598 3695
931 2252
2541 4186
4136 4691
4332 4707
1440 4483
470 3902
4702 4762
2044 3957
260 3320
2613 3007
4553 4590
3445 3959
3965 4310
1221 1745
2779 2892
3727 3957
745 1411
2813 3194
3037 3808
1701 2192
4306 4583
3437 4112
3707 3844
4790 4797
3913 3928
2732 3653
3400 3745
3453 3539
2990 4325
155 753
2599 4293
59 1572
1793 4198
3134 3657
4641 4694
2295 2758
3614 4711
4369 4499
801 4200
2768 2780
2947 4126
1505 2645
1583 1821
4090 4203
2210 3471
4642 4725
4266 4789
1297 2552
2636 4051
1551 4248
1962 2505
277 543
4692 4761
1506 2780
657 3583
4103 4635
3768 4786
1693 1788
3427 4522
4354 4438
4731 4752
4158 4701
3113 4215
3771 4341
1544 4391
2863 3567
936 1059
1356 2060
1447 3884
4722 4741
3358 4723
339 4559
2145 3887
4441 4545
4168 4367
2619 4309
1570 3875
301 3542
3234 4478
855 3142
1070 2773
2804 3130
3902 4360
2106 2162
497 4100
4550 4724
4709 4795
4690 4720
4448 4677
1737 2900
3511 4459
4026 4707
50 2099
2383 3235
2482 3720
1463 2782
2820 2895
1840 4038
3172 4477
3358 3521
2482 4547
3792 4159
2511 4063
4118 4467
4747 4770
4062 4239
4524 4525
2208 4202
1955 4568
2072 4749
3193 3358
3543 4516
4452 4564
139 3963
3709 3713
2031 2316
329 3838
976 1935
1526 3416
2486 3059
3421 4256
884 1521
3375 4735
21 459
3550 3936
2852 4134
1008 2187
3906 4770
2248 3607
1497 4499
1633 4531
2444 4161
1082 2622
2615 4423
204 634
260 4452
3167 4722
3663 4724
929 3239
4619 4677
2569 3967
3872 4190
1277 3611
1246 4281
2858 3788
4699 4776
3108 3945
3731 4688
1632 4166
242 1632
111 456
4172 4554
1462 2723
3166 3995
2443 2858
4145 4162
3860 4422
1483 4448
4638 4670
4169 4735
558 1628
498 873
1986 2260
933 3683
748 4755
437 2435
1899 3414
953 4292
3343 4392
3434 4180
350 2961
1812 2220
335 1889
2160 2614
3449 4239
3222 4377
133 4670
1104 1386
1358 4368
4131 4561
929 4142
1901 3132
390 1799
3621 4187
3586 4502
1985 2391
1247 2922
1140 2890
1979 3692
2979 3963
4769 4777
3645 4214
748 3557
1621 1932
1605 2242
2986 3273
2700 4262
1332 1574
668 1920
1719 2160
2531 2620
1410 2479
2385 2802
3730 3976
961 3480
418 1340
4759 4781
1668 3864
380 4077
4260 4627
618 3874
1323 2779
4393 4426
1003 2920
3418 4308
4572 4640
4635 4714
3260 3812
2764 3274
118 2419
2141 2268
301 904
2349 2986
867 3849
4629 4779
3502 4362
3321 3589
851 3921
3771 4034
3409 4390
5 3323
1221 2269
213 2451
806 2173
655 1890
3418 4557
3603 3753
2014 3258
181 2560
855 4105
4165 4235
3364 3553
3898 4317
468 4775
3869 4539
1359 3169
658 3740
2311 3533
2504 3322
3349 4605
3200 3722
2204 2634
4465 4573
2658 3605
4177 4503
1241 4470
2421 3166
2289 2718
2377 4549
1693 3178
4416 4476
4394 4749
3746 3864
526 1978
3654 4074
4069 4668
1372 3840
1037 3740
3570 3623
4660 4757
4097 4115
4385 4653
3175 3840
342 541
3734 4232
2087 3221
1005 2018
522 4431
4217 4566
4245 4584
431 4620
1563 4422
816 4119
3153 4115
2920 3098
1417 1478
1125 4664
3161 4105
398 4452
3013 4738
3747 4621
1540 4043
4507 4663
4606 4745
2785 4469
1611 3247
1447 3952
1846 3086
4703 4742
282 4398
1608 4260
3304 4031
2913 3350
1969 2423
179 2049
2483 4779
4769 4785
2133 4322
4772 4787
2612 3037
2963 3429
949 4473
4790 4796
3121 4513
84 3390
214 4418
3003 3709
3527 4659
925 4001
3772 4707
249 1808
3080 3175
720 3377
3146 3872
4040 4206
1905 3289
2365 3054
4332 4375
1831 3942
1468 3577
4772 4780
2168 4372
4113 4465
3147 4709
834 2830
1977 2068
2854 4308
4127 4705
1994 2193
3639 3865
701 1186
3932 4294
1930 4763
3642 4077
2753 3088
2033 4146
4011 4448
1848 3066
4470 4529
3262 3652
552 1603
524 2124
3159 4274
4272 4437
3924 4751
772 1819
3101 3427
3633 4411
3547 4681
3895 3945
610 1699
685 765
2522 3908
2879 2999
1118 2855
2313 3675
447 3926
1714 1977
996 2729
4318 4646
1030 1716
4699 4773
166 2577
3494 4790
1593 4527
1866 2601
4307 4441
2220 2848
2867 4137
162 1079
2124 4079
3540 4132
2324 4552
3627 4306
1476 4189
3543 3846
4676 4721
1812 3769
71 4148
3399 3404
2347 4776
4718 4774
1100 4161
718 2716
4682 4756
1119 4566
2798 4567
2961 3295
1336 2706
4746 4751
4760 4763
391 675
3667 4673
2815 3599
654 1435
529 1634
2649 3692
2861 4148
2618 3134
3096 3346
4069 4690
2328 2975
2969 4445
2902 2998
1312 4431
645 4047
2613 3736
2716 3743
2106 4604
4278 4439
1820 4707
1383 2641
3970 4546
2678 3448
3744 4585
1894 3660
733 1874
1192 2827
3894 4257
3985 4539
2357 4224
2872 4548
4579 4717
4400 4787
4786 4789
4570 4746
4150 4623
2520 3164
722 2532
4679 4685
2888 3330
3789 4250
4208 4210
2180 4270
3833 4192
3268 4615
2270 2307
4447 4777
2553 3281
1381 4014
133 423
258 3434
2092 3224
1157 1455
1910 2120
4601 4757
4171 4599
4597 4736
4239 4708
3658 4049
4586 4766
3168 3735
4026 4090
1142 4662
4370 4588
1401 3830
4189 4521
2020 3672
3907 4380
1412 1937
3039 3569
3194 3650
880 1415
622 3709
2242 4487
3068 3151
4363 4383
680 1926
3284 4157
4438 4593
788 1142
4492 4705
2432 3970
2031 4344
3787 4547
2418 3076
1150 4090
79 1117
3031 4021
4071 4206
3315 4250
3180 4420
4749 4793
707 2281
3890 4784
274 2213
1284 3572
3048 3929
4559 4646
2392 4794
1596 4462
1472 3649
1640 3060
508 1352
4673 4703
3437 3762
947 3633
956 1309
3405 4516
3888 4311
1870 2552
4076 4536
3253 3516
3164 3596
244 269
31 4118
4447 4710
4716 4744
2695 3234
2655 4593
1760 2917
3468 3547
1325 3371
3612 4059
3326 4586
3469 3511
4349 4637
4768 4778
4753 4792
3572 3893
125 1228
3644 4020
1375 2610
1137 4246
3425 4690
1739 4778
4428 4493
308 4539
1749 2860
372 3461
2837 2960
4666 4725
2379 2483
65 1381
4706 4757
640 3464
299 1456
2522 3757
3110 3664
3950 4653
2149 4051
3079 3806
120 2932
2821 3950
310 1812
3740 4231
4683 4789
2421 4453
2197 2937
1951 2068
3463 4031
618 3529
2381 3683
803 2496
2809 3977
2308 2825
4388 4489
2320 2763
1039 3626
1628 3238
2205 3521
3343 4557
3316 3362
564 1156
1673 4119
4643 4668
3751 4650
1845 4240
2400 3522
2138 2555
4559 4596
660 4518
2002 3551
258 2960
4053 4498
390 799
3526 3559
681 4471
4016 4330
1312 2367
1004 3366
3731 3746
2376 3538
1515 4277
796 1275
2412 2601
4570 4626
1163 2774
4435 4620
4221 4295
2792 3060
1259 2296
1073 1703
3249 4119
4141 4497
1312 2683
497 962
3275 4071
1722 2179
1800 1920
3583 3637
4050 4245
4478 4648
3225 4185
1643 4151
4 3514
1930 2284
3132 4797
1775 3989
448 4243
1010 3217
2874 4468
2560 4605
2676 3857
130 3890
3417 4258
825 1931
2647 3967
3393 4575
4750 4783
3119 4588
1148 3545
3329 3904
189 420
353 3955
3581 3769
1107 3322
4222 4353
4775 4788
109 2075
2676 2785
5 4312
4260 4649
4202 4786
801 4267
258 4307
2350 3039
1966 3943
3102 3345
1360 4170
569 4023
2784 3781
871 2202
2005 2461
2566 4703
595 2498
2896 3749
213 4070
4252 4367
1727 1858
3206 3676
1568 3711
4024 4500
3332 4761
2932 3382
3771 4743
2458 4548
1569 4381
2192 4341
4754 4773
498 2287
294 4593
376 3413
942 2081
3416 3933
2059 2460
3697 3739
3433 3577
2737 2792
2535 3369
2447 4437
1298 2905
826 2299
4435 4452
890 2261
1201 1502
831 2028
1783 4099
2418 3035
3954 4143
1706 2363
2458 3141
3851 4711
4660 4682
1931 2802
4566 4674
2121 2360
94 2831
367 2762
2572 3638
1649 2721
4675 4738
2576 3623
2213 3171
2715 3309
3437 3644
2249 3291
933 3129
2891 4697
4049 4370
1844 3304
3074 4046
3891 4703
3508 3708
4544 4769
877 1202
648 4501
4568 4683
1999 4317
3849 4710
2362 3611
674 3308
2032 2564
1420 2039
2922 4327
2162 3251
573 1397
3020 3200
2707 3282
844 2107
3346 4557
1805 2341
4464 4660
2403 4273
1563 3310
2765 4212
3867 4609
530 1824
206 1896
1962 3458
4149 4161
2494 4186
1078 4571
4462 4669
1254 1670
826 4709
926 4669
1683 3312
4200 4510
500 3201
4454 4699
315 774
4521 4789
182 3499
4376 4435
2403 3853
1179 2052
1425 2788
2297 3973
3778 4603
3488 4002
4645 4709
206 1581
2298 3444
1675 2810
528 2549
2079 4707
2959 3581
1613 4463
4727 4785
1119 4082
2146 3443
3694 4192
1096 2382
3939 4193
3020 4679
4669 4681
2869 3417
1881 2290
4294 4377
2987 3533
1179 3143
2076 4617
2340 4519
1141 1941
843 2590
4793 4794
4698 4746
3753 4160
867 1388
2654 4076
1229 4509
2738 3941
362 2137
264 2723
3718 4513
1732 1948
1989 3731
3962 4078
36 1381
3317 4268
714 1213
1939 3698
3751 4393
63 1429
435 831
2537 2761
3225 4668
4330 4770
820 1071
3123 3470
3556 3980
123 3543
621 2403
2173 4360
1901 4182
2018 4240
2881 4545
894 2201
234 4209
534 1810
1132 3063
4696 4744
2694 3163
3932 4470
3057 4635
3896 4708
4235 4322
379 1902
3629 3916
1660 2107
159 1467
1298 1607
3568 4443
2848 4352
4646 4720
4417 4558
2621 4269
74 2571
670 4015
878 3096
2163 4262
1504 2970
1575 3515
3934 4698
618 2230
2813 2897
2672 3894
1590 4771
1719 2090
949 4551
4029 4064
2395 3285
4034 4225
3330 3578
388 4724
4473 4500
2209 4096
2798 3687
637 2509
4722 4743
1342 1682
4415 4625
4701 4784
498 4225
2309 3685
1816 3553
813 3880
3372 4135
707 2685
2125 3587
4 2585
3979 4527
1698 2087
1411 1753
3895 4791
1350 3231
1341 3260
3653 3659
4708 4757
806 3206
3379 3988
381 3562
835 1737
562 1944
4757 4774
449 4211
879 1280
983 4155
1832 2951
3972 4686
2299 3204
2075 2833
3653 4692
4359 4532
1445 3139
3884 4528
142 4344
2012 2649
240 406
2473 2745
1599 1910
2830 3878
3331 4344
3684 4204
3782 3952
4334 4608
4128 4375
476 1861
2654 3122
1436 2924
4027 4062
3846 4149
4065 4731
1292 3137
2284 2827
4464 4765
4359 4709
1184 2966
2484 3529
2655 4683
2919 3735
356 4323
3736 4478
2989 4572
2241 2512
2525 3560
1357 4468
2762 3552
1641 3632
2405 2579
4608 4763
2387 4047
434 2123
606 3007
2055 4309
2166 3122
3771 3793
3362 3530
3490 3726
1680 1767
3483 4279
4787 4795
2123 3740
3696 3821
326 1529
4591 4769
633 3172
3400 4105
4676 4729
2542 4404
3433 4698
2124 3978
2476 4153
638 3516
2132 3193
2403 3722
4281 4770
4715 4791
360 2107
2867 3278
4364 4595
3071 4529
3748 4380
1881 2257
2664 4070
4768 4788
2636 3811
3648 4625
1701 2897
320 4567
4595 4757
737 1935
2293 3262
3610 4512
1782 3135
2230 3357
2863 3026
4096 4387
885 1397
4631 4705
2261 2827
284 3824
2021 2515
4046 4195
1387 1856
1993 3320
2858 3838
4306 4750
3597 3792
2211 3973
3608 3851
1114 1573
2930 3626
2687 3098
4690 4797
1584 1849
4058 4287
2409 4297
3604 3942
243 482
3357 3523
1492 2064
2434 3567
4146 4333
3761 4745
2054 3626
2629 4149
1418 3717
2673 3158
3681 3685
1020 3918
2938 3944
1847 4301
2198 3198
2477 2979
4731 4745
3884 4197
3395 4382
909 1502
188 938
2380 4326
1867 3015
1228 1640
4590 4650
271 3853
3209 4598
691 754
4661 4759
2561 4409
4057 4085
4221 4311
4246 4658
1594 4077
333 363
3391 4693
4110 4598
2353 3283
1272 1726
916 4215
3375 4758
87 1565
4484 4492
1158 3721
4753 4779
4461 4485
2214 3794
3621 3852
898 3526
2052 3309
4651 4747
1853 3502
400 3260
2765 2938
999 2881
1356 2192
1669 4597
1871 3978
73 2913
1516 4313
1145 3720
2722 4281
1786 4708
1321 1854
2881 4092
3697 4493
756 862
799 2885
2620 3794
896 2906
1887 2696
893 4339
2408 2500
3666 4099
4760 4777
492 2495
1683 3868
2520 2532
972 4141
1629 3742
199 1572
3853 4168
2614 4108
562 652
505 3617
187 3256
2642 2823
1710 2027
3973 4051
128 2374
1896 2972
3300 4505
571 1844
4392 4770
4439 4534
2342 2541
2881 3637
213 3869
1071 2630
2718 3453
3526 3713
1653 2093
2857 4409
1899 2826
93 2979
4156 4401
1053 2813
612 4562
3606 4348
905 4574
1439 2740
3719 4576
2213 2466
145 2368
4185 4694
3198 3957
1144 2394
4790 4792
3996 4327
1339 4304
2453 3196
1548 1565
4379 4474
1929 2849
1482 3389
452 3166
3043 4024
3600 4792
4673 4754
3336 4797
2048 4527
388 1565
336 4192
1531 2843
1837 1932
1172 4281
1483 4381
4479 4530
4738 4752
1806 3149
294 3318
1627 3967
1313 2199
1688 3145
1872 4639
3527 4152
4160 4702
1785 2336
2145 4721
3487 4079
1063 4436
1416 2938
781 1835
4014 4795
3984 4762
1935 3779
1097 1475
2668 3776
2262 2710
2688 3107
1667 3788
1972 2081
2751 3406
182 1719
2710 2758
4654 4709
3004 4712
1169 4142
768 3116
2450 4786
2307 3269
951 4687
2877 4788
4669 4674
4270 4355
1898 2048
2813 4587
1800 3358
1995 2316
347 2183
2162 2624
4527 4799
251 2049
3624 4086
2332 3897
2282 4171
1456 3533
2107 2206
507 1746
3333 3673
2108 2205
2847 3937
3460 4180
768 1022
4433 4530
617 3651
1094 3964
875 2282
1801 3065
1539 1853
1900 3254
2605 2986
77 1242
4318 4700
3371 4606
3288 3501
68 4333
4646 4729
2845 3268
3713 4545
1358 1501
1389 4700
1948 3760
2064 3083
3576 3636
2185 2394
1015 1130
1139 1299
3808 4548
1894 4791
2455 3853
3816 4429
1439 1915
3865 4271
3435 4430
4796 4798
4275 4629
4275 4345
2184 3529
1513 2600
250 3018
4348 4726
293 366
1020 1740
2627 3731
826 4002
1103 2951
1750 2853
2095 2233
1382 2251
3133 4148
3245 4002
392 3127
2205 3730
2958 4209
3819 4090
2779 3108
411 3391
1614 2199
4411 4671
1146 4009
3908 4322
4426 4683
4167 4548
3425 4698
4354 4520
3196 3604
3490 3516
1577 2436
2122 3529
2122 4101
1358 4133
2129 3550
3753 4464
1352 2916
1300 1872
1160 3825
2810 3162
1068 2363
4599 4747
1374 4337
1242 3760
761 1798
1597 4627
3361 3586
515 1361
1863 3480
2949 3076
2283 4143
634 4615
4585 4785
1420 2686
1415 3677
100 3236
2061 4787
3502 4195
286 2532
4141 4581
1465 1532
1030 2768
1730 4053
656 4159
465 3924
1724 4715
3458 4366
1257 2653
2799 4779
3370 4610
162 543
4046 4761
2995 3667
370 4661
3075 4593
106 624
2087 2372
4637 4727
2158 4355
3348 3682
1446 2136
1545 3188
340 2670
521 1141
1575 2544
3345 4013
325 3843
4090 4253
4142 4346
45 4771
3189 3553
1318 1629
3283 3290
3844 4369
2777 4508
2252 2395
1342 3713
1207 4769
2708 3740
1215 2214
4240 4326
4231 4515
3660 4402
690 3191
3472 4090
3009 4285
2424 2852
1700 3778
72 3950
1059 4467
45 3294
2178 3692
550 2365
2731 3485
567 2425
4705 4776
2971 3431
62 4260
3996 4279
4579 4601
2850 3805
2139 4625
4417 4485
1728 3849
745 3364
2758 4363
2949 3081
4160 4440
2596 3894
1441 2257
3187 4670
4594 4654
3453 4540
3644 4303
2861 3805
1062 3334
642 3295
564 1727
2246 3861
3542 4421
2866 4050
323 4750
53 2039
171 564
4545 4634
1200 4555
2655 2911
1072 1110
3594 3796
1935 2101
4124 4769
1452 2503
2311 2891
4729 4793
1441 4366
786 2058
2898 4634
2468 4386
995 1488
541 2962
4435 4624
2027 2680
3809 4267
1777 2509
3263 4077
2393 3270
1233 2214
4219 4340
4687 4763
2636 4546
4504 4737
4286 4562
508 4728
3517 4145
771 3942
488 4379
3374 3583
1808 4758
3267 4364
3483 3847
1285 4613
1012 4717
3520 4739
3210 3666
1151 4659
3072 3937
4577 4668
3397 4014
3307 4734
3052 3675
1614 1644
1491 3792
2143 4789
853 3847
1921 4713
2421 4620
723 3924
866 1764
1710 3566
4311 4369
3503 4542
2829 4403
81 823
3238 3275
1005 3007
2272 4159
1837 2907
1166 3773
3318 4435
2813 2946
3450 3495
499 4623
2019 3637
3663 4731
1505 1780
53 2521
815 2145
310 3297
1167 2431
1807 3252
4725 4763
11 1938
154 242
657 3626
3701 4386
2186 2800
3703 4150
3828 4435
4421 4658
1086 1745
1749 2575
1919 2024
4482 4582
2647 3956
3748 4280
3721 4434
3938 4512
314 655
358 2878
1591 3833
1276 3294
2368 4199
4101 4305
3138 3823
2605 2938
2402 3242
4224 4707
538 4672
1881 2565
4291 4757
2268 3400
2626 3223
2556 3934
2948 4720
147 3084
1357 4560
4127 4192
699 1504
2965 4571
3506 3717
3439 4518
1526 3318
959 4681
4238 4786
3946 4782
3568 4569
118 2382
903 2882
2510 2872
1542 2322
2039 2095
3207 3460
1097 1834
2193 2401
1279 3475
2565 2692
1026 1114
4357 4650
1078 2182
3627 4032
288 2626
2374 4513
3062 4661
3842 4365
1558 2895
1577 3041
702 1590
4421 4721
798 2102
2725 3930
3039 4591
505 3253
1946 3023
1635 4514
4725 4793
3657 4626
2834 4014
3176 3870
3642 3680
4590 4602
4107 4631
293 3858
504 1189
3690 3745
1630 3136
3235 4490
234 581
4679 4761
1039 1462
2464 3552
1723 4619
4252 4642
343 2117
2480 4267
4718 4781
2215 3916
1403 3015
4433 4724
4679 4695
2825 4723
3689 4031
3385 3428
2680 2971
875 2057
4463 4519
3559 4675
3882 4239
2970 4029
3705 4742
3938 4512
399 1490
4287 4533
2725 4510
2778 4625
4055 4522
1828 2105
4482 4493
576 3475
3024 3245
2243 4739
4153 4468
1434 4249
1878 2929
4594 4684
917 2336
2062 2119
4231 4732
2450 3896
4422 4469
2179 4366
4380 4591
1020 2552
3331 3970
545 2208
3331 3955
2107 3419
1828 1961
3100 3651
3159 4737
4189 4674
520 728
368 1624
4122 4517
3895 4328
3692 4717
249 2428
1226 4776
456 3846
2310 4283
988 3696
1641 3506
1300 1459
1925 2551
2513 2565
495 2789
1277 4029
757 3574
1196 2435
1249 1940
366 4581
727 3864
4022 4357
1219 1604
2269 4521
1285 4022
4700 4768
46 2981
4224 4535
685 789
2064 3864
3154 4500
3931 4316
3414 3827
3234 4472
294 930
1799 4654
2996 3613
3602 3810
1112 2042
2572 2780
542 1678
2408 2779
2795 4534
2065 4081
2568 2753
1484 2486
1656 4546
614 4572
1774 4550
4312 4408
4615 4772
3964 4352
1850 1945
2049 4290
3317 3984
1284 2069
4391 4684
2647 3573
863 3981
4649 4714
287 2737
4659 4746
2687 3821
4316 4632
314 2726
1895 2892
4669 4705
2802 4548
3641 4714
2110 2416
1419 1485
2375 3120
1695 2777
1068 3508
1008 3136
4721 4737
3223 4216
1593 4769
1520 3973
175 3371
792 969
2187 3076
4765 4788
2630 4391
4773 4785
143 1214
275 2264
3250 3875
1820 2589
4725 4760
2891 2979
2203 2490
485 633
3544 3892
1870 2454
3995 4532
473 1283
1869 4761
3403 4190
116 4071
1871 4695
128 2403
431 4594
4142 4363
607 3729
3926 4374
2959 4519
3001 3599
4463 4740
4050 4053
3114 3368
1526 1888
4740 4746
3309 4713
495 1075
2175 2544
3669 4049
3352 4439
2328 3374
1039 3450
2950 4408
3256 4028
2517 2938
1804 3394
1898 2075
857 1937
4022 4085
288 3131
4456 4487
2605 3533
2811 4709
4188 4754
2699 4624
252 2888
89 2890
300 3885
3186 3351
2834 3638
4156 4261
1884 4533
4456 4558
1126 2518
379 2007
2433 3081
2364 4723
3570 4157
3926 4221
2795 3396
4422 4636
912 1681
3624 4705
1329 3650
4381 4799
2686 4448
1126 2109
4027 4600
3467 4105
1563 4176
2048 2207
432 1401
911 1612
3954 4036
3722 3899
1734 4206
2361 4214
4535 4666
2326 2707
342 1433
4539 4795
3871 4592
3041 3312
2010 4726
984 1342
2747 4425
1533 3394
3970 4556
4248 4534
1333 3004
4047 4336
4282 4621
2141 4204
3172 3397
3011 4537
2653 4068
2989 3582
1194 4683
3406 3500
3983 4650
3261 3352
3384 3719
3115 3866
1827 4455
1049 3873
1903 2096
2414 4309
2925 4482
4476 4533
1410 3361
1716 1829
1394 2696
4354 4451
4006 4236
2686 4455
2351 3619
1231 4596
2894 4232
147 2641
1683 4618
2633 2923
2616 3748
1507 4534
4222 4374
716 3911
1257 3073
1146 4242
18 759
98 3967
4332 4366
3239 3458
497 2155
3325 4336
1852 1912
195 1508
4317 4528
4318 4752
2748 4536
2733 3100
1052 1600
3339 4576
2995 3571
3504 4602
2698 2736
2995 3840
3338 3716
4481 4554
3184 4679
2099 2791
970 4400
2073 4127
1668 2759
2471 3209
471 3399
3054 3944
903 1317
1356 1799
1490 3400
2050 2652
3851 4688
1569 2334
2466 4023
4771 4786
4156 4529
3194 4491
3995 4586
717 3872
2136 4036
1786 4204
63 3930
1989 4024
1355 3426
4043 4247
3862 4728
1225 1909
3548 3726
3122 3422
3649 3963
4593 4756
1465 2575
2107 4032
3886 4247
492 3936
2971 4205
2936 3023
193 3340
3099 4593
1339 4456
456 993
3623 4628
4183 4211
392 2638
4674 4799
4451 4462
1399 3107
802 2845
971 2482
4630 4762
3335 4291
2221 3356
1510 2156
2637 3761
3511 3543
713 3659
1807 2164
174 2490
3495 4064
1272 4649
2220 3273
3754 4781
4343 4405
4234 4501
3796 4116
1943 3244
3870 4601
3232 4150
523 3633
801 4319
1124 1915
3289 3909
896 1417
630 1185
2639 4456
1930 3424
2356 4220
2772 3498
2479 4518
1930 4169
3535 3757
4618 4685
2351 4192
720 4636
4352 4361
2679 4750
1716 3831
2910 3572
2932 4623
212 2747
807 4767
4196 4213
1310 3963
1817 2216
844 1433
2091 4262
2065 2758
3878 4675
576 2788
4248 4764
3316 4554
2084 4090
4738 4775
579 4523
3005 3965
1361 4523
2510 4675
1570 2040
1592 3977
3652 4571
3346 4568
2750 3584
4264 4324
717 3260
3311 3321
1949 3423
4123 4483
1252 4014
686 2016
626 3560
159 811
1155 3044
3148 4452
1671 1747
1250 4255
4664 4799
1738 1834
4701 4790
3478 4471
442 1456
3535 4757
4053 4207
2790 4655
2974 4575
129 1801
2478 4599
835 3506
1778 1943
3386 3398
3436 4319
757 3700
4092 4450
1787 4009
4226 4438
2203 3656
4273 4521
935 4725
727 863
1357 1616
1312 2819
4676 4793
2995 3986
730 1348
834 4475
1160 2050
3726 4237
2686 2852
2139 3462
3535 3714
300 1938
2698 3827
3617 4784
1084 4233
3315 3384
3319 4781
4235 4731
607 3423
199 685
883 2560
4037 4799
4557 4707
800 4037
4230 4291
1946 3162
628 2567
2636 4767
2950 3535
1844 2340
2411 4665
497 2246
753 3451
1846 4778
3534 4310
1974 2947
910 4721
216 3686
4596 4614
68 4122
245 809
3976 4028
2589 3361
3303 4633
2429 3846
1430 3078
2853 4187
4312 4796
1268 4299
1594 1689
3498 4706
1302 1717
1670 3501
1295 4250
4540 4587
3786 4443
3716 4245
729 3048
1240 1417
3037 3443
266 2852
1654 3459
2420 3158
4432 4685
326 554
3204 3593
4291 4471
930 2324
481 4515
323 2598
3912 4557
2832 4301
2313 2726
3929 4697
4528 4570
1913 3100
1948 2655
1133 1190
3987 4358
2702 3132
4266 4738
335 863
4059 4205
1829 2582
1829 4726
3684 4729
2117 2534
2270 2921
147 1043
4657 4754
1962 3548
2598 4141
119 1729
45 428
2470 4583
793 4635
4075 4708
1678 2174
1755 2358
1035 1125
2297 4682
2413 2553
1825 3510
2680 3701
1877 3974
3276 3670
2268 3076
1556 2224
147 1910
2381 3015
4340 4799
4461 4579
2612 4273
929 3063
3256 3627
674 3400
4717 4724
1828 2159
3360 4755
2346 3658
244 1558
3825 4307
2238 2274
299 2597
4600 4682
4571 4666
1550 4311
4322 4648
2172 3781
3993 4534
541 1984
33 463
3214 4730
2406 3009
3061 3145
2992 3170
2130 2644
2907 4186
2543 3946
656 2378
2633 3008
1187 4054
2913 3090
4086 4290
841 1462
3795 4473
1258 1725
3017 3341
205 2653
1379 4100
771 3370
2990 3318
458 937
4544 4622
3137 4769
692 1893
70 775
1289 1744
4632 4731
914 1375
2188 3373
3126 3732
1290 1687
724 3089
2610 2961
4426 4675
1497 3157
3918 4358
675 1921
141 4657
3087 3455
4245 4544
4738 4789
660 3452
4754 4795
2571 3453
2885 3115
3298 3706
4378 4478
1732 3989
3514 3837
3630 3805
2207 3684
4372 4579
619 3545
3016 3765
1264 1891
3175 3468
2830 3515
4140 4179
3094 3637
4236 4357
1990 2413
96 630
4337 4716
370 616
3946 4624
2062 3149
3064 3136
483 594
1766 3765
2506 4413
395 3676
2433 3900
4049 4120
124 841
2902 3809
3770 4131
2559 4597
2937 4542
2269 4530
847 1162
2585 4478
3761 4137
854 3993
2875 3044
3316 4664
2109 2858
1374 4522
3245 3280
1380 2163
2412 2437
3251 3421
4167 4457
4267 4384
3339 4082
4695 4758
212 267
1189 4007
3610 4060
3723 3949
4398 4474
1346 1801
3255 4402
3202 4042
2183 3430
3652 3990
1498 4194
2980 3981
4414 4571
3144 4284
3916 4539
3896 4632
2789 3948
4010 4321
1274 3110
2048 2801
3772 4602
650 819
2998 3987
2783 2840
3875 4493
2919 3294
4490 4616
948 1096
455 2630
4455 4524
4416 4770
2823 3323
2170 3771
2273 3190
2899 4706
874 4184
4399 4604
1391 2225
2056 4161
2885 3200
3481 3548
1098 3732
2179 4252
2244 3056
1100 4299
4103 4245
3432 4067
1363 2900
2014 2231
2297 4136
3678 3863
3686 4053
2090 4243
1771 1861
3778 4484
1756 3707
2602 4344
3766 4311
2017 2888
54 3059
1642 3871
2969 3771
3879 4688
3572 3632
1470 3271
3621 4210
4104 4738
557 4397
1826 2023
776 1508
528 4735
1572 4243
18 2109
4144 4685
2849 3230
2070 2150
1611 1770
2108 3679
144 1303
458 3201
214 4299
973 3067
2494 3994
1149 1185
1309 3572
4606 4612
259 489
1275 4660
800 3801
1634 2923
1748 3837
2092 4233
107 3415
422 1458
938 2084
3996 4042
38 3370
2973 4544
2403 4681
2368 2996
395 4664
3988 4221
2904 4694
4439 4475
3781 4766
4286 4406
799 4091
4108 4693
2275 3786
2381 2981
1023 1688
4108 4648
2446 4334
1680 4160
1969 4695
2339 2389
1332 4051
1697 4004
2355 4424
1332 3361
1404 3744
4681 4712
1800 3457
4502 4544
416 4479
894 3483
572 1260
861 2948
1822 3948
3740 4372
3553 4249
1625 2592
1078 1953
4694 4741
1535 3667
862 4115
2115 3371
2539 3993
1698 2083
4203 4738
2179 2828
3423 3894
731 4511
4094 4713
4379 4409
1913 2230
3643 4342
2976 3041
1751 2617
754 3473
847 1838
2663 3549
886 1112
1815 2260
4750 4769
1097 3738
392 2949
3186 3878
2359 2755
3281 3873
2632 3578
2801 4243
786 4371
3116 3836
3770 4695
3419 4314
1786 4330
336 3942
2340 2944
2125 2716
4353 4524
2110 2446
3099 3886
2127 4031
1832 4128
1872 3975
3650 4717
2883 3923
842 4016
599 4673
647 3719
3796 4131
3798 3806
1809 4557
3872 4028
4515 4591
3053 4203
3295 4656
4241 4497
3451 4723
2354 3255
4340 4443
2354 3414
3623 4784
1082 4179
2164 4434
3211 3936
4475 4791
637 1801
69 2096
1976 2862
2364 4791
178 3141
2719 3085
2413 3754
3730 4082
1470 4292
1117 2871
477 1117
1620 2503
3934 4279
3226 3456
4757 4788
3479 4513
624 4531
3213 4603
1958 4477
3369 4170
698 3639
1147 2427
3854 4219
2952 4543
4684 4752
1022 1805
3954 4522
491 689
4566 4586
875 2740
882 2230
4416 4558
1348 1591
4201 4482
4336 4447
526 3201
517 3756
2605 3274
3662 4239
3765 4115
4482 4739
584 4156
2121 4725
4266 4460
3526 3903
2063 2275
1776 1819
1061 4730
1204 2428
1986 4581
1489 3896
1326 1819
4458 4637
1865 3037
4628 4641
458 3535
459 4317
4662 4691
467 2240
4790 4795
3015 3648
4041 4266
1553 3786
2130 2260
2094 3666
3491 3521
3380 4350
4081 4668
216 3206
3148 4664
3433 4757
3253 3971
2575 2721
1883 2331
130 3502
4421 4651
90 2144
4790 4792
3688 4553
3361 3690
781 1326
3900 4006
1543 3054
2602 3181
4661 4683
2545 2952
938 3354
1031 1853
4400 4473
4316 4365
3624 3723
2946 4635
3086 3938
2620 3501
759 1837
2720 3623
593 1820
1645 2758
2207 3493
4397 4683
2249 3394
2721 3624
2754 3496
4609 4790
4541 4655
36 4081
4230 4596
2462 4410
1184 3256
1774 3734
1969 3234
436 3288
1983 4449
454 4798
2279 2650
2502 4125
2126 4339
3873 4312
723 1901
2398 4642
390 1997
579 4283
1419 2039
1068 2130
190 225
1132 2408
975 2228
4639 4648
712 2672
3760 4077
6 3549
4416 4573
3185 3965
842 4081
3 1365
3275 4198
4796 4798
1291 1803
1610 2854
3721 4434
2256 4196
2919 4145
3821 4067
4496 4624
1415 3842
4302 4540
2150 4260
952 3891
1436 1629
3072 4000
2394 4279
1434 3865
1659 3227
2980 3112
1963 4175
3114 3965
3822 4093
1779 2268
3453 4653
471 4033
2259 2552
3424 3749
1789 4529
4048 4370
2580 4442
2659 3937
4410 4691
4058 4268
436 3382
3643 4224
838 4603
3175 3785
4292 4679
4514 4537
4068 4198
2953 3953
3115 4186
955 3845
4355 4737
3826 4790
3245 4198
112 3690
2521 4588
2429 3307
1973 3044
2441 3965
4413 4786
1718 2985
4536 4709
2007 2047
2509 2919
756 4481
292 3295
797 2333
1571 4725
290 1980
1816 3263
4740 4795
803 921
3796 4313
3199 4393
882 2837
116 2238
4057 4619
1521 4216
4787 4799
3232 3889
2968 3226
783 1689
4235 4285
285 4069
1183 2061
1518 2460
1089 1561
1768 3197
211 1037
1190 2528
3108 4381
673 3935
3708 3808
4704 4759
3858 4597
2184 2249
147 4423
4539 4554
3471 3950
471 3892
180 978
3253 4064
3122 4123
2531 2620
196 3535
1433 2839
2345 2871
3236 4613
2779 4114
1161 4211
3509 4629
922 2926
4530 4798
3728 4437
2550 4247
2471 3130
948 4416
468 3276
3333 4568
2752 3386
1774 2570
2339 4489
235 4466
1408 3800
3839 3842
727 4088
2569 4296
499 2330
398 4137
2611 3954
3453 3939
3855 4507
4215 4258
310 863
1001 3367
2652 4266
2865 2953
3750 3754
4200 4634
2659 3972
2504 3930
2957 4554
3791 4420
144 3309
2443 3513
143 834
2049 3441
4665 4678
3388 4372
3425 4395
497 3132
4076 4144
2507 3496
4218 4470
114 1934
3320 3531
1746 3298
3360 4067
4482 4671
4687 4700
4488 4521
924 1070
4728 4763
3341 4503
2817 3657
2908 4415
80 2783
358 1561
2920 4671
4558 4759
1901 3138
40 2742
180 3321
3504 3785
1453 4505
3195 3458
1764 4492
3276 4727
1252 4418
2896 3872
169 380
3285 4312
3948 4092
4691 4714
2187 4728
2236 3635
269 1835
1599 3649
2366 2782
1557 3856
3950 4119
3944 4284
381 3060
205 2789
2538 3366
1910 2014
235 1465
2923 4613
2430 2836
988 4270
2179 4316
1227 1831
4030 4156
1007 2527
2404 3175
1674 4444
3515 3591
4071 4267
1632 3145
3008 3737
2723 3635
4570 4576
984 2626
2072 3217
904 2271
1026 1943
4167 4358
4577 4740
4149 4492
4551 4741
4140 4445
3030 4757
1882 2688
1364 3801
2503 3762
1786 2888
1779 3908
4668 4749
582 2164
264 4360
4333 4536
1558 4201
4675 4796
707 3596
2191 3338
4390 4553
953 1011
1436 3367
2541 3360
4391 4529
3599 4391
4324 4595
1454 3694
103 1588
3183 4204
2615 4123
1922 2401
3045 3107
485 2008
3611 3951
1550 1873
3299 3770
861 1294
1658 2239
2675 4682
3384 3680
883 1598
211 1767
4181 4256
138 1039
3976 4648
4215 4375
3781 3888
4543 4573
1616 2903
3936 4314
88 1854
2832 3159
4758 4774
1462 2006
3692 4523
3107 3315
2161 2832
3924 3966
1973 2324
3917 4174
2575 2585
2020 3036
1327 3678
1756 4444
467 4095
1690 4727
3546 4128
3304 3478
4105 4242
1350 2892
3332 4693
1227 1358
3857 3892
1026 3579
4608 4634
2780 3355
2810 3384
1496 2506
1415 2807
2571 4487
2121 2547
3291 4574
312 2669
1447 4066
2266 3971
239 3598
1570 3890
2396 3530
592 4340
4062 4598
4628 4729
4175 4537
1409 2519
2576 2659
276 1363
3827 3895
2278 2992
3191 4135
143 3187
1759 4437
2518 4118
2216 3278
3759 4618
3109 3783
376 4251
1689 2692
3068 3640
1515 4112
2723 2868
1227 1379
2588 4226
3900 4477
1493 3078
3293 3547
656 3752
1730 3846
3837 4029
1509 2303
4773 4793
935 3238
833 3192
2519 2892
3935 4044
1080 1987
421 1209
193 769
3080 3600
4525 4560
3167 4742
2749 4699
43 1216
156 2027
4680 4693
866 1798
1516 3454
249 497
212 573
790 2459
375 3468
1816 3945
2165 2607
2356 2964
4547 4627
2489 3118
3187 4099
4490 4501
539 2098
3325 4349
3283 3730
3550 4374
1036 3381
2691 2970
3904 4302
2283 2498
3024 4569
1232 1465
4313 4321
3875 4141
647 3900
842 2975
438 3144
65 104
4131 4686
39 4266
1758 4547
1415 3158
4610 4681
1178 1399
825 1036
3198 3722
4533 4664
1796 2921
4410 4613
2731 3421
4124 4750
570 1032
440 615
603 1516
3347 3599
1495 2274
1500 3772
4182 4456
1622 1968
4371 4510
622 1113
2749 2889
280 4100
1903 2053
3565 4412
2658 3256
1819 2029
323 3906
2729 3856
2102 2954
813 2330
740 4199
2000 3929
4080 4710
3085 4004
846 4087
2349 4100
3380 3948
4700 4777
4669 4688
1088 4719
3885 4637
1815 2765
3743 4500
4080 4658
3699 3909
4296 4754
2853 4292
1162 3093
480 637
629 2834
1705 3712
3108 3368
2102 2745
3832 3989
2097 2238
1615 2601
1985 4295
1391 3641
4765 4781
3022 4539
1797 4172
2924 3846
3898 4620
3825 4767
2021 3348
1651 3939
766 2333
4083 4128
2447 2576
2397 4397
869 998
4423 4617
1945 3786
3641 4071
1200 1460
4123 4151
243 700
72 649
2406 2839
931 4668
2143 4197
2880 2915
3391 4690
1478 2455
217 585
2293 3683
4116 4585
3567 3631
674 1410
3957 4248
484 3302
3094 4423
1560 1807
2370 3986
3694 4355
3620 3760
168 4318
31 409
1488 3854
4443 4455
4640 4645
4040 4684
1808 2061
4471 4504
4122 4777
2459 4081
1310 4059
1346 1739
2573 3081
2786 4088
3248 3681
1647 4346
1984 3029
4732 4750
2958 4636
2246 4690
3736 4218
3482 4669
1057 4378
2680 2766
2860 3326
1079 2694
2097 3906
2147 2252
1345 3992
4344 4606
2006 4605
1989 2940
2895 3196
2827 3191
4377 4653
4558 4590
2209 3819
4590 4719
301 4661
4727 4777
1448 3411
2593 4621
3468 4077
3714 4694
2843 2907
2662 3457
1307 2942
3238 4537
4525 4758
466 1901
1 3696
3185 4548
814 3178
2657 2668
3013 4463
2234 4376
3535 3924
3909 4033
437 4159
2898 3171
1918 2612
3659 4162
2607 3591
722 4491
3221 4346
1775 4657
1585 2757
4252 4731
4466 4741
2179 4755
2219 3354
3123 4327
696 3759
508 4323
3864 4173
3929 4394
2810 3664
551 1514
666 1241
2141 3317
455 4071
458 4785
3145 4547
4362 4732
2285 3953
343 2270
136 2131
590 4288
51 2620
3259 3345
2167 3941
3778 4428
4434 4788
3934 4759
2956 3346
3806 4679
311 4459
2499 3402
2862 3461
4609 4626
767 3469
2859 2949
1951 3706
1336 1980
3624 4756
673 2147
3221 3279
2353 3763
3666 4323
1311 3373
617 1414
3249 4748
3787 3933
3338 4465
4119 4672
2632 4519
1174 1184
1068 4685
936 2927
4686 4723
226 4233
318 2701
2520 3645
1455 2563
2599 4244
2693 3113
698 1427
2303 2548
2038 3328
3005 4318
2163 2570
388 3130
3524 4141
2663 2730
3623 4259
226 1227
264 1680
3340 3816
663 1868
3314 4554
2867 3181
2905 4533
746 3856
632 4498
27 3310
2269 3775
2217 2833
1637 4009
3442 4183
84 3023
3512 3579
3200 4028
19 3765
557 3336
290 3642
1199 2870
14 1798
3050 3839
3615 4146
3319 3942
332 4142
1874 4665
1962 4005
748 815
2229 2274
2990 3824
2189 3968
4504 4757
1785 2271
3706 4001
2491 4086
3211 3445
2926 4639
4600 4607
1751 2060
1577 2954
3556 4731
2394 3669
3400 3800
4404 4467
4386 4408
875 3590
23 4712
4283 4576
3530 4777
2482 3175
1861 2907
2699 4171
3171 4474
3179 4439
1901 4378
2782 3697
29 1941
3242 3438
4683 4781
4773 4789
1030 1524
4162 4328
2356 2951
4006 4253
630 4637
1388 1896
3751 3796
2046 3804
2208 4584
1703 1931
4697 4741
4621 4778
3097 3631
4153 4259
3862 4324
1447 2717
3952 4764
3975 4306
1538 3030
3679 3993
4249 4496
3438 4522
4508 4692
1673 2801
4765 4769
3826 4291
1072 1485
4185 4363
2792 3426
3105 4590
1326 3024
2364 3384
3845 4316
4312 4571
305 1394
2996 3345
2742 3926
20 4139
2445 3811
3826 3910
1230 2376
2729 3208
1399 2007
2286 3190
4076 4238
702 3877
4169 4188
2586 2997
1906 3255
2977 3194
1219 4493
764 4586
3349 4066
62 488
4791 4799
111 4145
1126 3429
85 1640
3211 4530
3258 4165
267 4450
1797 4486
1721 4733
51 3795
1260 2348
240 2857
318 1741
1399 2732
4593 4671
3364 3599
55 4750
3069 3218
2615 2993
768 1542
3310 4052
4600 4702
3708 4298
3584 4007
1586 2068
1897 2290
848 1816
1318 4695
3541 4506
2366 3811
2437 3873
3446 4499
1881 2291
4513 4519
3688 4639
4340 4742
2315 4080
1279 1718
2020 2535
2389 3196
192 3869
395 4441
1723 1852
4462 4568
2127 3583
1614 3009
592 3820
72 272
1798 1834
432 3954
1965 2125
4418 4605
2472 3756
2617 3785
396 2554
2595 2868
2316 3204
2225 2582
542 3881
986 3550
2697 2702
3102 4082
3480 3762
3101 3792
129 2013
2980 3394
2796 4139
3607 4134
1434 4545
4778 4799
3671 4637
4407 4711
180 2278
1302 1879
4676 4792
3710 4259
2118 2355
3909 4541
2265 3786
1360 3189
250 1931
1122 2651
4707 4723
3321 4393
2905 3719
2366 2383
120 1872
3350 4661
2994 4007
359 1197
2171 4365
1142 2622
2856 4759
2570 4145
928 4653
3821 4195
2355 3984
2475 4038
4009 4554
646 4413
2586 3590
4219 4784
4604 4624
3264 4195
2667 4351
255 3578
1933 4014
4142 4649
2769 3509
1133 3730
368 1321
3211 3620
2295 2436
1287 1546
3209 4278
134 2899
986 2772
3394 4331
1005 3568
2376 3586
433 1260
2591 3769
4565 4690
392 3747
3867 4758
1111 3715
0 2509
1935 3032
4723 4784
677 737
2334 2898
4263 4486
332 3385
3934 4295
2189 4367
870 4677
1974 2738
4055 4413
1497 2001
76 4532
1360 1785
1879 2989
774 2051
4012 4181
2120 3750
2732 4219
4252 4356
2352 3867
2012 3575
3496 3784
3867 4013
55 2244
3140 4130
4256 4692
1354 4364
2305 2813
4622 4639
1772 2147
3172 4325
278 628
2322 3900
1354 4468
1435 3689
2400 4098
1722 4302
1038 1692
1326 3935
3839 4272
3411 3983
299 2097
770 2843
4160 4328
245 723
763 870
3280 4796
2453 3401
1061 2365
2009 4286
3648 3883
2126 2593
1608 4090
217 3130
2025 3998
342 4353
4768 4773
2983 4481
3895 4649
1193 3689
859 4163
1904 3698
1975 3374
1145 2225
1142 2592
1642 2588
363 2569
4593 4772
4438 4669
3661 4727
4105 4484
3399 4413
1977 3050
4477 4639
3281 3470
3820 4332
4721 4741
552 2649
126 2540
1800 4557
2300 2580
1358 3958
4749 4771
4577 4746
4387 4508
4145 4372
2672 4483
3680 4103
2737 3846
2874 4337
465 3805
1190 3205
2081 2218
4085 4634
2903 4517
4761 4784
1360 4642
1787 1906
3598 3911
2766 4260
2974 4462
2571 3211
988 1172
4495 4742
4380 4728
556 2457
3790 4107
2056 3172
1815 2075
812 3129
1770 1780
497 3230
877 2400
4305 4332
2224 3013
3052 4319
4535 4634
3457 4487
4388 4713
2952 4430
41 3568
3321 4571
2745 3481
997 1096
3069 4676
3360 4104
650 4655
4731 4732
946 1908
991 1210
2153 3436
325 2192
142 3573
4433 4463
1561 2975
267 4586
635 1724
4775 4784
4180 4393
2047 3174
3835 4419
202 892
977 4281
3739 4364
3222 4486
4039 4228
2676 3257
341 580
2163 3558
4572 4673
154 3319
822 4285
1976 2771
1951 4153
2321 3174
4600 4724
2907 4290
1256 3530
3186 4357
4481 4562
650 1868
3383 3761
4040 4187
4042 4653
753 2022
4664 4782
2347 3280
3449 3770
4045 4613
3726 4179
2732 4717
398 2349
4001 4188
155 3759
1289 2529
3435 4568
3798 4337
3636 4109
2779 3159
1219 4616
586 1881
2530 3598
3884 3965
459 2724
4384 4609
2011 4519
3401 3631
4780 4793
4647 4675
4524 4558
4356 4616
807 2051
107 4779
3440 4429
2876 4437
2666 4079
3095 3640
3399 4355
2334 3166
825 2735
3178 3366
1458 3279
1248 2829
3034 3224
1435 1829
69 596
2417 3750
2087 3008
2135 3783
1739 3336
3002 3838
3444 4555
1388 2146
344 2607
2748 3895
981 4449
4140 4198
1944 4190
4742 4767
2796 3529
1973 2621
1392 3718
4797 4799
3010 4205
525 909
3853 3889
2922 3143
1560 2427
112 2767
1902 2277
416 3169
3182 4775
1006 1733
4712 4716
1227 2942
1752 3746
4140 4145
360 1028
2412 3233
1514 3055
2437 2947
2948 3890
3906 4062
4266 4767
666 2115
284 2353
3738 4618
3605 3970
4099 4729
3211 4735
677 4684
3993 4718
1238 3570
3268 3773
2897 3059
2692 3404
157 4461
311 3342
3114 3144
78 3705
1972 2169
1642 4795
686 1248
208 1500
4045 4626
536 4326
757 1144
2208 2998
374 2066
2684 3581
3287 3904
1502 4628
1383 3664
2270 2717
2973 3323
3315 4182
2251 3913
660 4436
1421 3729
1465 4743
3550 4387
4028 4219
3929 4429
4522 4549
3085 4628
563 1533
877 1997
1448 3625
2418 2696
3139 3987
209 3839
1579 4097
4492 4715
1335 1866
3848 4566
607 1693
3870 4081
2881 3875
4450 4564
4242 4267
3987 4233
3157 4195
2355 4015
4361 4496
4238 4538
2604 4049
67 2180
1814 2737
4128 4324
2337 3515
2802 3152
3922 4047
2331 2851
1562 3236
1153 2919
717 1685
4462 4703
425 1033
2457 2608
1091 1314
932 2061
2253 2700
2444 3192
2897 4235
2739 4679
3514 3827
4143 4471
164 3925
85 319
784 3873
3245 4758
235 3732
2635 4125
3009 4658
2022 4663
4409 4765
3885 4046
2094 4341
4491 4776
1701 3851
824 3160
4089 4479
516 1533
287 1919
3381 4592
895 3279
375 3061
3574 3762
3202 3825
1329 4417
770 4204
3185 4244
1409 3831
2553 3754
1584 4380
3524 4417
343 2206
4080 4202
592 1527
365 2913
3336 4160
4132 4341
4568 4572
4453 4630
610 1061
3702 4209
2153 3498
2758 4626
2967 4717
2448 4712
2497 3422
3811 3832
4251 4282
2409 4325
1857 2197
3962 4077
1622 3437
520 2602
299 3602
4499 4521
4204 4283
3915 4140
4189 4278
4505 4637
3991 4124
2050 2806
151 3260
3642 4678
4741 4752
4699 4740
2683 4320
1286 3381
449 3051
810 2269
3168 4772
4253 4334
18 2867
4226 4718
4035 4150
4699 4792
4221 4378
1920 3327
4161 4641
3233 4501
2275 4002
434 1113
2800 4262
4261 4321
1743 3238
1945 4078
4783 4790
2959 3331
852 1760
1008 3799
881 1852
4268 4574
2371 4324
4297 4629
2031 2720
1613 3190
2060 2367
1322 3868
4260 4490
3323 4335
4208 4708
4562 4636
2717 4391
4255 4642
1257 1656
2040 2379
3577 3774
2395 4093
255 2060
3001 3644
66 1794
2514 3557
2717 3701
449 1242
1602 1808
3060 3818
2918 2996
817 1813
1116 3786
386 471
4354 4571
554 1937
4460 4689
1885 2967
3495 4128
2145 2464
3409 4141
773 1602
1185 3046
4080 4727
707 2179
2775 3020
3264 4191
3380 4428
3140 3834
4242 4331
2147 4271
606 3050
2368 2809
3958 4145
3108 3914
1033 4532
1074 3548
2861 3222
3822 4576
2388 3535
2651 3564
4771 4790
94 3692
3626 4530
2452 4229
3400 3834
1607 2929
207 482
1850 3267
33 3569
3321 3863
2272 3234
1944 4588
2753 3964
1345 2246
773 4728
4123 4171
3609 3834
3543 4263
2128 3313
721 1331
4108 4523
4449 4586
1367 3449
3582 4173
4245 4345
1074 4183
2731 4228
647 1822
2509 3834
2363 3079
300 3491
3768 4137
3768 3957
1261 2117
3997 4639
2922 4551
1882 3632
2026 2762
3371 4706
166 391
3241 4653
2755 4663
3109 3280
2731 4413
2385 3889
3616 4354
1599 4195
1892 3824
1141 3109
4053 4120
157 2510
2122 3266
117 2426
1093 3017
1041 3194
4466 4625
3301 3305
3484 3824
4362 4576
1051 1386
1484 4678
1675 2162
4411 4496
3630 4604
2328 3278
3922 4102
1496 1856
2979 4475
562 585
640 2992
2350 3037
272 1232
2596 3565
1769 2545
1002 3641
4514 4522
845 3448
1476 2289
2006 2516
4614 4687
4437 4797
932 2470
4308 4345
736 1607
1755 1820
2325 4211
3633 4434
817 3366
3655 4376
4630 4677
4243 4404
1973 4418
412 2985
1194 3240
2767 3117
1364 3090
3884 4294
2127 3820
2548 2954
3930 4701
2720 3905
3032 4012
3151 4747
3374 3549
824 3287
1779 2392
1103 1805
3349 4558
121 263
4203 4343
725 2921
2575 3258
4561 4684
2481 2880
4422 4551
3197 3566
3356 4682
4578 4753
838 2256
1365 1762
2066 3839
4123 4364
2810 3034
3564 3572
1512 4045
4053 4779
3321 4207
1671 4240
4473 4482
499 3645
2083 4641
4053 4467
884 1925
931 3226
1545 4642
1072 3899
962 4454
394 1541
168 1438
1577 4290
3870 4171
4663 4775
2052 3415
2850 3510
943 1324
1915 2390
3041 4368
1569 3672
1788 2235
3250 4585
942 4334
4281 4548
2648 2813
38 1552
3219 4242
883 1196
502 3259
2263 2754
1413 3890
3791 4207
2886 3139
2712 3824
1157 4155
4431 4521
1224 3437
911 2732
2429 3568
2182 4154
1614 2875
4222 4621
3077 3849
4593 4612
1651 4686
4616 4741
2584 3119
1198 3339
921 1279
4499 4702
2618 3244
2157 4740
2108 3546
602 1193
3590 3785
4268 4709
2383 3836
3646 4760
2651 3976
3246 3393
565 4641
1400 2693
1824 3747
2658 3245
3811 3860
4216 4221
3422 4442
1298 4426
881 3195
2488 3545
1118 2684
4425 4581
1048 2694
662 2095
1871 3862
3322 4341
2335 2533
1261 4788
2466 3401
3941 3954
614 1072
930 2277
1186 1631
3324 4677
1217 2639
1840 2318
537 802
4764 4791
3817 4283
198 4126
4409 4501
2566 3096
3816 4203
3089 4645
2756 3956
2894 2920
3559 3664
3680 4085
187 271
4374 4488
3403 3802
3459 4001
616 3579
3956 4680
1422 4270
3267 4138
635 760
2278 3054
1651 3513
645 2214
4026 4083
4021 4360
2635 3098
3434 3957
2736 3574
2812 2969
3948 4053
4647 4648
2568 4142
799 2673
1403 1831
2476 3726
2529 4118
3339 4274
2306 3156
1929 3744
4716 4774
1204 2590
3436 4488
1146 3102
52 4078
451 847
1703 3096
4490 4521
4 4799
407 3735
3516 4415
2041 4750
2033 2358
1213 2918
2426 3865
1113 3511
1124 3478
178 981
2787 4559
2457 4389
786 1875
2050 2791
891 3397
2166 3095
2881 3222
4564 4587
895 2200
2619 3604
4300 4324
2679 3380
186 2493
4070 4736
3068 3977
3070 3881
1098 4751
2976 3021
4599 4695
1749 2734
2257 2927
892 2442
1272 1797
2451 4352
4254 4560
3171 4454
1098 1688
1477 1652
1361 1406
1877 3771
1353 3494
4306 4606
3618 4701
3193 3245
3787 4723
4309 4486
4512 4617
4030 4260
2786 3111
3042 4379
3994 4583
1444 2700
2386 3796
77 3631
4272 4370
3508 3991
4012 4360
2638 3165
1231 1784
2311 4322
2140 4316
4079 4759
4102 4134
3907 4022
1683 2478
4293 4311
207 1130
3949 4476
4125 4648
2898 3371
910 1038
2970 3551
3487 3830
2405 4222
280 2453
838 1163
534 2043
852 1475
3807 4567
112 4399
3045 4307
4204 4475
2512 4312
2229 2814
3377 4747
1196 3789
3459 4554
3963 4771
2106 3155
1722 2169
1867 4475
2975 4072
2024 2444
1834 2397
3200 3810
1585 2666
4766 4790
389 2802
3275 3692
148 1156
2836 2957
3044 4744
3350 3932
1715 4487
2584 2995
4097 4287
1582 1920
621 1883
2465 4111
3512 3784
4596 4771
3052 4561
3671 4094
3401 3740
2244 3661
1009 4652
2402 3435
933 3572
572 3413
3339 4580
3345 3754
317 1449
4033 4034
3906 4726
2091 2658
3501 3655
3998 4401
4307 4774
580 3303
4496 4623
1834 3763
2901 4230
2035 4591
4530 4761
4100 4636
173 4505
200 3707
4611 4780
1888 2175
1421 2503
4704 4733
4344 4670
870 2474
114 2780
2174 2843
2674 4305
2102 2710
189 741
857 4651
3917 4544
3476 4759
2234 3815
3711 4592
171 4162
1636 2284
4295 4626
887 2907
3906 4389
631 2964
3757 4177
3008 3267
774 3301
1441 4061
3915 4227
869 991
3656 3762
2484 3598
3520 3530
922 1863
4469 4490
2999 4343
773 4761
3940 4610
4446 4504
1120 4224
2809 4521
2121 4477
504 1986
2554 3749
3006 3115
1048 2489
2134 3971
4778 4791
1970 3352
4762 4765
936 1460
3802 4458
3845 4735
3071 4434
3888 4559
376 4172
4679 4736
3723 4021
2460 2871
1018 3506
4254 4748
460 4787
1876 4705
4020 4561
1595 3173
4220 4366
2770 3139
1685 3138
177 4235
1620 4674
1166 1705
1120 3887
4381 4401
4085 4485
1086 3105
193 4094
2509 4755
4484 4741
2725 3869
4624 4726
4136 4753
4271 4737
1436 4713
2674 2779
1682 4453
542 1375
2565 3689
2960 4091
3884 4182
714 838
1940 2509
2260 3134
4377 4557
3724 4334
3198 3636
85 2247
3166 3273
3082 4422
1842 4226
3867 4272
2803 4043
1801 2123
2088 4261
2755 3243
8 3182
2507 2890
3053 3087
1606 3991
3391 4299
3624 3847
1243 1823
3369 3788
248 2048
1391 3964
3118 3863
3245 3606
2441 4170
3739 4685
3255 3694
3380 3809
308 2633
2747 4036
1255 1862
4382 4640
162 3384
4442 4599
831 2988
2567 4101
2059 2988
2356 3740
958 3885
1919 4694
1910 3706
4311 4681
152 1096
3304 3650
642 757
1270 1506
1448 2453
2908 3443
1331 3457
1666 2768
2557 3654
144 921
1993 2362
2719 3321
3819 4318
3051 3348
3285 4616
3338 4207
1772 3815
2709 4763
315 2170
734 4005
135 2936
1431 2061
906 1834
3975 3998
1075 1794
3900 4700
1183 1289
893 4493
2026 4151
4275 4408
1908 3787
1371 2091
2668 4126
1297 2064
1648 3947
136 4578
4411 4466
2589 3876
1926 2730
2393 3937
4536 4743
3686 4619
3128 4462
2435 3007
589 1420
116 3048
821 3294
516 2542
2974 3730
3818 3968
3525 3896
2021 3659
1682 4539
390 640
3849 4062
2636 3767
1204 1360
3146 4688
3290 3787
2389 3788
4333 4550
3375 4325
2813 4247
3717 3830
4327 4449
3769 4116
620 742
3218 3289
2586 3105
1268 2882
1071 2865
1599 2877
1859 2912
2751 3481
4283 4765
265 4354
3484 4567
4332 4584
4410 4753
2881 3080
101 2054
1946 2746
1884 4617
1124 4055
3964 4510
1601 3105
1351 4379
4504 4746
4393 4458
1333 2685
973 2770
4624 4700
875 3784
234 4523
2743 4460
4454 4466
2462 4340
821 2226
3372 3519
1249 3661
4177 4280
774 2200
1388 4210
1570 4592
1192 1226
2167 2535
962 3752
1844 4597
827 2503
1182 2751
337 2386
4642 4686
4685 4752
655 3602
1590 2725
3383 4445
3798 4102
3098 3513
1700 3883
1698 2867
3030 3261
1632 1712
1654 3099
1943 2899
3122 3274
3478 4459
4074 4360
2684 2963
1149 3176
4363 4745
4192 4394
1954 3530
3320 3972
4743 4791
4506 4686
2271 4004
1633 2932
4744 4766
1248 3595
3925 4339
769 2666
680 4006
1802 3451
699 1285
4787 4796
4506 4652
863 3614
1336 4498
1710 4648
4397 4532
4595 4659
3627 3672
1345 1875
3868 4486
1956 4631
388 3612
2928 4347
102 1027
3835 4556
523 2771
369 1119
1185 3272
807 2209
1486 1678
104 1743
999 2915
1390 2475
3528 3708
2797 3492
375 4203
237 755
171 3159
711 4104
1923 2334
791 3025
2915 3069
1614 3393
4112 4569
4569 4664
4001 4140
87 3685
3731 4614
464 1195
1625 4477
4152 4759
533 695
4515 4576
3682 4638
2526 4610
1655 1807
4030 4649
2962 3390
550 3211
3196 3486
2595 3478
1634 2300
246 708
4502 4794
3454 4069
4787 4793
2149 2665
97 3338
3376 3465
593 2408
2770 2774
1146 3256
2648 3690
2242 2829
910 1717
3038 3841
4102 4328
2821 2839
2706 4587
800 1565
1231 1325
503 531
1518 3126
2582 2904
4255 4657
3733 4557
198 3670
163 979
1201 2788
1521 2920
689 3136
61 487
2985 4061
1085 2635
3810 4732
509 2742
1992 2469
1859 2768
199 4608
166 3592
64 2281
3509 3868
2434 3852
3826 4121
2970 4642
220 2260
3884 4316
3697 4181
4490 4763
3441 3699
2247 3380
1310 1452
3543 4717
1349 3694
3400 4102
1026 3378
642 2555
443 4464
4643 4715
3694 3740
3646 4217
3937 4630
3927 3993
4008 4494
4774 4789
3674 3873
2186 2571
2558 4578
3253 3422
643 2952
2394 4589
889 3346
555 3670
2493 4257
3992 4797
4375 4630
3808 4066
2008 4637
4035 4750
1487 4456
1386 4133
1891 2864
60 4007
3026 3455
1175 3842
2385 3020
4480 4702
1693 2045
2911 4035
3047 3858
2479 2905
1043 4432
4689 4693
724 2378
3177 3777
1031 4334
890 1396
4209 4563
167 3785
1452 2261
2913 4113
1372 3232
2619 3523
3654 3656
2258 4392
2354 4011
3156 4135
3683 4666
2470 3334
4254 4366
3103 4607
306 675
1279 1498
1329 2488
2439 3574
4279 4702
3342 3621
2867 3533
3374 3480
4783 4793
1630 1737
4428 4530
379 4540
4587 4787
1996 3980
3827 4197
856 1586
3598 3809
4070 4435
4020 4463
634 734
3215 4638
4246 4436
3577 4074
3055 4380
3473 4764
2211 4302
4789 4797
1858 2547
2968 3928
2086 2199
1682 3820
2069 3411
4200 4296
976 3721
119 214
4294 4573
3376 3661
351 3689
3300 3695
1695 3961
1002 3298
4624 4709
418 1984
3200 3793
2883 3681
1936 4091
2544 4395
2886 4144
3752 4411
4467 4563
552 618
1603 4799
4576 4606
289 3619
2824 3729
772 2956
840 2318
2214 3321
4135 4501
1309 4254
4225 4662
4573 4701
4201 4632
604 3983
1581 3727
1785 2398
4614 4649
3595 4375
3345 4202
4475 4683
3910 4286
1961 3122
2675 3915
3107 4267
3543 4463
2494 4711
4352 4552
3209 3263
3417 4767
3997 4158
4523 4634
1226 4135
610 1593
4670 4692
2558 3008
3523 4561
2181 4141
3030 4634
1574 3163
1266 2390
979 1121
4492 4792
3244 4508
2644 3779
1528 3675
4569 4613
2761 3539
2959 3539
533 2933
868 1895
1119 1877
2237 3228
3832 3833
4364 4445
3988 4298
2175 2575
2631 4580
1601 3536
3637 3798
3305 4528
2653 4291
2152 3571
991 2040
3047 4408
2859 3526
1230 2739
1461 3012
3406 3882
2255 4563
1970 3811
1110 3597
1930 4141
615 4183
855 2016
3619 4156
2397 2754
124 1128
2497 4779
2481 3093
655 4156
4572 4767
4274 4363
3768 4067
4453 4660
606 3836
3444 4786
399 2732
494 1644
3922 4794
3721 3987
3399 3712
4022 4255
985 2327
354 1795
2532 3906
1341 2140
635 2442
4080 4289
4084 4622
1877 2651
2224 4098
2014 2856
3780 4363
1545 3246
4553 4672
3037 3924
2673 3743
3423 4358
4520 4779
861 1545
2012 4799
4532 4601
3419 4599
1349 1455
4329 4681
2080 3172
4198 4791
284 1584
439 2715
3902 4018
3172 4661
717 1382
899 1893
2506 2664
2986 3729
4370 4585
2582 3123
1486 2700
1802 1900
4415 4718
147 3788
3261 3460
1580 4072
3516 4747
201 2891
4414 4719
615 4791
1727 3610
4631 4637
2838 2846
3959 4084
4718 4780
3177 4581
2086 4560
1400 4673
171 1631
4064 4655
4362 4799
4140 4185
222 3642
2771 3373
4269 4665
1732 2700
2079 2943
2498 3236
726 3743
637 2190
2646 3690
2587 4520
348 598
2141 2722
729 2833
3005 3170
2811 3939
2185 4763
2008 4698
3250 3884
926 3877
3268 4674
3429 4175
4242 4651
1886 3700
4213 4242
4350 4718
3959 3968
3613 3692
1252 2856
4669 4778
4387 4399
3444 3574
3373 3497
1482 1588
2749 2810
3721 4439
2019 3896
3694 4607
4603 4665
880 1526
205 3145
3650 3684
1997 4648
3979 4507
1437 1587
4635 4651
4038 4241
1438 2466
2722 4060
1076 3869
2296 3546
4369 4385
757 3842
2213 4065
3725 4507
4530 4785
3591 4085
1007 3720
1085 1140
3838 4721
3544 4523
2766 4335
3032 4094
2282 4410
226 1419
1652 2988
3705 4391
402 541
231 3012
3451 4423
4406 4601
909 1858
2239 3407
3696 4112
2576 2652
2631 2783
1294 1406
1947 2916
407 3106
4690 4754
1784 2327
306 1190
3336 3680
2490 2841
1673 3988
386 1107
2218 4143
2167 2981
3266 4453
2707 4281
1268 3665
789 4035
2885 3012
1373 4699
4538 4688
4091 4646
1356 3990
278 3110
152 477
801 4076
178 1694
903 1302
458 1794
1802 4783
493 2407
2389 2952
1974 4488
3685 4078
4535 4717
656 2667
1198 4767
2853 3867
4016 4174
3797 4072
4326 4732
2875 4228
251 3651
472 3821
628 1157
1847 3751
3508 4438
2823 4136
3560 3606
2714 4753
105 3535
4107 4318
989 4578
3961 4172
4163 4180
1173 2293
2831 3332
82 2493
2435 4563
4104 4239
1303 3834
2677 3821
746 1255
1942 2193
1999 2535
4171 4234
1110 1487
4110 4289
3617 4342
3090 3187
48 358
3938 4656
1489 1507
2669 2977
1240 2112
1051 2729
2979 4619
753 3583
3179 4298
2179 4046
3293 3806
3131 3220
1362 2749
791 4749
2728 3710
1663 1898
568 2860
4586 4728
216 885
1512 4390
676 1046
4648 4777
1035 1868
979 2277
1558 2198
2593 3107
3218 4545
3864 4464
3590 4757
774 2928
1041 2678
3508 3620
798 1887
2224 4282
535 2925
3266 3827
3764 4411
2110 2917
4760 4766
857 2129
336 1055
1197 4629
4065 4101
2976 4542
2562 3047
3391 4798
3466 4024
2036 2446
4045 4139
3876 4206
1930 2497
2216 4202
2519 4496
4333 4429
3353 3712
2200 3316
4331 4493
4218 4355
4470 4593
4096 4146
3051 3483
3556 3573
3636 4479
674 2280
506 3056
124 1163
4214 4709
1123 1464
1165 3795
2109 2566
4312 4657
98 2661
288 879
1970 4478
2046 4200
3813 4097
1633 2425
4627 4719
4097 4678
1494 3557
2916 3310
641 1497
4611 4751
2379 2405
1033 2540
3959 4503
4214 4480
1914 3509
2826 3478
2588 3049
4562 4796
829 3108
4134 4387
2009 4704
3843 4725
4769 4776
2273 3812
4674 4769
2037 4316
351 2170
1156 2226
2302 2316
137 2958
4336 4455
2636 4739
4372 4504
4666 4758
3892 4138
3175 3602
1809 3724
1373 4591
511 962
347 4453
4494 4548
3634 4584
3098 3343
1012 1342
1842 4147
3801 4456
4657 4664
324 4528
1405 4555
4084 4311
3493 4408
2626 3743
4161 4190
4101 4150
2877 3972
1124 4678
978 1680
781 2509
2692 4182
3966 4536
4234 4453
3314 4515
3903 4587
4096 4410
2893 4237
4690 4755
1588 3133
4032 4672
741 3024
3816 4732
161 3643
2862 3001
2100 3397
4673 4731
157 2805
919 3533
1165 3853
4602 4605
3066 4415
1643 2473
2933 3094
3135 3810
3426 4250
3218 3902
612 3474
4228 4775
245 3925
584 2989
160 2020
1522 2021
1554 4055
2266 3229
2767 3874
4789 4790
2052 3607
1640 3467
2390 4208
4733 4768
3553 3892
849 3954
3864 4768
2230 4531
2706 4563
3192 3488
3911 4383
4723 4791
1900 2284
794 4572
4329 4659
1476 4042
4256 4433
2334 2539
1672 3320
2510 4415
4421 4634
1655 4358
2594 3268
583 1383
2324 4546
4701 4744
1435 3704
708 4317
344 3416
2076 3874
72 2578
3018 4609
270 2074
4678 4701
4483 4602
4507 4521
3134 4110
3402 4468
2258 4006
1047 1665
1233 4408
4479 4722
3370 4324
2233 4695
48 3485
2757 3824
276 1605
1437 4413
195 2700
534 4394
2942 4286
3723 4108
3255 3698
4596 4759
1710 4787
3672 4084
2608 3458
202 2743
1031 4465
351 3908
1936 3712
3922 4049
753 3699
1477 4232
438 1272
2108 4545
3473 3818
4235 4638
817 2874
2529 4760
1151 1584
734 4211
74 1159
2890 4342
82 2979
3155 4666
4275 4782
161 4543
1597 3334
351 2609
2444 3213
1588 4469
2998 3629
4559 4788
403 2352
4463 4482
2558 3152
4352 4479
1837 4000
469 4691
2890 2894
4737 4740
1117 1837
781 1106
1415 4580
2759 3161
2038 4588
3932 4022
908 1744
262 790
810 1254
959 2043
2953 4356
4308 4446
1945 2506
4325 4436
3247 4663
3117 3161
2183 3932
1452 2064
3498 4723
218 329
4171 4214
3206 3700
321 934
3069 3840
3739 3795
2000 2336
4162 4507
1466 2972
3136 4103
4530 4565
4424 4669
987 1955
2008 3494
3467 3870
4147 4395
3974 4587
2014 2977
4332 4708
267 3783
3904 4026
3726 4648
4203 4556
3737 3903
1850 4707
407 2087
1395 2442
2673 3829
3899 4296
1784 3572
4491 4534
871 1287
707 3451
2990 4768
2789 3342
3886 4540
2082 2944
2956 4355
4085 4244
1309 2874
1211 1988
1787 3939
1816 2303
119 4491
4795 4799
4477 4634
3545 4389
260 3682
2945 3315
744 1848
3457 4572
3355 4279
2629 2829
2130 2359
4024 4545
2166 3331
3909 4133
2890 3806
2233 4489
1634 3635
4377 4786
3170 3739
2922 4599
2752 4667
3268 4661
133 1263
945 3442
3559 3849
4237 4797
4751 4768
799 2852
402 797
3879 4119
2064 2844
3966 4271
3180 4582
1761 4601
3605 3809
1620 3496
4197 4293
708 4766
2735 4432
3265 3660
1225 4486
404 3588
4521 4731
2093 2697
1612 2596
2651 3989
395 3129
170 3697
1851 3845
1766 3052
4701 4787
3445 3946
375 631
170 2818
332 3745
4452 4600
1537 3873
4597 4741
3289 4749
793 1111
769 3558
2389 4135
4109 4723
2230 2286
1785 3916
1891 2007
725 4687
4479 4675
2249 4062
3743 4251
897 4265
4076 4156
4407 4604
2233 4249
1248 2242
2424 2786
1115 1991
4241 4383
3689 4647
1914 4555
3387 4584
