3200 6400
1752 2408
2513 2540
1538 2251
1039 1064
1793 2630
30 1239
1616 2945
2486 2547
13 2117
2242 2794
771 1834
1732 3109
2475 2794
599 1728
2220 2226
347 3131
1971 2190
2555 2824
2121 2427
1027 1841
2556 2822
2264 3036
1080 2082
2257 2941
2190 2560
3042 3197
1952 2035
1952 2460
1825 2324
2006 2080
991 1539
1102 2972
1852 2917
3045 3149
798 1851
2518 3037
2242 2350
1526 3150
1872 2753
1401 2395
3009 3114
331 1797
2648 2766
491 1702
77 653
1392 2649
2412 2427
2734 3063
2465 2983
1804 2616
2521 3081
815 1607
3154 3188
3085 3125
2503 3015
2778 3038
201 961
577 1569
944 2528
685 1441
1537 1869
2360 2920
3108 3177
2851 3172
2808 3153
79 1277
2199 3111
1457 2138
193 980
647 2051
2993 3199
2458 2960
789 2924
457 572
1966 2751
492 1739
207 2572
1099 2633
2114 2603
1245 2987
2245 2875
2863 3083
41 580
1521 1540
724 798
23 2322
1145 2098
1756 2948
273 1394
2283 2886
1626 2084
3036 3187
622 2505
2232 2892
1724 2406
1599 2800
1528 2203
1414 2936
305 2609
3100 3118
2734 3054
1548 2319
449 832
410 1911
2238 3086
2123 2491
2339 3167
3180 3182
2626 2733
2442 2572
2219 3110
960 2717
1714 2149
1604 2830
2534 2629
707 1827
1327 2945
2023 2876
185 2702
2687 2955
2278 3125
2616 2962
964 2027
802 3146
1929 2236
1769 2752
2948 3099
2176 2882
827 2379
121 1682
1624 3057
846 3044
2514 3096
2891 2987
2554 3162
2931 3021
714 2386
327 2385
451 2740
29 1513
1254 2316
30 2138
1155 1621
1469 2628
879 931
2971 3092
1270 2314
1550 2895
2535 2739
225 260
1648 3027
389 1057
2357 3098
2691 2873
2808 2822
2524 3167
1916 2588
1385 2959
192 1768
492 2945
679 772
2767 2779
1040 1053
2902 3111
2926 3186
2661 2671
1930 3184
2720 3143
1141 2980
2985 3012
863 1711
2884 2952
238 1045
643 1820
834 2194
2451 2839
2026 2922
512 2589
539 581
72 926
1227 2020
2531 2617
2392 2486
2901 2936
773 1980
1737 1800
834 1435
1156 2722
3146 3194
2476 2705
1804 1874
703 1903
514 1983
2163 3009
2286 2990
2637 2648
2616 2978
865 917
1438 2088
2218 2406
732 2286
295 1103
937 2297
1990 3147
118 2043
2339 2371
1755 2821
597 2508
3033 3119
1946 2220
2884 3063
554 1335
2805 2897
2091 2909
2496 2631
2447 3046
104 302
768 2215
2649 2846
1760 3115
1090 1429
2986 3030
26 889
456 2940
1750 2398
1215 1783
434 1283
521 2014
1464 2975
984 2377
2634 2830
1025 2542
1273 2457
350 1922
1256 2642
2069 2241
2285 2483
1275 2667
2893 3059
2087 2655
1563 3085
1620 2536
2337 3074
2090 3052
874 1525
763 2701
1087 1711
1198 2897
647 2505
769 1352
2132 2349
1294 3149
2672 3081
644 2721
1656 2416
1488 2270
158 1311
1323 1443
18 1353
1579 1855
89 3187
1896 2636
2920 3075
2605 2746
444 2535
343 3007
2677 2932
1222 2259
2390 2685
274 2231
1007 1727
2002 3170
165 2065
1874 2406
965 2631
1049 1979
3127 3182
2007 2410
170 2303
260 3053
2305 3124
2322 2534
502 1287
2337 3102
623 1286
1161 2123
2732 2848
2962 3013
2367 2974
2831 2903
2744 2789
639 1713
1111 2175
504 1260
2854 3084
2884 2988
740 2141
2821 2842
1430 1456
231 1075
2709 2852
2178 2639
2320 3051
2532 2702
2379 2989
134 3156
600 2696
1863 2878
3116 3120
1181 2277
1305 1785
181 353
1343 2263
428 1965
1224 1912
2812 3162
1790 1897
1094 1996
674 2080
1285 1991
2904 3158
1849 2625
179 2492
483 1217
1416 2323
1347 2568
269 2615
3013 3113
622 2406
1886 3071
978 1216
2177 2465
2018 2736
3094 3178
440 2847
1640 2281
668 787
1534 2900
1699 3155
1135 2916
3106 3199
3019 3022
1855 1987
1884 1999
2883 3153
470 1981
2624 2639
784 867
2160 2529
3110 3135
2466 2918
2805 3147
1046 2217
2822 3064
2887 3083
1983 2548
1504 1794
529 2172
1632 2717
494 828
411 630
1792 2323
1064 2047
1033 1674
2404 2802
1065 2904
3026 3186
3029 3158
2997 3129
1626 2618
2146 2823
2816 2906
146 2927
133 1214
2446 3133
2469 2602
1827 2327
739 1594
1208 2062
682 981
2715 2737
2728 2910
610 2075
2417 2673
747 1003
871 2722
3152 3188
26 2583
2125 3059
2905 3071
2004 2677
930 2186
0 1429
1128 1192
1491 2998
302 574
2506 3156
100 357
2976 3049
2945 2965
2245 2762
515 2519
2345 2732
622 1384
180 625
1274 2228
2871 2895
1536 1799
1253 2618
1824 2153
448 2406
1600 2306
2802 2904
215 1959
665 3000
1474 3128
2241 3132
2443 2572
234 2226
2608 2729
3188 3196
2319 3039
2304 2413
1911 2337
2393 2563
3003 3030
925 1914
2118 2541
3147 3174
648 1094
1218 2974
1495 2213
1098 3119
2413 2600
985 2279
2132 2275
2938 3101
1413 2346
290 2169
1013 2933
2595 3101
432 1618
1131 2205
1501 2500
1681 2060
2140 3172
2415 2511
882 2441
3145 3164
2440 2956
2155 3054
2017 3011
2592 3014
2484 2654
2236 2611
1907 2125
143 1794
3098 3190
2027 2383
1975 2306
2258 2749
2629 2863
2482 2944
2419 2913
2338 3141
1985 3083
1827 2796
2287 3140
1566 2167
572 1030
3158 3167
1897 2668
969 2244
2139 2261
3071 3089
2519 2936
1322 2456
613 1400
314 631
2340 2356
2016 2670
2671 2851
952 2254
2336 3139
18 618
1088 1365
1717 3156
1658 2842
935 2822
1867 2031
660 729
1066 2540
175 2698
1634 2437
2899 2934
1666 3005
1079 3043
573 2159
2722 2748
2266 2822
2025 2380
1184 1845
2645 3087
1552 2651
1625 3111
3084 3122
2032 2833
1183 3062
713 3197
2446 2978
1347 1350
2437 3193
2152 2968
266 1356
2582 2932
727 1519
297 1575
589 2652
540 1096
1452 2496
1234 1966
2026 2846
956 1467
2355 2590
3152 3170
2550 2994
3119 3177
817 2669
811 2568
1642 2517
2239 3146
2854 2967
2020 2745
2845 2971
1044 1494
1053 1433
1796 2860
1546 1888
868 3137
1478 1752
2701 3140
1322 1484
2406 2893
2822 3190
1170 1715
911 1676
1836 2965
2147 2425
709 744
1900 3195
1324 1829
2349 2877
2779 2902
377 572
1150 1826
1367 1461
869 1594
619 1691
2476 2584
2221 3136
1761 2087
59 1446
2655 2656
1594 2413
134 1074
851 2946
2054 2794
134 1149
1938 2035
2369 2721
2059 2319
2365 2875
2065 2167
3085 3098
251 2303
1946 2072
2215 2772
2372 2669
2473 3011
2146 2643
1930 2748
1892 2441
249 982
3119 3125
2057 3122
615 2421
65 2022
1621 1962
1775 2323
614 2932
2164 2290
2552 2815
2128 2341
1103 1564
2608 2715
1990 2836
839 1880
818 1918
1138 1170
2334 2981
1888 2794
3110 3167
340 2208
2422 2579
1619 1656
2284 3135
2385 2408
2200 2658
681 2964
2518 3118
2584 2687
3087 3194
2224 2292
42 497
1287 1931
1296 2640
1064 1624
783 3144
624 2763
1549 3119
322 1271
1435 2037
256 2525
2254 3172
2601 2975
1005 2947
254 750
2064 2465
2087 2257
2410 2969
1049 2492
2041 2739
2840 3051
1835 2409
2005 2670
507 1766
1636 1840
1744 2430
1146 2986
810 1052
2483 2648
1870 3082
2765 3175
996 1185
988 1444
2501 3102
2559 2750
899 2336
1168 2385
2706 2955
1010 2824
163 1880
693 2807
1817 2935
94 1495
781 2596
1031 1137
561 1180
1745 3084
698 1961
2009 2820
1321 2353
686 3018
1757 2111
1821 2389
945 2975
2718 3130
2746 2832
962 1043
216 1157
3108 3134
179 1542
2366 2579
1176 2143
2425 3182
940 2395
1874 2676
2986 3166
2989 3043
346 3040
3089 3118
2808 2812
2056 3072
975 1664
1543 1789
580 1969
1769 3152
830 1256
822 2932
3176 3178
1833 2620
173 2837
2493 3122
283 658
2199 2640
2002 2330
2596 2921
2011 2646
84 999
2491 2996
1763 2751
329 1325
652 721
1139 2796
496 865
1615 1637
890 966
2859 3166
497 2820
816 2498
2639 3093
513 2112
2778 3194
1390 1986
2273 3099
2523 2620
700 1252
2679 2716
2602 3061
544 2158
3073 3093
1047 1962
1600 1912
716 2628
2923 3183
1116 1531
847 2029
1068 1896
1719 3103
3194 3199
82 1652
1285 3181
873 2976
1639 1829
1193 1638
1674 2859
1130 1445
3041 3080
1115 2357
1126 2034
1027 2781
1170 3191
436 1166
2924 3127
3194 3196
1861 2949
23 627
1435 2342
2305 3189
2275 2978
3103 3135
2965 3083
999 2985
2999 3142
1187 2031
1021 2580
1398 2346
74 1020
2886 3005
2104 2251
113 2270
483 534
2022 2382
2617 3190
599 2956
824 1253
2118 2280
946 1305
1607 2368
1994 2589
187 1701
3038 3117
2391 2953
3153 3171
233 1639
2816 3131
1588 2517
2833 3140
164 1081
2491 2643
1472 2701
407 2676
213 2549
3015 3121
695 2260
2656 2983
13 2488
1388 3020
931 1148
608 764
1115 1720
1583 2105
1245 1579
3135 3164
98 431
3097 3182
1762 2534
1577 2560
986 1122
1896 2241
2630 3043
3082 3103
1788 2039
2108 3100
374 1392
2245 2636
2811 2886
975 2647
2457 2751
902 914
1911 2800
1826 2979
3050 3122
690 1777
326 2717
1841 2032
2085 2125
1055 2698
2472 2584
705 2687
1243 2018
291 2844
1183 3054
763 2657
1319 1742
218 3112
2018 3177
1530 3154
1025 2182
319 944
1452 3026
3143 3177
2979 3011
320 1372
1647 2158
1780 2698
600 768
1766 2387
2510 2994
2015 2754
2307 2892
2938 2995
933 2910
349 2872
218 2734
212 2175
2949 3044
688 918
157 1847
2766 3152
2319 2378
2442 3095
1584 2395
217 1074
496 2454
3084 3184
258 2978
3000 3199
1933 2446
1528 2027
603 2746
3159 3162
3095 3106
2259 2884
2221 2922
1480 2895
1013 3163
1854 2800
2108 2414
2363 2840
1122 1603
2647 2732
1096 2198
413 3143
2812 3081
421 3065
3012 3016
53 2710
2773 3158
1951 2440
92 1165
124 3084
2012 2106
193 2709
116 1193
169 489
222 588
2052 2687
1145 2506
2057 2636
1594 3099
1917 2976
2563 2935
2357 2391
1101 1266
1138 1969
2997 3043
2863 2914
2382 3069
1828 1958
64 948
2699 3155
481 675
731 732
1297 1390
1564 2736
2910 2963
2607 2728
1599 2285
1571 2281
2789 3071
16 3146
818 2949
2340 2842
1810 2579
3036 3153
2455 2461
2132 2605
356 2328
357 1323
1169 2623
2090 2253
2305 3036
1180 2811
10 2269
2537 2581
2873 3043
2703 2770
265 3169
2362 2854
403 678
2471 2914
655 2258
727 2375
2377 2661
2906 3052
826 834
2177 2505
2692 2862
327 3190
2383 2427
1426 1444
2564 3065
3014 3165
3069 3128
3076 3124
83 373
2039 2881
2862 3013
1420 2967
1452 2057
2643 3058
1687 2724
1257 3019
153 2425
1007 1364
1023 1704
180 2848
1445 2970
959 1421
2104 2910
2865 2976
672 738
412 1034
2077 3154
2627 2795
138 2648
1487 2240
1537 2636
1590 2557
2726 2844
694 2599
205 621
2852 2901
1927 2073
1110 1644
513 1030
1965 2030
938 2449
0 1505
876 1651
455 2111
874 1095
1789 1904
504 2931
54 1344
2037 2165
1819 2685
1658 2686
412 1281
1852 2151
256 1818
1281 1531
2248 3189
3066 3153
2349 2603
511 2218
2025 2796
1109 1505
105 2378
967 1468
3117 3182
1833 1860
3162 3197
464 1467
1763 1993
2204 2697
2732 2759
1286 1651
1324 1930
2066 3126
518 2151
2036 2460
2422 2838
1088 1220
808 1108
1263 3009
2041 2675
2379 2606
917 1742
2303 2619
872 1193
2635 3065
121 1876
2283 2860
651 1731
2515 3152
2792 2807
1917 2916
1050 1972
216 223
41 417
2012 3164
741 1973
2206 3158
1508 2754
1597 2236
2733 3016
649 2835
1180 1571
1942 2866
400 1708
1701 2235
2877 3040
1170 1496
2485 2674
2549 2765
1655 1896
682 2660
492 2192
3021 3054
2159 2645
2065 2457
84 2730
2341 2872
1058 2120
1809 2717
742 2220
1807 1847
795 1405
908 3019
1175 3196
759 3102
2290 3087
294 1593
88 690
2841 3147
1717 2409
528 2800
388 2837
2788 2834
2766 2954
60 2633
492 3035
1108 2837
1901 2626
2653 2740
1315 2375
1216 1756
1199 3076
2481 2635
1681 2015
2904 3149
972 2062
2505 2687
2539 3032
1731 2846
1499 1614
2334 3005
2359 2894
2086 2443
946 1899
2810 2819
365 2187
1953 2831
1295 2408
397 1584
2093 2540
780 2865
2908 3089
2424 2628
1956 2985
183 2623
670 820
531 692
1899 2182
932 1878
2019 2678
1673 2800
1014 1620
1307 2000
1411 1603
2264 2451
2277 2591
2308 2898
1106 1704
836 2576
1637 2687
1362 2377
1918 2667
1853 2118
3121 3192
843 2073
1802 2712
2708 2734
2265 3068
2210 2615
329 2442
889 1169
1739 1853
2557 3002
1419 2136
1563 2366
745 905
2307 2541
1901 3060
882 2337
2640 3116
2180 2750
1974 3164
2301 3072
2986 3152
3048 3190
452 3006
2964 3017
1849 2719
2798 3168
818 997
2584 2967
1618 1639
2279 2433
2124 2510
1902 2770
1991 2719
254 1836
1766 2004
1777 2450
2747 2750
994 3017
2525 2652
2470 2966
2202 2852
2883 2977
3046 3081
518 1548
206 2533
1509 1633
1315 1554
2782 2926
2138 2512
1723 2969
2325 2451
109 1694
327 1496
2799 2834
843 1646
2755 3012
1480 2056
2878 3178
704 1952
3171 3172
999 1151
1072 3153
2845 2867
152 2567
889 904
1138 2706
2845 3196
3172 3173
1113 1149
413 2356
2174 2523
2753 3138
2818 2975
1306 3072
362 2705
1292 1735
1387 1844
1696 1808
2857 3020
2253 2755
2970 3079
2706 2865
3114 3116
2588 2975
2971 3103
2529 2684
720 1763
2077 2578
947 2096
1980 2121
154 1723
1250 1938
701 3100
1678 2356
2686 2750
2309 2834
3043 3162
856 947
1201 2824
2759 3061
956 1381
175 3015
1366 2127
2910 3091
263 1549
769 2710
275 3041
1949 2283
2078 2287
802 2863
314 2021
3191 3199
1420 2749
2141 2897
2782 3093
2341 2399
2470 2542
2863 3067
494 2263
2156 2452
2725 3085
830 2170
3166 3178
2010 3072
454 2801
3031 3153
51 1163
2756 2852
2650 2746
2081 2275
2531 2701
1844 2461
1668 2699
3058 3087
2284 2975
2611 2855
1261 1990
3054 3157
2856 3089
2053 2652
929 2774
2301 2877
71 1223
1858 2094
2 1456
2322 2626
1732 2379
198 865
2691 2799
2288 3188
1168 2730
1423 2103
2766 3040
2072 2469
2680 3107
1878 2086
3048 3146
932 1997
368 1288
990 1970
2920 3181
1438 3168
2345 2564
437 1858
1649 2416
763 2904
2127 2346
2463 2830
372 1093
1105 1493
2813 3167
480 1957
2833 2989
2051 2135
1187 1759
1580 2587
2394 2452
2798 2818
1920 2789
2822 3056
2781 3119
476 2993
1576 2730
1438 2221
906 1048
697 1775
2545 3190
2607 2903
469 846
2467 3037
1681 2188
1468 1494
1866 2612
631 1847
1177 1949
1381 2394
598 1661
2119 2969
2580 2703
2656 2788
2128 2515
1757 2786
3163 3189
185 2670
814 1155
1828 2778
143 3030
600 2803
2384 2700
1515 2091
476 3108
698 2545
1098 3154
847 1082
1075 1967
2305 2679
1408 1703
2853 3124
3038 3120
2211 3006
710 1558
1107 1459
1373 2570
2761 2844
2941 3056
979 1396
2883 2918
1272 2260
1206 2543
2776 2934
2212 2326
688 1037
2514 2918
2227 2349
879 889
1631 2226
435 944
2398 2719
2563 2836
2076 2192
1876 2368
2619 2785
78 678
2104 2989
1238 2444
98 1237
1999 2800
1014 1334
1475 1719
2299 2764
2130 2580
2311 2818
102 1973
1060 2173
2465 2597
2117 2560
2346 3045
61 1347
2569 2983
1987 2003
2857 3172
2629 2702
730 1064
273 2258
5 3048
2569 2847
2245 3149
2851 2987
844 2516
1735 2034
1873 2810
234 2059
2866 3040
1775 2281
2404 2600
1850 2822
1152 1983
1871 1931
3101 3152
2516 2598
49 2728
226 472
3049 3134
2104 3049
2885 3020
1633 1779
805 927
2800 3078
3029 3157
1068 1754
3079 3146
2785 3152
1298 1525
768 1935
2478 3000
659 971
2464 3114
2549 2729
1438 2733
1622 2950
1339 1706
2905 3021
1625 2101
2495 2927
19 802
2886 3123
3181 3183
2948 3082
2539 2749
1904 1986
317 1062
223 1606
131 3077
1745 2054
732 1946
2344 2600
2128 2767
3060 3187
3154 3186
133 2427
2331 3089
2880 3135
1744 2450
727 2729
1881 1909
2297 2528
1337 1880
314 1473
2651 2676
2807 3011
2950 3125
922 1940
430 2821
2010 2210
1223 2876
3178 3191
769 1270
1726 2139
1297 2594
2191 2485
1647 2589
2880 3000
2764 2984
374 1996
909 1115
1194 2071
2863 3083
1663 1754
2155 2748
1306 1702
1419 1805
2639 2811
1105 2006
3192 3199
128 2141
2133 2537
1547 3013
3011 3135
1907 3031
881 1072
951 1228
222 642
3029 3183
2683 3080
1045 3064
3153 3160
2093 2308
1572 2521
2570 3043
314 1946
2438 2475
1052 2294
2872 2881
754 2511
515 2379
1868 3087
2600 3124
1186 1574
2848 2992
2235 2920
651 1355
2143 2239
324 2569
2934 3187
1297 1644
1725 2833
1730 1985
2127 3189
382 1849
1264 2725
3049 3169
1282 2934
1259 2741
691 2767
2007 2448
956 3078
1863 2675
3008 3136
2325 2515
1067 2584
1888 2180
2155 2496
83 2597
1022 2539
2157 2237
788 1428
1299 2696
427 1968
2967 3123
443 942
2040 2865
1392 2621
1321 1874
296 738
739 2767
2234 2807
71 2744
3008 3198
2533 2747
137 400
445 1789
2352 2571
722 2848
1836 2384
535 2446
1026 2011
45 2856
2101 2640
2683 3065
2754 2791
1670 2986
1975 2437
1248 1310
1526 2960
3046 3090
2894 3185
1266 2611
3026 3052
2656 3077
1932 2391
466 2640
2576 3107
217 1879
143 1083
1215 3142
2951 3157
1092 2943
1960 2399
30 208
2927 3199
2342 2965
1494 1748
1491 2459
2596 2831
2335 3137
3071 3156
2197 2680
555 1962
2729 2866
1281 1977
2649 3047
2916 2980
50 1825
1165 2776
2573 3087
2973 2988
2496 3096
1429 2819
430 516
2677 2788
2373 3116
3014 3032
1537 3089
1384 1460
2154 2494
512 1403
2208 2225
310 1804
893 3073
1640 2236
3166 3188
2280 2971
1059 1487
1611 1810
1824 3063
290 909
2813 3057
84 1053
2819 2867
1532 2176
1660 3120
2649 3113
1093 1384
993 1377
1044 1326
1212 3142
2105 3057
144 2438
1358 2996
1811 2660
1522 2446
2358 2705
2284 3187
2368 2521
3055 3069
2274 2564
2709 3116
594 1700
340 1561
1725 2337
1142 1728
2131 2227
1548 2903
2251 2973
1434 2232
1232 2664
2941 3172
661 2558
632 1018
1728 2032
302 2339
545 2637
1776 2046
60 128
3155 3181
1950 2011
2646 2649
2456 2749
2598 2772
1524 1927
1358 1981
675 2668
26 2663
1199 2607
1712 2863
373 2228
623 1581
2163 2441
1983 2161
813 1144
1349 2964
1880 2583
2461 3165
1000 1142
3097 3153
791 2151
1972 2520
2556 3001
1126 2521
1397 1553
488 1805
2737 2919
777 2590
1714 1982
2948 2951
2302 2584
249 980
1539 2596
1263 1564
1882 2435
842 2200
2198 2492
1288 2309
2061 2850
1678 2674
2704 2756
1938 2051
474 1191
2840 2870
293 3117
1521 1763
2852 3065
70 658
3121 3182
787 1248
2307 3122
555 558
2064 2375
1368 2410
2255 2512
1688 2681
1651 1894
2732 2916
2246 2684
2360 3127
186 3059
1536 2310
340 2653
280 1082
664 1702
825 2654
1009 1569
14 125
991 1504
3071 3180
458 538
1811 1907
155 676
3010 3094
2230 2682
538 2246
1205 3036
2294 2992
1092 2975
2529 2822
3180 3197
1846 1948
874 1586
1641 2950
2057 2445
676 1850
413 1839
2309 2572
353 1236
3003 3165
836 1145
544 2009
1234 2488
1962 2679
628 2580
2714 2983
3006 3100
2296 3123
2578 2757
2928 3099
2378 3002
1767 2610
2821 2908
1827 3177
137 1591
630 2824
171 1876
2775 3087
964 1031
2252 2631
2761 3106
2997 3185
2696 3144
839 2146
2344 2838
2723 2811
42 2519
3029 3097
939 1774
1558 2644
2869 3022
190 2580
530 614
1419 2041
1383 2472
585 2787
2122 2809
3029 3136
2797 3088
3198 3199
926 2797
2672 2774
1293 2843
1757 2686
1009 1815
2008 2801
2541 2656
2504 2819
424 2082
3031 3105
2428 2668
194 2946
341 2529
2033 2376
2873 3115
1799 2689
1215 1762
2818 2833
1865 2451
819 1294
2821 3095
1932 2809
281 1611
2625 3198
327 2390
2473 3020
614 2542
2664 2988
1471 2749
2311 3061
1801 2382
2265 2541
2252 2278
2622 2844
1201 2214
1855 2164
1713 2935
1325 2616
1702 1968
1653 2670
539 963
2240 2371
1137 1278
2416 2484
310 2385
1728 1899
704 815
823 2591
2583 2984
842 1463
97 427
5 1523
1904 2157
2380 2579
967 1849
2545 3014
3095 3171
1107 3111
1168 2611
841 971
2689 2947
2777 2848
3146 3188
2338 2832
1859 2786
853 1705
1098 1428
215 2365
1421 2125
1866 3178
1767 2278
1177 2030
2240 2651
2096 2298
749 2262
1663 2838
261 385
1521 1616
2127 2486
32 245
348 920
1517 2508
385 2450
218 2285
3179 3182
2356 2419
1460 1642
2148 3130
2352 2827
1366 2737
1392 2214
189 2685
811 2677
700 3069
2723 3035
375 3190
1554 2185
1737 2028
2300 2520
3012 3062
1527 1659
220 3032
987 3130
1548 2831
688 2514
134 1623
2129 2973
2631 2661
972 1305
1861 2267
1748 2816
235 538
1479 2091
1007 2444
424 914
886 2809
2354 3040
1406 2260
1698 1818
2876 3087
781 1070
1902 2602
108 3112
568 2825
2998 3139
791 1969
2706 3077
2802 3022
1200 2024
1019 3151
2520 3178
393 3015
3169 3186
2181 2570
181 2869
3143 3169
1939 2784
1389 2820
2787 2909
1256 3060
2053 2167
1200 1682
50 1720
75 2263
2202 2830
1750 2723
2333 3102
364 1523
679 2833
3061 3155
2826 3096
657 2333
373 2545
3052 3122
2911 3164
2134 3066
574 1758
2224 2856
431 1722
2387 2961
1302 2707
1800 2761
2483 2822
1424 2751
1961 3065
664 1535
1853 2290
277 2630
1099 1611
1857 2533
3143 3197
1298 1482
1885 2952
2183 2671
2980 3053
1144 2182
981 1424
1967 2364
2068 2792
544 1321
1660 2157
956 2225
2737 3107
2800 3116
2085 2095
1536 2921
2464 2775
1345 1899
1932 2546
1736 2591
69 1262
833 1220
792 1149
287 2856
677 1299
99 2820
2695 3137
1515 2322
970 2357
3097 3168
2641 3016
1842 2860
1758 3051
191 1763
2197 2508
225 2785
3118 3130
571 2570
640 2685
226 2832
1463 1616
1105 1675
1137 1282
2075 2955
282 2223
2864 2969
2050 2564
727 2555
1635 2769
3031 3151
2881 3180
1700 3054
1493 2540
2327 2630
622 1548
1432 1798
647 873
2890 3066
2131 2317
423 2524
412 2022
2986 3189
243 1825
527 2305
2605 2608
1752 2015
2281 2674
2158 2351
3018 3187
513 2684
459 2508
2957 3028
1005 2695
2939 2947
2018 2230
3113 3147
570 1202
1089 2575
2004 2432
2487 3186
1196 1687
1075 2283
517 2355
2297 2491
2194 2982
1102 1652
1881 2444
986 1337
2705 3081
1823 2714
2340 3167
1153 2146
2761 3142
1202 1643
1490 2742
900 2220
2391 3174
1031 1841
2381 2590
1838 2237
70 2849
906 2889
1335 1591
64 1725
1777 2268
1397 3151
3173 3177
1091 3077
995 2768
991 2933
1621 2620
1282 3176
402 538
759 768
2304 2662
1325 1451
1134 2995
1258 2229
3166 3167
1305 1954
1467 1979
3035 3150
2926 3149
364 1721
1003 1861
1382 2863
2316 3058
791 1952
1189 2607
211 540
1454 2851
3176 3183
586 1037
2398 2820
1240 2740
56 162
83 1831
3010 3180
2554 3036
530 2624
1594 2006
2843 2891
2386 2803
3119 3177
1861 2432
621 1377
1221 2700
2201 2971
1162 2050
448 2789
382 3191
2149 3075
1137 2931
2547 2772
1915 2091
2483 2732
1129 1764
2827 2937
2447 3171
2856 3138
36 770
696 1827
2071 2090
2314 2405
1297 2955
608 1432
1559 2077
2618 2794
1178 2006
385 915
2246 2624
2513 3172
1166 2230
1622 2296
2785 2896
2150 2900
2181 2916
827 2340
1171 1872
2330 2553
3100 3132
1790 2391
2963 3165
2361 2547
913 2812
1690 2520
428 2535
648 2909
2388 2626
78 2720
1569 2510
550 1101
453 2294
1003 3026
602 2810
2231 2461
2085 2202
2197 2895
28 2684
2602 3073
1771 2413
2402 2990
484 544
2433 2531
2750 2796
1709 1971
1497 1687
1970 2522
3069 3189
2199 2685
2399 2481
587 872
2108 2961
919 2328
1015 2995
757 1867
846 908
2235 2896
2396 2643
2355 2983
2894 3082
610 687
2977 3027
746 1480
352 2089
2145 2901
2554 2750
2499 2629
2974 3039
2792 2871
1447 1984
139 1931
1230 2849
2363 2531
573 681
606 2569
2005 2244
1696 1973
679 3095
1311 2541
2316 2688
2470 3181
467 757
2029 3126
1459 1788
2606 2744
2415 2476
2185 2568
209 715
777 1972
2230 2640
1819 2365
2610 2734
2690 2722
2336 2936
960 1861
2998 3054
1316 2008
1809 2284
245 458
1034 1603
2887 2951
1696 2671
1266 1815
242 1764
1631 2027
707 2363
1361 2634
1945 2407
1679 2450
1069 1328
859 1095
348 1125
527 760
2317 2654
957 2701
151 2465
2266 2526
2477 2685
909 2416
2855 3125
1714 2007
187 1075
2755 3124
1199 1396
1963 2261
1103 1158
2356 2869
780 1697
2161 2625
1361 2461
1808 2513
847 865
1095 1467
2648 2913
936 3133
1754 2301
2699 2728
2908 3019
2783 3195
472 2602
2890 3106
1903 3056
1911 1955
2998 3087
240 2875
1505 1759
450 2846
1806 2566
2232 3089
2361 3064
2318 2621
1611 2941
1860 2078
1330 2683
1006 1565
1687 3088
122 311
2857 3123
621 1843
340 1512
202 1672
1465 2156
2812 2849
1133 1442
2468 2751
2598 2793
1476 3134
2734 2992
1504 2559
1482 2550
1017 2065
571 1575
498 2474
1242 1418
3098 3144
2633 3003
3099 3170
1838 2351
1655 2592
1093 1552
843 2691
630 2865
2952 2998
636 1972
1070 1614
412 2036
2955 3084
575 2576
201 755
2311 2901
2336 2896
2984 3148
2203 2987
850 3121
2351 2659
2692 2825
130 862
2581 2650
1503 2545
1498 2300
2728 3032
40 889
2742 2745
707 3191
925 1645
265 876
2234 2508
1803 2986
751 2461
2547 2564
1934 2581
2567 2894
1136 1690
883 2195
2772 3182
2849 3141
996 3002
704 1760
240 2326
2944 2946
108 162
2681 2830
526 868
1685 2302
493 789
1200 2457
238 686
1263 1358
2456 3125
2522 2728
2259 2884
1600 2185
326 480
2997 3043
1695 1779
2823 3000
1179 1527
53 2835
277 1980
2284 2656
2150 2983
2390 3045
491 1614
861 1170
1627 2138
280 538
183 2985
127 2261
1401 2306
1581 2773
613 1338
1790 2949
369 792
163 2130
2316 2852
1064 1449
2755 2986
786 1446
1253 2082
1524 1905
1407 2244
3185 3191
2586 3094
1316 1863
2757 2800
1605 1891
2425 2527
890 2500
1793 2992
337 362
2511 2605
605 2562
2706 2938
2503 3048
1733 2470
200 2642
113 2298
1550 3175
253 673
2999 3127
1101 1106
1342 2477
139 2116
1722 2112
1023 2320
963 1013
2795 3143
3109 3173
1810 2516
465 936
1792 3048
2043 2417
715 2741
2148 3182
542 1289
2578 3159
1391 2149
467 2100
2036 2186
1873 2229
970 2899
2847 3018
2466 2815
1679 1794
480 763
64 2209
2889 3101
822 3026
283 2424
2195 2757
1827 3099
2216 2856
346 1271
2991 3123
250 3096
2166 2336
623 2699
1387 1842
1891 3190
1404 2741
1540 2457
1355 2865
671 843
346 557
48 2839
133 2203
3196 3198
2146 3015
452 2961
215 3141
980 1896
301 2265
2305 2664
114 829
3139 3170
2033 2242
16 734
240 2685
2078 2109
811 2978
1545 2957
1784 2647
22 248
461 473
1924 2071
2571 3070
2500 2782
690 1721
1545 2120
2019 2200
2321 2961
2702 2755
1815 2641
58 1418
595 2984
432 1209
1471 2630
3039 3064
1985 3196
1718 1758
1762 1868
447 2118
957 1656
1253 3199
2874 3132
720 1708
1588 2414
1084 1313
760 3126
924 3107
919 1050
2893 2910
2600 3185
1756 1989
2801 3049
872 2206
1084 1334
335 1165
199 1199
1465 2813
2247 2765
1105 1651
2558 2691
2634 3077
1351 3090
2829 2984
2299 2639
846 1070
2873 3017
1170 2427
2870 3029
113 582
170 2942
1255 2002
392 2183
1668 1919
943 2114
1765 1874
2907 3050
2722 2846
2068 2256
1479 2803
809 1504
1450 2734
1721 2488
2957 3143
811 2543
351 2496
1461 2185
2887 3147
1790 2745
236 2215
1072 2875
491 918
2513 2687
724 933
827 1710
2957 3010
3151 3189
1338 1928
728 2047
2075 2487
2377 2533
2373 2987
3136 3166
618 987
1763 1803
697 831
2759 2868
1991 2630
2977 3127
1834 1982
2906 3108
2641 2873
312 927
2284 2568
3177 3181
1567 2493
1128 2359
2169 2245
1123 2352
340 2680
2106 2169
362 1579
626 1542
511 1178
2408 3006
2687 2862
2706 2773
153 2322
2404 2434
2221 2659
2879 3108
2199 2680
2759 3169
1166 2903
2261 2877
2490 2700
843 2139
380 1108
2137 2683
1529 3044
2603 2936
2561 2867
1978 2184
2118 2305
1376 1929
1210 1935
2197 3006
107 2210
3154 3157
2707 3042
920 1902
2135 2754
1042 2711
144 1000
2151 2525
2390 2499
37 2154
603 2286
382 1656
2349 2445
1312 1937
2619 3043
2680 2703
2217 3131
2185 2438
709 2243
2303 3134
2072 2194
1612 1829
2189 3049
2399 2452
2394 2948
2219 2910
2122 2352
1801 3033
1395 2673
2174 2868
1802 1832
2167 2524
841 2063
709 1652
2380 2554
797 1527
1902 1928
1405 3177
3132 3194
1487 2335
2640 3147
2934 3029
1983 2449
1571 1901
458 2119
2326 2339
2675 3006
700 2788
3093 3140
3169 3175
2546 3122
614 1151
2313 2955
1623 2156
1479 1747
516 2214
650 2168
2728 3102
314 420
243 1488
1850 2759
2815 3010
551 1983
2628 2691
618 1262
1540 2297
3152 3156
2092 2574
1834 2722
2336 2545
417 1761
2469 3074
161 1483
1398 2676
6 1867
1626 2332
1159 2840
2141 2209
294 1377
2946 2966
2899 2946
229 2825
8 2821
328 2734
1382 1883
2536 2813
1539 3041
2304 2455
2740 3190
1384 3066
516 2084
2347 2612
1618 3143
1551 1786
229 475
2830 3007
3133 3167
785 2879
2282 3125
306 982
2805 2809
2379 2696
1133 1321
1611 2460
2771 2836
2202 2222
1913 1922
877 3177
3174 3180
3007 3192
1764 3068
640 1914
3140 3159
947 1660
2546 2636
2935 2993
1920 2265
1210 2273
632 2276
847 1930
2833 2879
2733 3058
1005 1065
2951 3066
2817 2958
3020 3047
3133 3174
2863 3039
1311 2179
1326 2721
1129 1592
867 1333
1969 1985
1316 2704
1613 2143
1665 3167
2479 3166
112 2891
927 1608
1847 2724
1932 2673
1734 1837
1832 2241
1608 3083
356 859
2345 2961
2576 2601
257 2487
2888 3056
907 3066
1165 2394
1121 2849
662 2632
1529 1564
839 2415
1698 2592
503 625
1308 1814
2735 2903
653 674
674 2379
2410 2699
2259 2550
797 2163
557 2132
384 2114
1759 3177
1700 2732
2386 3028
2162 2906
1620 3115
2181 2834
2719 2963
3 1858
1904 3075
2660 2666
2718 2932
1339 2643
998 1639
2705 3044
76 732
2219 2313
1113 2135
1779 2696
601 2945
416 2521
94 1640
1661 1962
669 2604
496 507
3183 3187
492 1148
2911 3169
127 399
1583 3120
600 2959
2155 2426
2751 2847
284 1538
387 635
556 2092
2202 2916
2099 2152
280 2701
761 2608
2287 2658
3079 3183
1266 1731
1253 2057
2263 2736
1649 2095
2479 2693
331 2163
302 2896
1162 3016
421 2575
1884 2792
243 1523
2217 3173
274 3033
2467 2775
581 1545
175 758
1619 1695
1630 3124
615 1500
2971 3027
2930 3121
1469 2242
2801 3193
2164 2545
392 2269
2762 3063
3165 3189
1868 2608
349 3086
2963 3129
3098 3114
2635 2640
3131 3155
924 3100
1562 2630
450 1454
467 1810
15 2972
2899 2994
339 1108
2986 3177
205 334
1591 3142
2312 3036
1422 2058
550 2566
840 1881
1645 3162
182 263
1284 3180
2359 2426
296 1717
575 2474
2978 3034
407 2672
1928 2686
2227 3019
2993 3131
351 860
2356 2721
530 1194
410 561
1909 2335
1543 1799
2560 3195
610 1711
2052 2621
2092 3121
3119 3170
2266 2914
2324 2707
2151 3047
2252 2588
506 1799
1316 3148
87 3138
3014 3028
2646 2930
2600 2605
217 1222
1730 2895
1308 3185
2322 2542
793 2472
547 1040
3136 3191
2677 3087
2553 2599
2583 2714
1594 1685
842 853
2837 3015
2151 2293
3078 3083
3032 3199
2969 3111
1977 2657
1794 2119
3169 3199
2947 3130
1201 1658
1514 2717
2414 3075
785 1524
1707 1756
2413 3045
973 1656
780 1984
2326 2975
82 914
1651 3160
3144 3171
612 3002
2918 3169
2823 2887
545 1497
2134 3163
429 444
352 929
1451 2742
817 1913
409 2570
1573 1957
1121 1587
889 1274
2056 2191
746 2925
2112 3153
2736 2842
492 1443
410 3091
1698 1854
2020 2665
65 2291
1619 1727
3078 3113
619 1193
2239 2392
1009 2829
1837 2939
3115 3155
2704 3177
1458 3139
57 1876
48 591
1671 2673
1674 3116
2621 3054
1626 1864
1663 2723
1530 3063
1285 2886
1485 2757
221 945
2507 2932
2940 3060
1750 2507
1401 2333
711 1590
2891 3173
1907 2585
2511 2731
1516 2283
2957 3100
601 875
708 1519
1937 2740
226 2079
1235 1785
989 2187
2619 2741
2252 3155
589 2002
2995 3021
3049 3190
479 2482
2638 3017
492 2922
1755 2330
1815 2612
3031 3158
3061 3084
2345 2507
1171 2454
2816 3187
1792 2637
2722 3044
925 1525
1304 2606
2413 2824
1234 2871
1552 2658
2618 3058
2076 3022
820 3090
1119 2374
1643 3115
1069 1613
2787 2990
536 1241
2776 3122
3169 3172
84 889
28 2812
1982 2505
1232 2210
1384 2385
722 2241
458 719
1563 1714
2328 2799
1785 2959
575 2782
2098 2327
1502 2042
2779 2963
1265 2925
2277 2486
1131 1911
2509 2851
647 1130
975 1344
1717 2964
323 1441
2762 2782
3151 3171
1326 2894
1161 2884
630 897
191 1123
509 2902
2320 2631
1566 1837
26 2452
1822 2814
1679 3122
753 1449
2443 3086
2191 2559
373 1310
1613 2704
318 811
2718 2811
2646 2664
3058 3160
3191 3192
2938 3048
365 585
2717 2908
317 2909
1831 3145
2848 2911
1944 3144
962 1463
2441 2947
1462 2884
2810 2840
1939 2519
172 2804
981 1677
2253 2749
2150 3021
2105 2355
707 2696
1184 2150
1201 2002
3197 3198
839 1431
702 3057
1818 2549
1995 2578
2178 2891
2136 2941
2257 2565
1201 2926
97 2740
864 1750
2758 2856
54 2563
333 1717
1620 1668
2387 2549
507 604
1773 2817
1525 2216
1128 1247
390 1975
2222 2833
1254 2741
285 978
2621 2949
910 1257
845 877
579 1526
1342 1414
2969 2971
2836 3078
459 1890
2353 2851
1566 1594
3128 3182
1202 1774
1088 1590
1753 2420
2785 3038
1616 2619
42 1269
1635 2045
2100 2427
1473 2641
97 1119
2340 2777
1109 3069
2796 2929
2745 2760
3147 3160
2761 2949
2971 2979
3008 3134
179 1055
739 2348
2490 2618
1971 2932
872 1062
2672 3148
2660 3164
1745 2375
3012 3093
2035 2597
2785 2844
1133 2143
3179 3197
1814 2917
2929 2930
730 893
1122 1714
2658 3196
1718 2046
2517 2536
1608 2604
2978 3185
2463 2854
811 2749
854 864
50 2328
1827 2985
2020 3068
2691 2905
1583 1865
2839 2902
3139 3141
2682 3025
2322 3066
597 1331
116 2187
2489 3113
3009 3111
1853 1980
2470 3143
570 1558
2875 2993
564 2425
2398 2998
2862 3051
1677 2421
1388 1390
2979 3155
2629 2919
2854 2991
545 2291
957 1448
1298 2564
377 2485
2678 3025
512 700
265 272
2563 2853
2733 2842
1882 2373
981 2019
369 1997
2650 2876
36 1276
2538 2554
1842 2227
334 1177
414 2393
1688 1818
2702 3004
382 613
1090 1776
1626 2882
1755 2380
844 1244
170 987
190 878
1124 2828
939 2215
2348 3096
1255 1264
430 815
483 2811
32 1797
2160 2729
2301 2500
1364 2168
1342 1751
2127 2624
177 2587
87 3107
2363 2871
24 2535
194 317
487 2967
1401 2538
98 1343
1355 1488
2022 2480
1652 2611
413 1801
60 2118
1828 2546
180 2765
2077 2455
2830 3074
2181 2735
14 1397
578 2770
1267 2715
741 2945
1285 1974
260 2599
2835 3081
1473 2719
1759 2717
1324 2519
874 2574
1368 1789
1829 2901
2597 3042
3075 3127
680 1481
102 2744
2787 2793
3103 3122
2498 2505
1628 2510
1166 1640
614 2882
78 3126
1010 2676
1579 3162
1693 1755
949 2580
2194 2242
2132 2483
1390 2546
1202 1943
433 2399
2638 2971
2261 2457
2906 3187
3012 3126
970 2321
992 2578
1658 2519
2195 2683
152 2019
1315 2440
1272 1687
1322 2333
2232 2777
1037 2698
252 2901
2705 2822
1021 2891
2675 3146
2715 2982
2872 2901
2713 2811
93 836
2321 2594
3012 3025
2776 3046
2784 3121
2037 2205
1052 2364
2102 2298
2861 3113
2446 2868
952 1480
1283 3174
900 3056
3054 3066
2589 3003
402 478
1235 1273
975 2843
678 2299
921 2941
2849 3147
1083 2051
3159 3165
1074 1621
3104 3179
1031 2211
2269 2527
2228 2840
2126 2800
2860 2889
3051 3159
1901 2344
42 526
339 830
2629 2860
1158 1842
459 2833
2677 2800
1609 2451
2819 2866
450 3062
1019 2495
689 2130
2033 2432
421 929
3169 3184
3157 3185
2270 2918
2947 3174
628 1924
2421 2610
1072 2452
2934 3131
88 799
2094 2355
2221 2521
2891 3088
1247 2547
1355 2723
993 3014
2349 2620
2615 2811
2613 2950
1328 3070
475 2096
3109 3113
284 2094
3130 3144
321 3180
314 2055
1816 2469
3114 3155
205 1092
14 1640
3070 3126
874 2058
21 834
652 941
2795 3029
1976 2184
1361 2341
2298 2370
2834 3100
3188 3192
2918 3181
19 896
2287 2562
2022 2998
1925 3179
393 2582
2679 2900
53 717
2834 2987
1743 2743
2298 3177
2731 2784
904 925
2825 3025
3141 3191
461 2305
1192 1529
92 1558
2751 2786
3094 3179
855 1534
570 1662
2283 2538
589 1498
1799 2267
500 2317
490 2262
3010 3075
1066 1088
2395 2651
721 2782
1329 2905
3006 3170
383 2048
348 2888
389 1145
1394 1442
1190 2758
1580 2538
1155 1691
3182 3186
1971 2599
978 1508
2801 3112
2517 2726
2947 3026
880 1272
1512 1936
1994 2912
2062 2294
1222 2119
2801 2973
3043 3103
435 2215
952 1337
1058 3144
2294 2663
1323 1646
1853 2793
762 1765
2136 2915
2890 3111
1627 2780
2300 2458
1691 2902
950 1937
1309 1570
1258 2216
56 400
878 2083
120 558
2230 2872
2518 2658
700 1890
1003 3084
2711 3098
667 3006
878 895
3019 3115
2639 3019
2141 2505
1772 1966
813 2651
2627 2774
2125 2722
3059 3161
1474 2233
1107 2107
1442 1955
1804 3145
673 2667
1270 2206
2021 2089
2705 2862
733 2616
192 1209
149 762
1975 2699
3181 3199
2026 2362
2155 2880
248 567
1577 2322
1541 2871
1163 2746
462 2924
2165 2435
2757 2974
1027 2986
3047 3108
1553 2571
1408 2061
1858 2965
2902 2964
612 1332
2477 3048
2797 3029
657 2107
126 1300
425 2785
352 2262
1196 2015
463 526
497 1622
1037 2518
1300 2349
517 704
2026 2574
3179 3197
2129 2930
2827 3080
748 1281
2365 2715
1166 2377
129 793
1086 1350
1228 1584
106 2162
2666 2784
1613 2497
2312 2778
342 2784
3059 3167
2335 2854
550 1976
1699 2487
1031 1973
2522 3039
1118 2543
980 2079
2303 2564
3096 3187
2681 3163
2746 3160
1232 1273
2237 3018
2234 2235
2187 3082
3072 3073
2134 3010
538 1870
2765 3054
217 530
1732 1890
774 1183
2644 2767
2627 2969
2842 3042
2567 2802
2564 2808
154 2706
1239 2664
1663 1665
1378 2807
762 2518
2164 2318
2345 2832
2130 3168
122 907
1179 1409
138 218
625 1439
2826 3180
494 1468
2141 2437
222 1483
2004 2230
2602 2838
2078 2622
1873 2338
489 640
2074 2674
2568 3079
637 2500
932 1512
515 2671
1303 1316
204 1300
1437 1985
2734 3076
1169 1815
3185 3197
2118 2578
924 1481
939 2404
1197 1228
1253 1652
315 535
3175 3187
3176 3189
2758 3165
2102 2912
1026 1214
2367 2730
1849 2023
1077 1287
36 1780
868 2989
2576 2892
526 1165
2766 3123
2968 3036
1697 2276
667 1689
1315 1770
2764 2909
2914 3091
3098 3173
2274 2717
2504 2762
588 838
3037 3186
2975 3100
2715 3106
158 1145
2863 3107
814 1502
2078 2847
1945 2460
3187 3198
2552 2801
522 2670
1624 1923
874 1065
505 2807
1935 2570
2173 3014
317 1590
1357 2974
648 2790
2503 3122
2963 3116
57 1620
267 795
279 610
107 1132
274 1068
1136 2880
3170 3187
2331 3156
48 598
221 1250
1757 2570
2985 3171
2224 2635
1357 1805
2936 3133
3168 3191
1857 2011
1593 2096
1452 1754
935 2191
2441 2940
2975 3098
380 649
923 1090
1516 2539
1989 2596
1751 2856
1576 2844
1848 2700
638 740
327 804
1379 1864
2654 2763
419 488
645 2427
2568 2704
2613 3163
716 781
1703 2478
181 1755
1314 1469
688 1502
3134 3183
1411 2532
1835 2865
1814 2018
3040 3067
479 2876
1658 3099
2143 2677
1131 1420
2247 3069
336 911
2336 3033
1719 1879
2409 2470
2569 3155
405 2977
1273 1615
2194 3054
2946 3044
1119 1694
1990 2552
2705 2800
2354 2749
2797 2950
2010 2800
989 2201
840 908
1545 2042
2995 3081
786 787
3150 3164
1162 1769
1570 3008
310 1118
2706 2842
994 1554
510 3049
440 690
2473 3102
868 2882
1481 2186
345 521
769 2129
1435 2951
1067 3089
2639 2711
1332 1836
879 1464
1383 1566
1399 1605
716 1939
1814 2585
2055 2990
617 2834
1516 3197
310 831
2839 2907
2449 2552
1904 2417
485 1273
575 2201
1403 1428
607 1957
392 2371
1883 2373
2599 2899
2197 2344
1477 2451
1 2005
1757 2971
2626 2747
10 1162
2506 2902
185 1185
805 1570
2516 3022
1414 1839
789 1244
2509 3064
549 1537
2350 2352
2566 2616
1285 2551
2716 3174
25 2689
1775 1828
2567 2739
506 3139
2513 2732
441 2754
2053 2361
1107 3118
1906 2840
2131 2210
268 1775
2361 2828
1330 3186
534 889
610 1568
2871 3012
2661 3167
2183 3167
2638 3180
2733 2952
456 2823
790 1173
1889 2379
1776 2133
2124 2496
2188 2676
213 2600
254 2986
1458 2236
412 2395
2707 2940
2133 3030
1433 2183
1303 1899
1974 2008
627 2083
2235 2910
258 2380
2496 2634
3133 3198
1333 2748
3097 3185
2076 3007
917 1230
2275 3010
64 1650
849 2351
830 1930
2115 3169
226 1204
2692 2773
417 839
1987 2172
2414 3120
1404 2763
1656 2172
1649 3061
1492 1802
1163 3074
1759 2547
754 1943
3124 3193
1981 2302
2730 2755
1162 1692
621 2569
2305 3081
798 1187
129 2950
2548 2797
423 1527
382 3066
2952 3117
2048 3020
2619 2964
3041 3192
1544 2956
3192 3194
82 1537
1477 2831
3111 3180
315 2665
1688 1895
1465 2356
2055 2661
2515 2549
1149 1393
998 1407
2672 2920
2960 3133
1163 2766
1509 3061
904 1811
1366 1459
485 3044
831 2945
1034 2600
92 463
3170 3193
808 1779
1578 2777
1431 2449
469 1532
1857 3177
1975 3110
287 3177
1708 2104
2371 2929
1919 2361
2359 3172
2369 2742
40 1770
3027 3061
1690 2577
1951 3117
1607 2072
1438 1682
2580 2624
917 3156
3133 3149
842 2868
259 1339
560 2186
1494 2640
2378 3002
1360 1493
1569 2922
368 1041
3065 3092
1529 1660
2676 3113
1505 2200
3040 3046
2567 2822
2693 3057
228 2847
197 891
280 1520
1962 2647
1623 2622
1323 2236
2701 2868
2742 2804
1006 1606
244 905
209 1699
539 1450
2765 2846
788 1959
729 1139
3102 3124
2498 3054
2885 3172
788 1261
2777 3047
2332 2767
2331 2711
2644 2745
2009 2272
1839 2054
2638 2889
1525 2679
3189 3194
62 1776
1202 1501
52 2533
1419 2962
2351 2988
145 2419
807 1847
1914 2172
1106 2300
775 3175
2638 2982
1014 2417
1136 1444
744 1449
309 783
179 1126
2889 3101
320 1119
1911 3114
2908 2971
2995 3117
2373 3046
2783 2926
635 1166
1500 1726
2690 2850
335 1152
2738 3090
277 1822
2474 2552
1535 1770
2847 2933
302 3194
882 3034
1567 2181
2343 2645
2965 3043
1693 1911
965 1865
1152 2080
264 782
315 2415
1138 1967
343 2436
1536 1991
2234 2391
137 2419
917 1217
2198 2586
756 2493
2088 3173
3057 3161
401 2070
3054 3089
277 651
1332 1946
399 403
140 1228
2461 2836
467 1148
294 1597
2432 2489
2710 3140
1157 3115
3074 3153
2459 2553
52 1528
1001 2954
402 2897
264 540
2229 2366
2852 3056
2851 3023
723 1256
198 1319
156 3149
602 2822
574 1051
1494 2155
610 1612
83 2805
489 2547
1968 2652
2151 2345
1733 1851
2200 2924
618 2772
638 1696
895 1631
2625 2911
2761 3116
939 2376
1089 1496
1686 3192
3027 3178
2807 2960
925 1063
2705 3175
1710 1881
1389 1870
77 2787
1608 2961
665 2053
1413 3168
1479 2159
2815 3101
1162 2321
3136 3145
1210 2367
342 2076
1023 2204
216 2499
677 1202
1921 2679
783 2950
453 3079
593 2626
1810 2537
976 2856
2989 3047
2286 2737
1653 1877
1379 2936
1627 2249
1730 3145
2686 2730
1550 2247
3042 3115
2993 3161
2922 3100
720 1501
3019 3028
906 952
2673 2835
1115 2679
1152 2937
1139 1686
410 1800
2994 3096
233 3153
1141 1815
1728 2619
2860 3176
245 3004
2683 3182
538 850
2615 3008
2895 2912
1411 3124
3073 3135
2825 3052
1408 1965
2892 3098
1427 2963
731 2863
2468 2896
2651 3040
702 1423
1107 2531
2435 2854
1382 2920
7 3035
673 1947
517 3010
2167 2812
664 1061
2842 3040
2755 2904
2239 2269
329 3177
616 3062
2060 2896
2452 3198
3010 3177
208 1537
2681 3137
2931 3029
178 2330
1758 2743
111 2319
2701 3188
1075 2606
2764 3037
628 2375
1065 1176
1421 1720
948 1724
676 2519
1352 2423
564 2593
609 2839
1179 1826
1961 2408
2174 2374
2249 2888
978 2583
2369 2651
503 2991
1423 2025
765 1862
544 1272
46 620
1195 2508
337 2243
1064 2283
2444 2581
1634 2491
2719 3027
510 1766
2776 2904
2007 2040
578 2944
1443 3048
2150 2516
938 2724
891 1219
1491 2226
1095 1525
1801 1924
3164 3166
1296 2812
1348 3033
2434 2643
2581 2828
2352 2885
2329 2596
2929 3154
2021 2552
58 2989
1336 2691
1844 2807
1347 2002
2882 3187
1451 1660
430 723
970 978
1015 2188
1410 2153
2881 3127
1802 2461
1506 2991
2416 3199
2689 2757
191 3086
411 1913
2939 3174
784 2133
694 2830
2225 2674
491 2589
3026 3137
2666 2762
28 3073
1653 2560
369 756
279 1599
1844 1846
538 1113
0 535
1562 2372
260 693
117 2805
1699 1806
1251 2682
1839 2415
293 1362
2533 2780
311 1120
173 1980
2759 2895
2214 2903
27 1903
1415 2730
840 1093
451 2431
1945 2401
3130 3156
2012 3087
2463 3199
2305 3128
491 1845
2419 3034
2715 3172
1947 2114
1618 2717
2805 3191
634 1263
258 1937
2126 2966
796 2643
1041 3056
1965 2681
2156 3107
1689 2414
2769 2984
1715 2409
201 1854
616 3010
2417 2882
1902 2877
955 957
1510 2933
20 1240
2112 2196
1161 2436
3183 3196
1885 2931
0 891
1670 2391
2834 2866
2104 2277
1885 2873
2107 2210
2780 2835
1178 2945
2045 3142
1743 2293
2699 3145
731 1552
158 1088
1359 1924
1340 2747
152 1746
2480 3019
2156 2186
649 2816
1298 1347
382 1415
650 787
2009 2419
2650 2805
3176 3178
1429 2225
3060 3098
169 2680
1386 2097
625 2638
2167 2545
1915 2813
2720 2867
3087 3094
639 1508
389 2872
2754 2825
2030 2643
1682 2520
2696 2870
2407 2748
3164 3178
1175 3191
2554 2888
2187 2829
640 2268
1357 2660
66 1125
1196 1341
1949 1984
681 2698
2427 2868
1835 2188
2923 3137
1584 2137
853 1696
84 2162
3001 3129
1252 2652
2553 2732
567 1194
2532 2874
3121 3133
2485 2678
2768 3116
48 657
42 2800
1628 2420
2301 2535
521 2975
2683 3015
868 1199
412 2176
1813 2865
2122 2667
670 1834
1534 1535
605 729
1388 1509
2853 2879
2811 2939
1133 1155
3166 3196
2224 2862
1107 1855
2429 2717
2440 2963
2276 2866
2749 3087
2191 3194
2818 3176
2931 2992
1990 2999
768 1887
2299 2889
2226 2641
819 3129
2823 2945
65 932
2981 3158
1895 2670
2876 2883
336 780
1748 2942
2612 2962
2612 2725
1675 3161
980 2506
2136 2197
307 2908
279 1676
712 1752
2563 2734
2910 3147
1592 2169
2626 2670
2123 2549
1390 2544
2685 3049
1652 3001
1366 2300
2696 3069
1064 2738
1958 2435
2449 3162
2789 3107
1958 2077
1169 1365
2926 3158
1665 2647
3158 3169
2288 2630
2379 2839
1247 1575
3001 3126
1440 2082
3052 3128
339 2267
1434 2005
2939 3163
1728 2620
2745 3068
2320 2510
187 1762
1907 2559
158 163
2829 2929
200 780
2382 2624
1222 1979
859 2243
2661 2909
1055 3081
96 2014
1499 2140
2178 2639
1104 2273
755 1785
2478 2539
2029 2273
2817 3048
2168 2415
60 1002
1438 2859
3026 3183
1986 2460
22 1404
1326 2796
228 1906
2344 2405
1036 1829
210 2705
2720 2997
780 1267
1900 2424
3193 3195
2394 2463
2161 2547
322 2835
1248 2107
2485 3122
1729 3199
1119 1756
1985 2418
729 815
3179 3196
2080 2949
382 470
54 201
177 871
441 1438
1113 2867
2839 3162
2795 2816
1375 2770
2410 2696
583 2089
1742 2872
2549 3178
1993 3053
830 2002
1686 2865
1105 1259
1430 2794
2139 2841
2030 2920
1087 2222
414 2603
464 2730
1318 2332
922 1573
308 634
1590 1833
1220 1907
1663 2769
1190 1647
997 2742
1132 2599
2175 2712
1266 1504
2302 2418
2161 2765
2974 3154
544 730
1465 2480
1450 2829
3079 3110
3060 3129
2707 2798
3191 3194
1967 2537
1624 1875
2526 3143
1685 2687
2896 3199
392 2256
483 1199
802 2460
2199 2739
1836 2734
1691 2404
1566 2030
1284 1651
2834 3165
2051 2642
2945 3178
1935 2047
38 957
1393 2363
696 1509
993 2833
2217 2774
1727 1908
1242 2079
3100 3118
2881 2889
2117 3033
1462 1963
1932 3051
1760 3139
561 1741
887 2361
2127 2312
3059 3101
2081 3111
1184 2300
2824 3193
2712 3195
3105 3147
1984 2226
462 2529
2530 2924
2117 2383
407 1162
2904 3142
2002 2726
675 2224
910 1448
2160 2522
1981 2520
532 3116
2618 2919
2506 2668
2588 2692
410 2147
799 839
642 1078
2459 2684
2361 2757
2831 3032
707 2863
2437 3024
2634 2644
35 103
2183 2238
899 3179
2720 3074
1263 2907
532 2536
714 3195
793 2464
1727 2069
657 1429
2073 3103
1820 1972
489 2703
1992 2942
2248 2319
2614 2949
950 1717
778 3029
2408 2769
2259 2448
249 3035
3099 3121
2636 2889
2474 2728
1458 2726
812 2569
2906 3124
2390 2410
2995 3141
385 1633
1706 1836
2622 2744
1158 1783
2233 2966
696 1838
362 2174
90 2877
1829 2677
1615 2691
3131 3183
229 1775
357 2031
1479 2980
1060 3007
226 960
2993 3077
1620 2057
1003 1658
2337 2693
216 1196
1898 2077
659 1573
1452 1678
2389 2435
3192 3194
1952 3089
2200 2496
1951 2203
744 2044
960 2181
2892 3196
1841 3143
3166 3188
108 208
2199 2897
2309 3152
1849 2427
410 1143
817 993
1514 1864
2752 3013
2086 2624
2793 2949
2187 3145
564 680
2569 2813
157 2769
3068 3142
3190 3193
1635 2961
3030 3152
2640 3087
520 740
2700 2705
1273 3077
137 2844
723 2368
2889 3096
1215 3017
2024 2595
1220 2865
1671 2043
652 1817
2239 2798
3017 3160
780 2026
1208 2330
1792 2584
1299 2682
2977 2980
2218 2667
111 192
3096 3119
2835 2846
272 687
1944 3065
1950 3186
798 1225
468 3159
1412 2193
113 438
401 2244
307 554
1743 2646
311 1331
2130 3083
656 2724
1338 2519
1159 1872
136 1682
49 2672
2190 2571
2913 3110
2852 2855
699 2056
2628 3111
2343 2926
2084 2112
127 2810
90 126
1847 2611
1825 2257
3055 3139
1684 3077
1039 1911
3013 3097
1117 2476
194 804
341 1305
365 1925
452 1660
2252 2759
836 967
1070 2930
3087 3110
3085 3136
1766 2699
2799 3132
655 924
172 371
1308 1847
638 1657
2436 3101
668 2427
267 767
3170 3195
2042 3190
3148 3150
129 3099
1860 2880
1247 1758
2609 2656
2893 3089
2932 3027
2982 3008
95 1536
183 1484
1991 3187
2728 3020
1830 2217
177 512
1767 1837
2085 2689
2783 3032
183 350
1986 2196
232 419
1404 1999
929 3119
1477 2436
2638 2700
2602 3188
2339 3101
1698 1813
2613 2914
1696 2617
360 2373
2114 2399
1834 2148
2036 2306
830 2251
1171 1467
2065 2765
731 2061
1172 1688
3059 3191
344 3162
2573 2673
564 2880
324 2908
2456 2894
732 2580
2712 2758
2829 2842
1075 2030
1887 2767
1195 3036
375 2626
1158 2423
1114 1203
363 2060
2249 2944
2324 2412
558 1826
1315 2274
2328 2649
2172 2208
3171 3187
1861 2789
1908 2715
2512 2682
1785 3170
2176 3187
1319 1644
671 1796
344 2690
854 1802
2081 2420
158 3181
1338 2946
2750 2874
1120 2166
605 1389
548 3157
2456 2928
2422 2530
1718 2294
368 1337
704 1707
2621 2716
603 2596
2722 3186
1020 1716
1358 1410
259 369
2119 2397
2483 3137
1049 1608
1911 3120
212 1201
1526 2536
749 1910
1888 3093
1412 1670
2903 3057
955 3051
1379 2039
1988 2306
1826 2040
1427 2244
2985 3114
2209 2469
1265 1273
560 2116
2004 2970
3047 3189
1026 2064
231 981
195 1726
573 865
2578 2631
3143 3160
2060 2159
81 2513
1426 1497
84 879
1579 2933
808 929
1553 2207
2020 2161
167 459
2436 3069
1786 3135
953 1633
1977 2444
425 2131
322 2447
1509 2791
1590 1900
927 1136
1703 2425
246 1173
278 2463
1115 1636
1139 2554
889 2625
1171 2439
2300 2912
1897 2482
2668 2938
784 1650
1406 2178
2112 3054
905 2601
224 2284
2670 2782
1670 1789
2550 3065
2407 2572
1899 2815
202 1719
2906 2958
1663 2174
3011 3073
2756 3072
2023 2311
2781 2927
1196 1774
752 1269
3117 3185
794 938
3162 3177
2638 2775
1933 3073
643 987
2941 3023
1059 3047
1605 2506
2565 2694
1664 1897
2208 2430
1756 2858
665 1234
2837 2953
1980 3018
848 1940
52 353
1706 2575
2092 2268
484 922
1409 3185
3002 3053
624 3079
2691 2915
193 3007
1146 2492
1407 2133
2062 2317
1535 2550
636 1706
2095 2444
801 992
59 1825
1429 1661
363 1875
2543 2671
2449 3172
1733 2191
2854 3177
1343 2742
2551 2773
1220 2185
467 2871
910 2644
3105 3147
69 3028
2679 2706
103 115
386 1660
1169 2329
27 2087
2845 3183
1837 2490
831 2859
2681 3107
2505 2536
96 1824
102 875
244 1358
269 1050
2141 2387
1493 3069
403 581
2951 3174
2617 2710
1976 2570
2114 3148
346 1051
730 1977
900 1755
367 3001
169 2248
1577 2297
783 784
1833 2236
2414 2791
1255 2837
347 731
2653 2826
2382 2427
1731 2152
1602 1758
1958 2858
1056 2214
2385 2550
2268 2532
3008 3138
3173 3178
3141 3163
3086 3121
1763 1823
875 2718
1279 2387
1166 2639
61 860
2588 3183
1563 2115
2766 2981
2711 2748
1091 3079
1549 3098
1335 3137
1572 2674
2650 2683
950 1147
980 2236
59 1331
3052 3073
588 2578
780 1317
2381 3162
1155 1976
2504 3067
3015 3043
906 1713
1328 2522
2598 2848
654 710
1928 2452
820 1084
1893 2526
1320 2970
2145 2486
3015 3120
1884 3177
303 1191
152 2865
2074 2163
1825 2459
1047 3048
3148 3152
1113 2039
2631 2748
728 1805
599 1458
277 1851
702 1487
873 885
1628 1764
1126 1713
2029 2279
1288 2025
962 1271
3146 3194
2946 3196
2990 3114
2556 3140
3184 3192
289 621
3185 3186
866 1497
582 2206
1281 2867
1765 3188
2885 2967
3148 3197
1789 2174
207 2938
1106 2360
1381 2685
1637 2757
1191 3032
1493 2329
1020 2883
330 1500
1730 2971
198 1318
801 1393
2429 2999
214 838
2986 3083
2021 2056
2337 3142
2287 2815
1712 3143
1061 1307
2040 2266
438 1511
2302 2380
1486 2802
1503 2132
2323 3063
2374 3144
1610 1779
1516 1816
1211 2206
1625 2080
2437 2453
3151 3189
2511 3153
2677 2985
1252 3025
1036 1520
43 2921
3066 3188
1606 1978
2239 2758
1334 1665
2281 2301
3079 3172
2443 2875
98 2604
3058 3155
2822 2830
634 896
1472 1866
2361 3028
2810 3025
244 2181
2961 3183
274 508
2670 2918
584 2802
663 1519
1135 2013
332 3154
3001 3017
529 1006
1595 2234
2606 2761
90 1801
855 3117
1005 1009
1234 2026
4 1641
481 2397
2915 3165
2872 3066
1671 1725
1557 2491
416 1864
1994 3086
2186 2385
1684 2517
1193 2245
1927 3066
3167 3180
3124 3195
315 2964
2724 2951
2135 2492
630 859
1441 2347
2694 3054
1424 3156
530 1309
2681 3044
382 1917
2383 2825
487 2263
423 1532
1700 1808
1078 2024
1780 2312
2912 2947
1660 3054
3094 3183
2998 3106
2048 2076
286 414
1881 2053
514 2091
3033 3199
1023 1553
2393 3094
787 2714
1259 1327
329 2918
2222 2482
2259 2417
3044 3181
835 2629
285 356
1139 1689
2010 2995
2268 2383
52 1887
52 291
427 1173
205 3079
2498 2939
2022 2219
757 1933
1389 2263
413 1287
2933 3192
576 670
1005 2537
901 1156
1581 2032
3056 3101
2326 3041
1155 1320
2253 2583
995 2502
3173 3180
1886 2552
2254 2595
2012 3000
3146 3167
252 2710
2529 2688
857 1776
32 1139
295 521
1897 2728
2676 2735
457 1707
1510 2058
1956 2663
2802 3197
1803 2633
698 1545
2398 2724
2948 3123
1388 2840
781 1001
2849 3199
1662 2812
907 2554
1794 3151
1555 2807
2262 2628
1311 2724
2389 3044
418 2716
749 2893
2850 3114
837 1302
248 1721
1021 1516
705 1520
1925 3172
26 1886
362 2312
1765 2650
1478 2438
2113 2362
1075 2910
1491 2758
2273 2946
211 2383
2706 2813
1711 1755
2489 3034
522 3173
3038 3093
526 2808
1390 2790
2560 3044
2638 3155
2340 3117
601 2276
2501 2841
3018 3101
1390 1664
2886 3062
213 1055
1145 1510
189 1369
2246 2323
2895 3134
1711 2781
1216 1385
2719 2933
516 2445
930 2554
2017 3155
1009 2178
2500 2676
1661 2971
1298 1998
3075 3135
2119 3037
3130 3165
2265 2555
2784 2883
2197 3132
3131 3183
3120 3170
3032 3140
1065 2952
1396 1956
2547 2687
2922 2953
3144 3174
286 1820
814 2628
401 2147
3071 3103
1674 1993
502 741
560 1262
1787 1813
2801 2890
1245 3191
1350 1989
1221 2653
1233 2731
487 610
3064 3173
693 947
2444 2563
2737 3156
2794 2984
2674 2827
1424 1921
1067 2900
1741 2997
2378 2588
2307 2313
3040 3060
2270 2675
812 1759
1052 2770
1664 2892
212 1385
2102 2594
1841 2716
566 1939
1630 1953
2018 2577
169 1906
159 775
2010 2777
2360 2380
2997 3097
1223 3038
1832 2098
979 1631
448 2741
1440 2984
582 3174
2740 3017
2337 3158
1957 2309
2175 2810
759 1193
2800 2843
567 2671
3012 3057
2370 2483
1597 2111
861 1824
41 1003
1989 2004
3029 3084
655 1102
2521 2833
931 2987
901 2099
2965 3181
470 776
1191 1967
1201 1397
2193 2215
1611 2979
2825 2981
1033 1475
1673 2362
2840 3130
46 596
417 1443
660 2939
2244 2356
3029 3051
14 520
599 752
1082 3126
1620 2352
2578 2970
50 2357
1972 2346
1512 3042
1642 1781
2744 2812
1062 1674
1438 1598
583 2985
1368 2855
2289 2365
1846 2347
194 2931
767 2216
485 2513
93 494
2170 3042
1846 2967
2823 2920
3155 3177
1033 1959
2555 2677
1458 2379
3181 3195
3155 3182
2978 3037
1274 1846
2008 2045
590 1864
1080 1246
2226 2484
1918 3186
1705 2358
6 2076
632 2561
1926 2184
2446 3159
201 1039
2894 2903
421 2770
2881 3055
1115 2097
1026 1878
2171 3016
3105 3108
685 1073
3100 3198
1496 3038
2375 2607
1165 1894
282 347
2211 3059
2464 3113
1518 2886
377 2074
421 1042
2054 2430
2658 2836
902 1280
1938 2617
2353 2500
2635 2755
1177 2445
3143 3192
2476 3138
678 2193
760 1252
1710 1817
2041 2827
1820 2208
2600 2956
3190 3192
2917 3135
123 2706
2070 2399
1663 2516
1882 2223
2217 2923
3126 3158
735 774
211 2687
275 330
1476 2251
494 2440
936 2978
1326 1884
1554 2384
2498 2842
785 2708
2429 2868
2025 3168
32 1995
2768 3120
807 1016
358 3067
2562 3074
2836 3095
372 2910
1947 2080
1195 1523
2980 3155
2757 2892
1966 2592
1859 2086
2440 2914
490 706
55 2430
3025 3081
608 1699
466 1898
1538 2255
1877 2904
3088 3183
180 624
1899 2153
2993 3039
3081 3085
1373 1986
1284 2365
3089 3133
119 1140
113 717
544 1128
2393 3180
2722 2777
831 2041
2091 2400
2762 2851
1026 2424
68 1277
1975 2096
195 3019
1567 2487
122 1480
2038 2575
231 505
245 2908
2537 3115
1614 1629
1545 1850
1716 2043
2504 2542
323 2877
1619 1900
2401 2578
781 2895
2017 2309
222 1944
1766 1979
1740 2037
2202 2452
1102 3156
1509 3072
2435 2590
2817 3184
2339 2725
1922 2381
1125 1523
2218 2281
3097 3129
2847 2985
546 1834
1448 1899
1222 1497
588 2678
2552 3125
2614 2995
178 2299
259 2602
2581 2810
710 2069
88 1036
849 1421
1237 2223
2131 2947
1075 3046
957 1768
3000 3037
2285 2788
2386 2943
1907 2498
3133 3181
1972 3169
1652 1739
2831 3154
364 1564
2116 3072
2584 2587
108 671
1129 2110
825 2987
985 2397
549 767
102 1604
2976 3168
506 977
1903 1979
2319 2845
2512 3138
1740 2128
2028 2786
2241 2992
857 1179
1271 2273
1997 3102
1703 2192
2764 3098
2817 2946
1078 2790
60 3017
1598 2891
1889 2316
1915 2561
667 1651
2584 3104
1974 2989
2645 2781
2796 3050
2489 2540
2151 2594
2215 2957
2802 3032
74 2661
1375 2782
3158 3174
2784 3179
2344 3031
2495 3063
3013 3070
2080 3086
746 2803
435 927
2563 2797
496 713
1050 2777
1234 2661
2084 2843
493 2065
80 2140
431 799
210 1408
2344 2691
1561 3154
435 2450
146 1513
2829 2832
224 1679
2172 2380
312 2804
2636 2904
1454 2257
1891 1929
1236 1766
781 1261
611 689
1198 3073
1390 2060
607 2832
1664 2953
1952 2952
2620 2677
1971 2323
2340 3156
2354 3193
2154 2528
636 964
1822 3190
665 1806
1732 1757
937 1847
1307 3014
1825 1929
2089 2149
1899 2271
2586 3056
162 1909
3125 3194
1188 3051
2657 3113
1569 2003
1763 2736
2393 2753
2582 2918
317 1749
3082 3095
1229 2532
1423 2651
1025 3056
1856 2898
1505 1826
384 2053
1315 2404
2408 2561
2615 2750
661 1986
2946 3126
2349 2810
123 1662
2971 3041
2960 3051
1460 3125
938 1519
1641 2978
2113 2318
2584 3000
2520 2955
1097 1682
594 1071
2353 2648
131 1943
1411 2109
354 2768
773 3184
642 3088
2738 2942
2484 2881
185 737
1882 3128
626 2096
301 1943
560 1750
2112 2930
2034 2204
1885 3069
656 2218
297 1115
1239 1290
1773 2836
2836 3168
2766 2850
2874 2886
2686 3161
2687 3071
2950 3044
984 2345
365 1239
2049 2604
1928 2617
770 1383
2581 2819
722 1901
1896 3192
2635 3134
828 1511
2736 2985
2293 2683
946 1427
5 492
232 2247
1311 2410
1039 2963
2260 2631
2955 3194
1053 1324
2544 2647
3002 3171
1930 2542
2096 2408
225 2120
1845 2541
604 1189
3028 3183
926 2228
1240 1309
55 2964
1130 2605
893 935
938 1373
3110 3176
2326 2924
3175 3176
2218 3195
934 2063
3138 3160
1474 3126
2991 3147
2903 2953
675 1871
1137 2536
2320 2989
3129 3166
2865 3111
1040 1303
2596 2946
143 771
2052 2068
2546 2986
2162 3188
2607 3183
1194 1674
3003 3037
2476 2559
627 1207
2406 2673
63 1362
1554 2952
1291 2018
574 1192
2802 3109
1265 1563
2313 2895
2004 2167
1510 1991
2696 3076
98 2731
3029 3168
2479 2881
2065 3043
3096 3112
436 1271
2997 3123
2060 2998
2637 3073
370 2466
988 2118
1450 2075
548 2334
1618 1890
911 1834
2270 2460
407 1461
421 3080
451 2563
3004 3132
386 1731
810 1470
937 1329
2030 2087
1180 3018
2119 2196
1773 2055
2120 2180
537 926
2531 3046
1542 2527
2161 2323
40 1718
1508 2365
2912 3126
602 1690
3080 3143
2149 2866
1499 2023
771 2217
2394 2908
1096 2099
1484 3142
2854 3127
1564 2107
571 1827
1498 2400
475 1996
795 957
1039 3187
1189 2130
1037 1093
1560 2620
2337 3041
748 1157
2019 2394
1594 2454
2046 2298
1212 1928
1124 2969
1212 1962
1366 1403
532 1208
680 3078
1385 1846
311 1951
3057 3145
2463 2780
1440 2914
631 1702
163 2041
1374 1971
1719 2665
2022 2619
1368 1583
2644 3042
1703 2670
2681 2740
3152 3179
1149 1959
2430 2465
2379 2758
1618 2356
2559 2598
2957 3189
3116 3156
377 2867
3165 3196
1959 2470
3144 3165
2247 2803
2666 2902
354 2696
2079 2955
1101 1249
1575 1648
2934 2983
3071 3097
2313 2869
843 3108
2617 2971
2383 2985
2499 2684
1735 2757
1370 2207
2207 2278
2724 2731
24 1426
2376 2605
2949 2987
221 846
2197 2546
1047 1146
385 2049
1496 1797
2343 3160
2116 2233
1458 2412
1532 2661
2425 2746
1109 3042
613 1594
90 3087
817 1786
1959 2242
404 1390
1266 2551
2727 3072
3145 3156
1700 2685
1596 2924
549 855
781 1346
338 1343
852 1044
594 3097
121 1456
1436 2797
1637 2790
2319 2477
686 2295
1574 2408
848 2733
635 1666
3020 3074
219 1135
1078 2006
111 335
2372 3134
2366 2693
2441 2759
2845 2875
1053 2725
1878 2009
1365 1505
2717 3008
1982 2846
1020 1309
392 758
2622 2784
697 1310
1409 2963
1115 1911
122 973
2186 3165
2406 2849
1353 2508
2757 2863
1701 2637
3000 3175
763 1131
1854 2004
1978 2893
1155 2093
2898 3174
1276 2982
288 574
493 3036
2390 2551
1317 1775
3014 3119
919 3051
38 1168
2534 2841
741 2013
2725 2932
2959 3094
1036 2765
2372 2783
2426 2714
1357 2202
1092 1335
1688 2256
689 807
1093 1320
1657 2677
2310 2952
171 2792
1144 1295
605 1081
87 2178
557 764
1784 2565
570 2109
3 1889
3148 3173
1474 2671
2621 2698
1426 1808
657 2091
3000 3127
2000 3031
2479 2904
1768 2104
648 2102
2579 3160
2529 2566
1903 2257
1441 3199
72 2987
3143 3185
2609 2890
2018 2681
1813 3067
2523 3082
337 877
1559 1632
1854 2961
1642 2068
798 1756
368 3136
1846 2759
3112 3143
1282 1745
292 2406
2401 3001
758 1322
1534 2707
887 1828
3024 3095
3 1651
2739 2990
991 2608
3027 3077
2643 2675
1167 2197
2639 2739
2584 2977
2411 3085
2175 2776
696 712
1677 2946
2600 2753
1939 2481
2259 3033
598 1862
2506 2806
1965 2546
1554 3011
2005 2963
1345 3101
2291 3196
2461 3187
2281 2743
755 1664
1113 2103
468 3000
2361 2546
2301 3182
2338 2682
2629 3031
1722 2381
2626 2822
1554 2766
1026 2191
3033 3091
1082 1519
2768 2962
545 2245
174 2641
1367 1498
1680 2438
2994 3080
2220 2583
857 1143
1255 2468
2027 2995
2706 3013
1028 1288
1525 1898
2801 3084
1563 2656
518 1015
2515 2679
1551 1555
2596 2765
2044 2046
1163 3186
2394 2910
969 2413
252 1108
1644 2612
676 1457
3158 3192
2181 2645
2786 3037
1645 3059
2220 3177
2430 2673
331 2857
1386 2661
2355 2386
1141 3062
885 1519
469 1353
239 2258
1751 2378
2742 2872
3158 3199
1705 2061
402 462
449 802
2675 3037
1064 1584
2135 2805
540 2543
2798 3015
2016 3145
2854 3027
1151 2991
899 2768
1095 2289
1945 2582
736 1882
1622 1770
3022 3085
1495 1718
2924 3149
147 2110
2037 2062
1547 2798
1757 2205
508 1298
432 2109
452 1496
1015 2710
2379 2744
1485 1694
2044 2297
2293 3025
3035 3196
2175 2732
858 2771
862 1616
907 2674
915 1702
1380 2478
953 1689
866 2460
785 3133
68 86
1337 2867
658 2321
1501 2529
613 1903
1616 2525
1633 2367
1499 1963
2237 3086
95 891
2110 2303
57 1522
774 3134
865 1906
93 2128
402 513
2886 2923
561 1970
3009 3151
311 1337
2092 2616
3012 3114
1301 3122
1425 1630
1024 2162
2742 2778
2318 2821
948 1975
1014 2086
1734 2970
2611 3109
1731 2731
2983 3008
2182 2396
2409 2595
2940 3102
1839 1942
2791 2949
1185 2355
596 1678
1140 1824
2299 3044
18 1701
426 478
1008 1997
1592 2327
1157 1755
395 3159
2157 2187
962 1779
694 3016
1712 1990
3133 3144
2697 2845
2769 3080
586 1871
1339 1346
1158 2207
2813 2906
389 1872
3081 3147
1929 3150
516 2739
1970 2203
1681 3088
1394 3026
2220 2452
3058 3061
595 2098
1020 1818
1052 1521
1553 3036
448 1497
2709 2746
2133 2971
661 1361
1788 1854
3060 3085
2706 3114
3050 3119
2298 2413
72 897
64 2396
1208 3013
1792 3175
264 2180
2928 3196
2992 3155
2340 2612
601 2465
1884 2919
271 2689
1712 2351
816 1580
86 3073
699 1160
2341 2438
2518 3046
1787 1857
2987 3107
960 2988
1406 1672
1719 2042
996 1795
774 1648
2717 2780
2702 2912
1934 2632
2304 2706
2745 2988
294 2826
872 1990
904 1249
369 865
2941 3138
2170 2740
1171 1303
1758 2722
2134 2545
863 3101
3033 3062
1447 2727
2577 3093
2219 2429
83 2132
1528 2873
2540 3018
3029 3116
2176 3094
30 2705
1982 2020
2589 3007
2762 3134
2481 2597
1386 2957
471 1287
1273 1545
888 2934
1076 2339
1924 2883
1650 2647
1403 1590
1849 2893
2581 3011
733 2932
3100 3194
1334 1822
2595 2819
643 2225
1015 1823
3061 3082
786 2161
1528 2146
2161 2923
3111 3172
2627 2650
1707 2731
627 796
1065 1300
2856 2946
3191 3192
3075 3127
513 1223
2670 3170
2597 3118
1076 2764
1619 2528
1087 2770
1762 3166
1514 2127
1203 3188
59 2912
2360 3103
2705 3117
2322 3169
451 3010
12 3136
3018 3185
3185 3190
2679 2952
2564 2856
1835 2499
2846 3164
2494 3104
2842 2860
756 1172
391 3015
189 1329
1635 1723
486 625
1219 2591
999 1753
2784 3020
2880 3175
2648 3052
391 1751
2704 2826
1312 2668
464 2339
2265 2691
2392 3068
1376 1905
1450 1942
970 2620
1226 2423
1496 2695
1538 2259
1887 2747
347 2121
2391 2946
1456 2478
2028 2116
1897 2269
2010 2408
2659 3006
1278 1525
1526 1996
2544 3030
1491 1793
343 2381
1982 2397
2727 3145
348 2343
3067 3155
3121 3135
2895 2914
1373 2376
2431 2847
1710 2483
2471 2825
293 1756
1097 3147
2225 2281
1000 2764
1177 1618
2052 3184
925 2399
2957 3051
2747 2991
628 2066
2073 2196
2712 2801
1388 2754
826 1927
1347 1995
1692 2131
15 2623
1610 1688
569 1107
1725 2752
723 967
2102 2268
1285 2093
1747 2493
76 1051
2570 2591
729 2461
2373 3135
1407 2845
690 3105
2326 2330
1751 2542
577 1829
2385 2605
2277 2680
851 895
650 2780
122 2129
1000 2385
1438 2865
2022 2077
3103 3111
1559 2093
866 2854
873 1513
1094 2453
2494 2592
389 703
2724 2851
2565 2630
258 1816
2281 2635
2589 2624
807 1334
1111 1207
1564 1835
1548 2751
1853 2344
588 1753
67 79
205 3183
1789 2289
2434 2822
2849 2912
8 2018
812 3121
394 2944
2985 3181
1223 2587
24 318
1574 2340
1137 2349
1631 1935
3009 3098
1374 2705
1875 2983
2387 2493
2974 3114
726 2998
2296 2392
2678 3030
152 2322
3112 3147
1073 2726
2538 2846
1399 1766
957 1008
1937 3128
244 2886
933 1167
1342 1928
2399 2974
3055 3083
2277 2636
78 1558
3059 3108
1059 1387
1769 2035
2538 2825
2017 2316
371 1894
578 2214
2247 2677
1665 2294
104 2267
1100 2735
853 2597
2948 3003
1278 2482
2113 2896
790 1284
2184 3117
2769 3190
851 1757
715 838
319 2824
2849 3138
623 2786
148 902
2575 2970
1085 1562
2600 2681
1478 3105
2741 3176
1377 1704
2119 2285
2239 2648
1179 1273
