2600 5200
370 581
1960 2234
1621 2320
340 692
58 1081
1652 2233
2570 2577
1965 2433
1188 1676
242 964
1734 2413
2199 2249
147 1578
454 1819
1774 2088
545 1115
742 1890
1490 1955
873 2470
1554 2577
1117 1494
1840 2594
2165 2288
2274 2533
711 2017
2021 2274
1819 2441
956 2097
1089 1676
1696 2237
1021 1384
1497 1554
789 1334
2563 2594
1803 1809
1286 1853
1053 2142
2138 2447
26 1114
1967 2402
1660 1866
1686 2384
578 2511
531 947
938 2240
579 1710
571 1408
2366 2487
230 744
2401 2583
738 1733
534 1131
2254 2309
1869 1916
1340 2435
1334 1894
2187 2340
955 1754
1678 2479
610 1718
2478 2487
2415 2528
93 2372
847 2489
2497 2562
2112 2346
1702 2089
1386 1799
1077 2248
2200 2545
177 1129
411 744
888 1879
1353 2181
95 463
981 1236
1880 2030
1012 2085
916 2474
1096 1276
1790 2380
2005 2201
466 1252
2401 2437
1337 2109
929 2387
248 2171
1625 2102
2543 2550
1699 1811
983 1135
563 2189
2329 2513
2516 2587
164 1135
372 566
1774 2589
440 1277
1601 2071
731 1743
674 1853
566 792
1075 2102
2127 2156
2305 2529
1961 2200
1843 2321
2361 2467
356 2534
1561 1984
1221 2106
2433 2491
2365 2513
2074 2185
358 1361
1019 1199
1970 2447
532 834
1413 1577
2469 2500
2551 2560
2531 2588
2543 2570
898 1733
1598 2215
1414 2275
2175 2193
2093 2206
1049 1443
690 2320
514 640
997 1873
122 1078
1514 1621
18 307
386 1635
2455 2540
261 852
519 1901
711 1986
978 2148
632 2364
1560 2301
1905 2138
666 1037
2507 2564
2358 2481
1515 2078
878 1238
161 1037
658 1345
75 1872
578 1867
271 442
2222 2228
1328 2369
1558 2407
1708 2146
2506 2595
1395 2315
422 474
1873 1927
2299 2328
2578 2593
98 2494
1613 1804
628 1502
1250 1351
1113 2149
2173 2391
2395 2434
1080 1431
1804 1932
1581 2377
2515 2534
2107 2491
1652 1983
1553 1564
312 2236
535 2445
882 922
1948 2449
2562 2591
1714 2366
578 1379
305 1023
155 2373
1786 2245
858 2295
151 2521
685 2101
2361 2376
2121 2465
1003 1521
2575 2581
2231 2342
2119 2515
1568 1627
1570 1872
368 1861
596 1056
2443 2536
488 1699
982 1345
1649 2373
87 404
230 274
1540 2332
1393 2573
999 1140
1244 1257
1446 1794
674 2011
544 1534
1242 1413
622 1452
1589 2577
2030 2428
1775 1789
356 979
223 1651
1845 1992
2338 2553
2246 2300
1024 1581
2494 2585
1026 1852
1850 2403
1498 1989
2110 2516
2024 2159
1011 1836
1414 2299
1382 1558
1675 2490
585 2558
1379 2139
2136 2467
1607 1659
1066 2594
229 1909
311 1447
1866 1898
672 1577
514 1002
1306 2400
2365 2405
1802 2294
1390 1473
94 751
2039 2238
2291 2480
2089 2312
1566 2380
691 2263
496 651
1120 1468
375 1882
922 1057
1785 2143
815 1950
1491 1865
51 2565
2378 2418
1185 1909
1357 2519
1105 1144
277 1852
2313 2564
2364 2431
2523 2572
1901 2467
2347 2449
2587 2598
945 1037
2017 2042
1400 2306
1253 1762
1052 1767
646 790
848 1394
1781 2569
565 1825
1480 1642
823 1353
2045 2575
2283 2515
1929 1951
1826 2312
2527 2594
1024 2294
1549 2363
1752 2463
416 419
2141 2151
1046 1056
954 2102
1132 2325
2511 2528
2416 2574
471 2057
919 966
41 356
2547 2582
1349 2500
263 1726
2308 2543
1396 2582
1730 2343
1054 1512
1330 1439
2422 2463
529 1062
1136 1889
2455 2478
1097 1750
1307 1818
2090 2480
155 1012
1731 2113
2331 2333
1264 2054
2264 2273
843 2583
2211 2563
1006 2097
1664 2208
1546 1825
997 2186
1281 2294
1543 2558
1380 1405
2416 2524
996 1312
1720 2307
1113 1945
2103 2210
11 991
828 2009
2524 2581
674 1962
103 736
711 2388
2257 2276
1204 1247
798 1262
1364 1738
1385 2295
607 1854
2503 2519
2188 2524
506 1858
633 2589
920 2458
774 1826
2587 2596
2514 2543
2584 2588
54 976
2366 2435
457 1527
607 1184
2 1386
757 1704
2060 2512
1186 1736
1045 2180
795 1559
2469 2580
2014 2384
1783 1860
888 2424
664 968
2308 2550
1573 2086
425 796
2431 2544
2358 2450
1992 2450
1358 2115
2352 2378
887 1232
944 1867
65 1953
1001 2463
313 1543
758 1157
2074 2507
306 2155
1994 2256
2452 2525
1548 1890
1827 2055
2558 2570
567 1542
1185 2167
592 1626
2295 2569
1098 2343
1048 1454
438 2120
714 1181
281 1124
2307 2559
1978 2082
1285 2514
1093 2432
2116 2128
850 2058
1076 1780
2520 2590
573 1871
2368 2592
2365 2423
882 1378
2253 2387
1132 2491
1139 1339
1565 2517
1149 1795
1316 1823
656 968
1029 2002
1393 2387
2151 2293
1885 1956
1840 1853
715 1751
235 1289
203 1653
1014 2231
1581 1709
1211 1761
1109 2213
103 2390
1193 2020
1873 2102
982 2062
1869 1919
65 1852
885 1790
1233 1975
2138 2389
1593 1776
1936 2503
1180 2317
2313 2343
771 2336
2058 2266
2068 2277
805 2585
2045 2488
278 2286
1900 1915
333 1060
2304 2339
621 1855
812 2519
1863 2165
569 2361
2382 2572
448 2353
827 2282
2571 2585
1336 1559
307 1800
1202 1598
351 924
2553 2583
2481 2586
495 694
1788 1833
1526 1857
1334 1455
441 1818
726 2321
2338 2383
1661 2146
1024 1995
2157 2215
540 2512
344 437
1455 1518
1652 1966
2598 2599
216 1782
2574 2585
1050 2328
2256 2475
2137 2195
1963 2582
335 1126
2356 2478
845 1136
1914 2192
2097 2212
841 1784
2469 2551
1952 2453
388 1074
1635 2262
1983 2195
1896 2206
331 2335
348 1602
658 1976
1721 2411
2120 2235
925 2588
1058 1122
189 1794
413 813
932 1766
232 1778
500 1799
2061 2393
1671 2387
862 1329
2544 2558
1932 2042
512 1298
894 2555
2198 2372
130 1113
1413 2361
113 1510
91 1892
310 1372
875 2144
1599 1812
1483 2369
687 1248
1594 2229
2479 2573
1714 1725
273 2273
2088 2491
1180 2096
1998 2498
2071 2491
982 2237
389 1561
591 1426
2188 2535
651 1078
506 1848
2598 2599
1360 1898
2281 2423
321 441
2484 2508
325 508
148 185
1476 1960
514 1738
356 876
869 1207
48 1231
409 2340
832 2234
1366 1468
685 1119
2570 2596
336 1396
1227 1593
106 2241
1758 2182
228 1736
872 1039
2361 2540
2237 2537
1270 1670
30 120
117 894
415 1009
2404 2418
1296 2196
1779 2412
2038 2576
94 269
1389 1945
2188 2593
1536 2039
40 2496
1435 1807
504 1571
2310 2580
2020 2373
2227 2466
2031 2501
1331 1917
567 1735
749 2098
448 1077
335 1208
91 1046
1261 1845
2009 2388
1423 2418
1649 2177
908 2086
2074 2527
56 2177
1231 1961
1531 2483
1474 1957
436 1261
637 1370
673 1020
2539 2550
249 1663
982 2476
2252 2360
987 1261
486 984
1794 2418
755 1331
596 764
643 1154
59 280
2539 2585
650 2467
18 2537
379 1326
2293 2381
2372 2540
1123 1987
1946 1984
2492 2519
1668 2457
1390 1975
977 1232
1710 2592
189 684
1338 1889
2305 2542
2441 2512
905 1585
1839 2014
1257 1586
1457 2201
290 2166
116 852
1381 1449
2259 2333
1893 2527
611 1125
47 1781
162 1567
1668 2535
29 903
485 798
976 2210
1751 2424
1853 2034
1098 1386
1837 1876
566 1431
2531 2537
2550 2588
1879 2417
236 2308
1962 2570
2158 2473
81 1776
1097 1288
2308 2466
1101 2123
226 1544
182 2207
621 1337
2585 2591
720 1235
2061 2181
608 1849
1919 2348
125 815
1192 1450
2596 2599
1911 2376
698 1609
586 1966
361 2407
2076 2507
987 1102
2195 2277
615 1246
86 1470
793 1956
1748 2003
1376 2117
1926 2136
563 1173
689 2013
2443 2484
1751 2594
2083 2215
105 475
387 1962
746 797
90 2229
94 2531
1398 1593
863 2231
1822 2294
430 2176
136 245
199 470
925 1065
1808 1824
330 481
1711 2243
2555 2564
1905 2081
921 1862
2013 2480
1905 2098
1348 2181
1875 2269
1352 2510
1284 2163
1001 1003
2580 2598
2484 2585
592 1227
794 1893
1076 2053
812 2578
512 2396
433 2408
1133 1726
1261 1586
2560 2581
800 1577
294 2067
1807 2325
2576 2599
1356 2400
1302 1721
1030 1609
890 1329
559 2433
220 1657
1009 2514
1083 2583
927 1770
2095 2403
2072 2207
483 2050
146 1827
2538 2560
852 2560
747 1287
2387 2416
2393 2576
1392 2092
948 1432
279 898
497 1074
1512 2242
1461 1582
724 2343
1392 1659
660 2466
1795 2472
2436 2530
836 1189
2063 2586
950 1385
1196 1621
1655 2522
859 2173
1604 1695
1721 2429
275 1753
730 2438
2572 2574
632 2394
1860 1889
2390 2497
1798 2095
714 1669
2 873
2554 2565
2027 2134
1267 1598
1839 2542
1821 1895
1794 2531
844 1505
1354 1705
1952 2200
199 2550
412 937
73 817
2533 2591
407 727
1878 1972
2182 2535
2000 2200
2418 2504
425 2441
2279 2562
1716 2392
1476 1849
805 1238
501 609
904 2032
1071 2322
1300 1574
1943 2061
1584 1840
1119 2140
2073 2288
1287 1582
381 1508
2149 2260
953 1208
1571 2175
637 2356
1136 2535
1576 1602
1688 2048
2176 2373
1052 2446
2067 2518
1091 2112
541 2012
962 2406
1777 1976
1397 1943
2007 2072
1397 2059
2443 2497
631 957
2201 2541
776 1432
2328 2590
1418 1502
2429 2532
1460 1559
605 1809
708 2345
2265 2516
1737 2293
1000 1394
1883 2336
235 805
206 2238
1704 2416
484 1315
886 2000
431 601
2553 2556
1709 2022
2584 2591
2557 2564
1562 2017
1996 2326
2475 2553
1738 1889
1003 2090
1472 1646
681 1502
2344 2573
667 2592
2005 2512
163 1926
2153 2494
1863 2582
2458 2589
23 1937
1246 1561
193 1717
2312 2480
1159 1694
2536 2544
1360 2286
2159 2351
697 717
361 657
793 1366
328 927
1327 1561
2363 2583
2105 2159
2293 2514
905 1591
1000 1754
2417 2584
751 1802
38 932
2219 2438
211 677
752 1492
44 395
202 587
1369 2215
1579 2498
274 1380
1429 1504
2451 2501
2564 2593
811 2539
733 2279
1692 1999
1158 1228
2027 2527
2196 2380
1343 1575
209 771
1787 2532
1035 2562
448 1065
2358 2417
2360 2564
108 1279
1416 2165
118 376
15 2460
1948 2159
9 753
1191 1526
59 1863
84 872
954 2115
932 2576
19 2222
133 1138
1608 2197
1950 2286
1870 2023
2348 2562
732 2236
1706 2128
809 2360
1294 1947
1661 2485
205 1037
1824 2505
1119 1412
1312 1591
1699 2100
1041 1215
1381 2427
1358 1861
671 2433
1755 1901
2215 2246
185 2560
643 2185
464 1317
2000 2007
1754 2003
496 2455
1198 2441
908 1026
2093 2463
2314 2484
2521 2542
2166 2208
1035 1429
1745 2268
1178 1680
701 769
2114 2461
359 1869
1789 2503
573 1243
1951 2331
1622 2016
1897 2294
1437 2361
72 2421
1079 2356
1643 2185
1982 2229
2067 2335
893 1744
2057 2231
1710 2069
585 1141
2327 2426
2217 2375
2038 2363
2398 2447
962 2002
1798 2152
918 2010
755 1661
44 498
1734 2197
894 2442
1620 1783
1517 1698
337 1943
795 1227
231 830
19 2097
2240 2430
889 2313
696 1559
465 2173
1065 2129
2251 2474
1368 2573
346 1144
2425 2444
64 897
1154 1670
1757 2398
2241 2364
591 2395
1211 2086
1968 2470
1146 1405
256 1592
605 2016
1313 1448
1831 2590
45 556
2126 2470
2132 2164
80 233
188 1524
2136 2400
909 1644
596 670
688 2562
1629 1865
1206 2568
122 371
2469 2588
1678 2500
2556 2580
2375 2470
1363 2320
1231 2090
2250 2586
1311 2053
1090 1234
941 2429
2273 2550
1518 2573
717 1281
2153 2195
1554 2097
2160 2308
1448 2226
1231 1378
2399 2549
2553 2565
1998 2385
2072 2407
2323 2385
1972 1979
1871 2231
2330 2331
1802 1912
539 614
1989 2354
899 1689
2375 2589
289 617
581 1584
871 2557
1700 1744
104 346
2156 2387
668 1904
1350 1565
162 453
834 2227
2516 2596
2381 2487
2379 2585
833 2369
906 1574
2089 2491
1585 1726
1365 1516
1848 2021
2100 2297
442 1195
208 1723
2519 2539
809 2513
683 1403
2139 2158
1367 1694
548 1304
2313 2379
1768 2052
926 1577
2479 2526
537 593
436 868
2492 2538
788 1811
876 1964
600 2405
60 844
2573 2589
1779 2495
2570 2583
769 1566
1323 1709
298 2445
1573 2593
440 766
925 1668
1291 2263
2199 2548
2057 2089
1785 2064
2056 2441
1928 1990
507 2530
1126 1368
1556 1604
1004 1440
2389 2598
402 564
1302 2387
872 1901
1105 1597
766 875
388 854
2561 2585
2062 2474
1135 1290
1504 2298
1659 2240
2450 2518
27 1339
2509 2514
861 1544
1927 1954
2377 2576
1123 2529
1847 2474
2236 2332
60 2332
835 2463
532 767
1281 1648
941 1835
1260 2238
302 1772
953 1782
913 1709
2078 2108
2433 2580
419 1079
640 997
1988 2166
284 997
32 2069
330 515
1490 2159
1479 2280
619 820
1674 1689
584 2091
2576 2599
891 962
2124 2583
1367 1828
2588 2595
790 1246
1830 1857
1377 1720
2369 2376
1755 1851
2116 2518
1823 2429
2313 2393
1526 1798
2032 2249
2154 2424
194 2382
160 1669
813 2142
1103 1988
663 2122
667 1992
1341 2084
225 976
2272 2283
2427 2471
2078 2131
2168 2566
664 1390
2135 2163
1804 1852
1336 1889
2118 2277
2023 2541
1595 2254
1679 2102
1098 2178
2467 2577
150 270
2184 2286
2554 2578
1386 2277
2284 2587
1535 2270
1042 1174
1937 2083
802 1897
1461 2549
1163 1621
430 847
1182 2476
1191 1206
1230 2133
2593 2598
2152 2593
828 1740
313 1108
879 1069
1482 2016
1299 1828
1582 1695
1097 1298
431 2486
1768 2510
1179 1818
1661 2028
1491 1503
647 1503
2287 2504
1457 2039
354 709
718 1561
931 1164
2204 2422
290 2256
1373 2374
2022 2592
1831 2132
297 1076
1577 2420
1379 2283
983 1649
2435 2483
879 1334
1 1494
1144 2466
871 949
1562 2533
275 1644
1966 1993
1737 2499
2263 2527
2414 2572
1114 1891
1687 1779
147 509
386 1449
1569 1764
2269 2334
155 847
1489 2555
1659 1894
2111 2497
888 2391
1445 2408
2076 2423
1856 2125
1596 2074
2151 2405
181 1072
289 1469
2000 2242
762 1711
2437 2513
401 1713
617 1165
241 2195
883 1571
886 1300
487 1837
827 1719
1192 1809
2084 2373
2580 2583
974 1387
1502 1529
2579 2590
240 1833
1947 2365
1645 2191
691 1775
48 1131
1130 1454
1649 2399
1346 2065
475 1306
1022 2265
2255 2354
1207 2009
976 1420
1930 2090
1757 2271
2017 2574
1221 1847
2566 2597
1688 1890
899 1469
1477 2032
1166 1294
636 2285
602 1996
711 2129
142 861
2555 2596
1198 1725
1826 1964
471 906
2017 2574
427 2578
2315 2461
454 1872
705 2192
1537 1886
262 2345
1852 1922
946 1963
1294 2482
453 1913
552 2126
1291 1391
993 2002
86 1140
2452 2491
2503 2582
1334 1612
2025 2259
291 574
592 1540
497 1510
2297 2581
413 1736
459 555
2478 2545
56 1779
1660 2240
406 806
234 800
61 547
184 1775
713 1842
2187 2207
2183 2267
2166 2561
2178 2227
1782 2223
183 469
252 1346
1872 2235
596 1315
1280 1684
1984 2193
261 971
2439 2524
81 116
941 1973
239 2392
244 2521
1874 2362
1420 2226
2327 2438
2570 2592
226 1378
2268 2404
999 1300
1221 2350
14 2451
881 1479
248 1760
2261 2415
2025 2371
2590 2596
2513 2596
2178 2414
1148 1273
1099 1560
894 899
1685 1733
1891 2575
45 1473
1585 2595
269 1832
711 1488
1257 2300
761 2012
42 2598
2029 2309
1003 1874
1098 1228
926 1701
1796 2127
2330 2566
160 996
2377 2519
897 2549
458 532
1310 1590
1493 2262
1842 2437
2275 2473
1597 2039
703 2578
1217 1619
560 1769
477 2465
79 947
1454 1804
2027 2570
541 1023
109 2149
1332 1407
517 1396
745 1255
840 1319
1841 2387
357 978
1343 2339
1299 1958
1845 2034
2340 2451
1011 1877
680 2244
1218 2539
395 2534
1277 2564
1160 2298
150 2201
740 1488
2291 2544
2385 2463
927 1481
728 1612
2074 2103
1290 2050
1041 1287
837 2285
960 2484
1414 2546
2118 2234
1249 1507
1325 1797
2132 2149
2225 2281
772 1500
1371 1579
276 1855
1642 2037
1609 2125
1335 2211
2211 2292
783 1372
2320 2478
934 1481
307 2548
51 910
1330 2087
1312 1558
858 2178
1239 1729
2451 2590
177 667
1017 2148
561 2548
1564 1572
2290 2585
1101 2146
5 2265
2559 2563
1290 1549
2513 2590
95 556
2433 2434
1200 1935
2379 2394
1408 2115
430 1141
1643 2379
402 906
2598 2599
182 636
1243 2159
947 1207
2452 2470
1562 2044
332 1017
291 2077
2439 2575
1458 2386
1629 2362
891 1376
1784 2376
1541 2138
1981 2488
1517 2402
1623 1909
995 1736
899 2251
1480 1988
1712 2362
1064 2127
689 949
644 2300
1789 2157
1585 1711
241 2400
1545 1626
1261 2112
28 1245
555 2170
506 629
493 591
414 1004
857 2426
90 2116
911 1012
2516 2537
529 770
2501 2592
2012 2206
1976 2539
560 811
2027 2239
433 2338
2320 2450
2148 2461
2031 2376
2354 2428
2059 2528
853 2599
1557 1978
941 1519
1315 1558
1731 2170
518 731
862 2562
1167 1873
26 1297
2080 2366
1244 2326
2596 2597
1028 1244
399 1759
2359 2474
1388 1665
41 2242
498 1410
2079 2150
2558 2593
1910 2591
63 1132
470 1669
2136 2316
2007 2432
2417 2482
406 803
329 942
1473 2307
1859 2287
2157 2340
1392 1446
493 979
2120 2238
2186 2413
38 1738
569 1504
2387 2432
1744 1748
2109 2241
1821 2460
1965 2023
1774 2127
2303 2394
1056 1801
225 492
2263 2492
2474 2524
1413 1672
690 1458
676 1776
2216 2286
1073 2234
1085 1728
1152 1396
2357 2588
6 454
2093 2502
1320 2117
1010 2233
1073 1493
338 1668
623 2431
1930 1963
914 1186
2375 2453
269 970
150 2585
2018 2150
3 1158
1756 2467
732 1392
1 1679
34 961
1833 2055
631 2007
169 1250
2032 2274
1105 1423
182 1428
1365 2389
1612 2476
2264 2535
2350 2357
2266 2453
1577 2337
751 1840
1120 1512
1084 2291
239 2298
2212 2374
1455 1931
1748 2531
630 1913
2073 2431
554 754
1146 1470
464 1164
2597 2598
1925 2264
2500 2537
534 2082
29 1583
309 1716
1789 2488
1140 1627
1728 2388
2065 2326
2462 2580
664 690
1470 2598
2006 2128
2502 2503
2061 2076
2038 2467
131 2514
190 1504
262 1365
197 897
2045 2151
505 1019
1781 2526
1800 2035
2403 2415
1918 1951
1318 2526
119 1781
1916 2364
1677 2285
2346 2489
9 1512
1074 1200
17 409
735 1004
1780 2150
1557 2596
878 2094
1688 2431
1817 1850
1819 2441
1265 2407
60 2442
561 658
2579 2592
471 1419
224 1347
184 2029
573 1016
222 1851
1204 2084
1484 2392
1868 2337
670 1357
2293 2557
635 1693
1621 1744
335 992
2035 2578
3 2308
2363 2481
991 1841
1786 1999
916 2001
980 1202
1248 1737
549 942
2235 2244
2439 2445
1735 1933
1839 2285
1916 2014
1210 1353
1001 1104
2057 2344
1037 1312
630 765
2592 2596
128 1329
466 2566
1129 2557
707 1117
1513 2077
569 1090
747 1613
993 1452
1267 1291
2593 2599
1575 1996
1301 2046
1503 2406
1190 1672
169 1207
94 1736
1602 2363
1632 2354
103 1764
1085 1271
822 1095
547 2561
409 2049
2018 2246
80 639
534 740
549 2334
1218 2267
1013 1134
1077 1311
2369 2584
1292 2283
1788 1861
229 1138
1981 2429
700 1539
159 2559
428 1256
11 2161
2552 2565
1496 1781
75 1083
2429 2579
2547 2593
1193 2013
2517 2554
881 2388
408 1472
218 414
353 2450
142 2215
2213 2486
556 2087
310 757
1014 2285
164 652
986 2387
1207 1997
1304 2254
1136 2175
333 1812
1014 2011
1063 1440
814 1044
1216 2080
980 1899
1779 1858
2054 2196
284 467
118 248
822 1203
2047 2388
2182 2431
9 936
309 2084
1928 2090
495 562
2341 2385
933 1320
1982 2361
779 1023
2157 2238
1504 2032
721 1446
1309 1598
1326 1955
1066 1788
2079 2411
1598 1719
216 1248
841 1499
750 779
1919 2392
2073 2275
2081 2355
46 2178
2243 2321
120 2019
1988 2453
573 1463
1179 1732
1271 2552
203 1976
2154 2206
411 747
136 185
1846 2298
2258 2352
1255 1326
2329 2345
1783 2303
148 623
1916 2596
1521 2238
1284 1575
1719 2501
1991 2454
1596 1645
1083 1543
1614 2510
2419 2561
1470 1756
1747 2073
1419 1591
2114 2168
1981 2170
1962 2084
37 1214
539 2134
2155 2553
1021 1979
1599 1694
1348 1372
1000 1730
1094 2307
2376 2574
1212 1322
1022 1682
782 1766
926 2148
1218 1999
686 956
2560 2574
440 1029
299 2237
1188 2040
2364 2433
1601 1969
395 1294
607 2309
2333 2361
2216 2389
2471 2568
1118 1935
1278 2187
412 1456
2221 2376
2128 2525
983 2104
1429 2348
780 1808
1757 2543
64 697
266 2168
11 1779
113 2170
556 2484
2481 2489
1107 2383
1163 2270
1909 2077
1416 2191
173 1940
21 2444
2451 2452
780 1864
1073 2202
526 670
1506 2089
1573 2049
2474 2508
81 2292
444 1468
154 2151
2578 2591
221 2309
659 1317
1014 1308
847 1457
2302 2585
1893 2206
1603 1810
40 1428
1529 1991
1053 1775
921 1534
1888 2338
1969 2366
2331 2347
2502 2524
504 1439
329 1866
779 1439
1559 1768
434 639
2062 2164
265 581
320 2014
259 2029
1241 1794
1148 1340
2153 2370
991 1374
943 2389
1281 2375
456 1005
695 1324
1485 1670
602 1914
2389 2516
828 1817
1419 1610
815 1264
2354 2536
1358 1543
1146 2281
860 1616
487 1963
898 2093
1386 2257
1693 2002
103 1415
1235 2298
1474 2041
1821 2160
1095 1993
505 857
922 2273
417 1289
936 2260
2591 2595
1449 1963
726 1822
2350 2536
1747 1894
2595 2596
682 1385
1133 2327
1391 1527
503 769
966 1222
1014 1926
2203 2599
923 2167
2330 2395
605 1200
122 414
1004 2325
785 2565
2179 2289
2265 2362
573 589
2573 2589
1368 2496
1754 2012
1469 2598
2006 2114
1682 1720
2115 2278
447 810
494 1935
1600 1794
1953 1994
151 334
1551 1909
477 2527
1724 1886
1119 1847
1812 1839
86 2591
508 2467
716 1818
1082 1218
702 1175
835 845
1927 2140
1586 2371
1310 1778
2321 2509
878 1155
1861 1919
103 799
2501 2543
1989 2529
2314 2359
2061 2386
1718 2072
298 1203
1798 2072
220 774
777 1566
204 1613
1925 2365
1593 1861
698 1980
826 1709
334 2585
2483 2532
470 1856
309 2088
499 1400
1716 1918
715 750
1419 2144
285 1183
1061 1434
209 2494
2293 2520
502 596
455 983
1410 1831
1733 2354
713 1982
1763 2230
2105 2433
1766 2337
976 1192
2255 2509
414 1833
707 1361
1065 2446
380 1267
1009 2060
1553 2231
535 1051
831 2194
2200 2401
1311 1625
2379 2523
745 1035
2389 2593
955 1043
2309 2398
1317 1860
2126 2265
1084 2151
1841 2519
1695 2318
1134 1458
2447 2587
1988 2284
1563 2267
518 826
540 1325
1460 1720
1031 2294
149 2390
2364 2407
2194 2534
1455 2131
712 854
84 1945
506 2339
2329 2374
816 1376
315 422
1901 2415
2203 2496
1982 2303
1345 2538
1234 2169
1945 2411
1866 1987
4 121
837 1290
728 1602
1623 2307
2447 2576
2446 2561
58 1297
2400 2562
1342 1747
919 962
1929 2303
1554 1920
1487 2499
2051 2431
2010 2305
178 838
2032 2316
695 1398
1960 2514
689 1279
235 2473
2249 2283
1895 2419
117 249
1881 2247
2271 2275
17 775
786 1105
1249 1517
917 2030
1779 1875
2386 2431
1630 1933
1592 2061
2238 2347
424 1940
1109 1933
2103 2120
1484 1751
1260 2358
1151 1286
512 1965
449 1934
1702 2298
1397 1750
332 1801
1283 2579
1076 1289
906 1411
353 1868
2147 2416
1174 1949
2005 2025
1391 2064
819 1427
183 2037
1636 1686
74 1780
1892 2500
1409 1423
798 2170
2010 2551
1451 2040
1937 2595
405 1552
1282 1937
1971 2005
1572 2134
2017 2292
64 224
698 1817
884 2178
1513 1717
2537 2561
931 2270
78 2051
2537 2546
1935 2379
2257 2262
1486 2299
2348 2519
2215 2417
1790 2245
1946 2315
1188 1279
1078 1869
1231 1372
2303 2332
1918 2544
2317 2553
498 1333
2468 2528
1857 2535
1729 1776
1085 2392
1212 1901
689 886
2414 2560
383 723
662 2095
2475 2568
1349 1723
515 1974
63 1052
626 1336
1060 1279
372 1722
1026 1897
1517 1872
1832 2419
1730 2109
76 1863
1844 2549
1257 2053
1782 2161
2229 2377
228 2369
324 449
1911 2241
1028 1889
1838 1840
2222 2347
1272 1775
2274 2327
333 2415
1929 2449
588 925
653 1726
911 2441
2588 2598
82 149
644 1013
1705 2392
691 2543
153 2138
447 2129
1493 2259
126 1349
1059 1575
381 1303
1340 2232
1624 1646
40 1088
952 1787
589 686
1152 2018
2055 2190
846 848
41 206
2413 2579
1560 2547
2265 2306
1270 2354
938 1458
1564 2466
666 1171
930 1874
1227 2574
1261 2186
2217 2484
2168 2169
1697 1744
1855 2317
1442 1908
324 554
812 2565
2051 2502
1168 1406
771 1942
824 1563
333 976
1360 2076
1178 1489
2247 2598
2225 2302
2537 2545
93 1125
2229 2491
902 1856
1167 1373
204 286
1722 2279
1978 2379
1930 2028
1286 1437
2017 2137
799 1406
137 1414
2181 2332
2432 2477
2578 2591
2090 2367
826 1680
370 1123
645 1007
2151 2522
1722 1918
2438 2551
1790 2272
2129 2237
1339 2546
2502 2545
1569 1822
1345 2035
1744 1800
2309 2436
461 2206
1379 1540
2134 2447
2013 2107
2182 2234
1135 2411
2292 2586
913 2146
2184 2544
1048 1168
737 1755
95 2264
1893 2306
380 543
2163 2543
2158 2590
803 1831
2100 2170
1196 1963
1341 1775
1733 2467
410 570
1532 1870
1034 1098
1103 1360
1735 1865
752 1599
1217 2573
2214 2524
1817 2452
2591 2597
2195 2214
332 2557
459 1211
1889 1904
2370 2458
2277 2356
777 1612
1032 1900
1601 2528
2225 2394
147 1736
769 2487
474 1541
2101 2301
659 2186
1215 1359
1851 2238
2003 2228
709 1477
2174 2521
977 1668
4 1472
804 1060
1003 2137
1567 1656
1510 2493
29 58
1841 2219
112 1639
1419 1641
1819 2173
2075 2417
920 1306
1793 2138
1854 2555
1633 2254
1013 2117
1015 1104
182 864
1997 2328
2348 2444
2462 2542
735 1293
408 1597
1251 1370
876 1592
1878 2330
2481 2488
762 1127
1350 2011
585 812
44 243
1911 2136
1598 2333
362 2238
919 2093
399 860
985 1347
2261 2447
2412 2556
1313 2530
1944 2254
365 2397
2423 2451
1954 2236
686 2525
444 1804
1122 1161
245 1609
1231 2172
1064 2231
633 1869
852 1092
2458 2543
1050 1593
1707 2548
1266 1509
2227 2263
939 1267
1238 2482
1497 1842
2330 2486
1439 1951
107 596
1344 1774
307 415
794 1920
2365 2559
1779 2324
1337 2058
2104 2338
2246 2302
1822 2544
837 1869
24 1668
178 1784
682 2103
2369 2396
843 2399
1168 1689
2188 2456
2127 2573
1015 2499
1923 2148
852 880
1378 1624
1134 1586
1978 2093
1297 2582
306 2303
343 1152
2157 2428
784 2102
489 663
71 1136
2527 2571
2314 2515
2455 2546
2063 2558
14 1659
971 1487
1645 1710
427 2308
1835 1915
376 2296
1101 2416
299 627
2530 2531
2102 2174
723 985
2433 2480
1060 2516
205 1390
320 1225
1143 1941
537 1020
810 2197
1684 1889
2543 2551
305 1556
979 1080
1925 2212
1184 1469
1948 2444
1708 2555
1158 2008
1130 2028
2573 2587
397 2450
2546 2554
1836 2024
2079 2307
1623 2414
1075 1622
142 2203
225 841
1893 2225
46 2360
1357 1604
1422 2140
1850 2099
1418 2077
2304 2543
301 805
2327 2558
274 1513
1933 2103
1243 2011
846 2466
258 2188
1782 2024
1161 1664
875 2245
2498 2564
753 1149
186 2469
995 2015
1477 2302
2075 2119
1091 2401
1656 1807
1341 1774
2444 2497
1696 1929
982 2278
1352 2429
1863 2598
311 497
2059 2494
561 2189
2337 2483
1512 2274
2050 2238
2160 2576
1590 1839
590 1349
2397 2450
506 1846
1236 1302
1145 2288
1541 1777
645 2059
1777 2016
1369 2534
635 2229
2370 2425
9 275
1505 1985
2130 2172
2294 2330
708 1192
426 1595
2538 2556
693 2415
1661 2098
590 1153
338 1439
1626 2390
957 1503
119 1041
1417 1828
464 595
1359 2132
713 2263
2228 2413
1119 1202
100 1236
877 1143
2496 2531
791 1030
504 1527
575 648
1479 1625
344 628
1227 1788
645 2398
2545 2596
2062 2307
1934 2100
1800 2463
1398 1833
1453 1870
1921 2474
898 1923
1755 2063
204 237
416 1309
2486 2563
1638 1947
616 1034
274 1811
1698 1974
1460 2450
2178 2302
1785 1940
844 941
440 1862
2407 2436
816 2053
106 320
1169 2321
2114 2504
2441 2512
2044 2476
2483 2579
2172 2276
2477 2489
2548 2555
651 690
1410 2434
667 2541
1810 1957
6 1824
1735 2166
2590 2599
568 2236
2087 2398
729 1789
373 1921
2239 2306
1335 1975
1840 2261
2523 2530
2016 2167
1651 2080
1076 2034
1316 1768
649 853
778 1300
2360 2395
799 1645
2149 2233
1004 2342
2483 2535
1374 2361
1946 2010
721 1091
192 2128
1873 2403
148 778
1147 1377
2216 2315
919 2324
363 383
1155 2278
434 2377
535 1647
988 1124
355 1707
2395 2586
377 2228
667 847
1601 1956
796 2082
1325 2128
2236 2570
1832 1913
1595 2257
2571 2587
1760 2095
991 1616
966 1260
2367 2376
1233 1885
1186 1608
1204 1644
458 1916
1378 1878
858 2539
119 1708
1711 1799
1975 2065
2092 2559
2452 2470
788 1034
918 1369
853 2372
1375 2523
1441 2012
47 1542
492 760
1664 1792
2457 2489
240 1151
2570 2596
2075 2119
820 1573
2572 2581
1453 1839
2112 2568
2465 2538
1088 1901
621 622
747 1772
2284 2503
988 1478
1239 2589
2516 2551
2556 2578
1445 2572
722 2181
922 1567
1832 2149
1092 1158
2527 2595
881 1634
150 215
1089 2022
1826 2072
407 1575
2100 2391
2286 2396
2283 2581
993 1393
2199 2419
965 1721
1317 2417
343 1554
284 735
420 1723
2244 2300
1046 1930
2146 2456
378 2312
507 1712
755 1936
2054 2419
1714 2506
9 2167
1408 2374
947 1984
1966 2473
2103 2175
1360 1408
2052 2205
1558 2129
1630 2498
302 733
2055 2273
795 1442
2120 2134
902 2245
2381 2543
2220 2522
925 1269
1935 2382
828 1684
2271 2404
2141 2452
568 2113
2345 2402
2039 2468
1254 2440
1778 2418
87 2157
2197 2539
2124 2363
1766 2293
834 1388
2239 2252
409 918
1848 2430
2267 2313
1819 2318
1136 1510
1380 2429
1279 2318
2220 2428
1267 1392
44 1007
2050 2280
333 1008
583 952
1331 1888
2460 2514
492 1640
2146 2514
804 2076
21 1300
8 511
581 651
1447 1673
588 1159
652 811
691 2383
2037 2405
552 1330
784 946
42 50
1758 1818
1765 2132
1054 1314
1966 2591
2505 2512
502 2512
398 1413
573 1928
1365 2250
583 715
1141 1993
952 1100
936 1446
1453 2001
2209 2539
302 1660
997 1944
2314 2368
516 1090
2218 2527
730 855
2109 2376
2572 2599
2257 2345
74 1556
133 1790
0 2514
1103 1531
2296 2389
853 1787
1696 2120
1066 2026
351 968
1048 2192
254 849
2330 2459
2081 2371
1416 2321
2523 2562
2011 2253
184 1236
466 2594
1429 1772
2122 2463
1398 2348
269 2508
665 2407
1246 1630
2460 2588
1639 1769
1033 1413
81 2102
1367 1792
453 2034
914 2413
1655 1808
962 2218
1887 1994
2085 2493
311 2422
2080 2144
321 1192
1755 2596
2578 2579
2470 2595
834 2248
0 942
610 1945
1378 1924
2251 2545
345 1283
731 1184
874 1962
1180 1604
1428 2342
1487 1592
1779 2549
1550 1797
2334 2516
467 1762
2544 2568
2090 2561
2517 2542
1382 1835
1913 2317
2400 2412
1858 2545
1603 1782
1034 1372
2355 2455
50 512
946 1568
1316 2476
2170 2335
2374 2435
2279 2587
1123 1358
2376 2518
612 2205
606 680
1710 2080
170 991
2283 2351
2553 2578
2008 2410
879 1101
1783 1911
1990 2388
595 767
237 1311
1529 2427
1815 2399
1317 2551
889 1267
1325 2020
651 937
1727 2307
345 347
1228 2431
488 1969
2126 2466
534 2494
1670 2297
2341 2401
969 2167
433 1081
173 281
1404 2128
977 2248
1366 2284
1354 1531
154 645
1260 1325
1544 2108
2018 2164
2081 2248
2265 2280
1644 2197
1953 2190
2441 2463
1196 2491
1988 2265
2510 2553
1185 2076
2507 2591
466 1155
1457 1839
2532 2582
238 980
403 1723
571 2229
1303 2426
659 2395
2163 2327
2443 2570
1754 2233
671 2316
1376 1812
2387 2528
2341 2583
1524 2426
999 1032
1167 2003
2543 2567
2161 2376
200 1476
1903 2427
1166 2184
831 949
2167 2502
835 868
1795 2097
1084 1318
265 1988
1080 2211
550 2508
85 1704
2219 2363
1002 1028
2484 2575
1033 1156
272 2189
202 2482
1982 2268
777 941
1142 1933
2156 2340
1091 1451
2471 2487
1162 1973
776 1274
944 1094
1961 2593
1359 1420
1414 1849
518 1925
422 1257
1553 2520
5 1343
414 1356
605 1664
2538 2586
320 923
59 1252
2293 2447
1362 2112
538 2125
9 2363
946 1958
2159 2455
1809 2100
1814 2283
258 1118
1185 1989
1084 2597
727 1005
2538 2572
1216 2006
1098 1207
1092 2107
150 1736
703 898
538 1505
493 1483
818 1508
2354 2473
294 2100
1323 2022
2042 2214
1363 1769
1509 2534
1781 2066
2173 2318
2273 2554
1233 2108
1695 1783
79 1916
1097 1820
1949 2363
2179 2413
2103 2551
1993 2543
2371 2388
2125 2262
2580 2589
375 1083
2080 2460
816 2171
1545 1783
996 1014
1420 2406
1259 1705
2288 2368
643 1075
1258 1292
2532 2598
2316 2470
271 1872
1420 1863
1302 2432
1298 1514
1801 2189
1319 1969
963 2469
447 1244
2116 2577
811 1024
2531 2562
1485 2470
2311 2546
1030 1958
285 596
1971 2006
685 2021
1543 2469
1407 2074
65 107
947 1062
107 1303
855 1710
1401 2237
1163 1406
2478 2523
1318 1884
1781 2345
1367 2370
955 2089
2124 2276
1529 1608
2343 2554
2286 2423
2396 2401
582 885
1232 2548
511 1859
1622 2107
793 2238
1067 2496
406 1359
1722 2046
403 1762
723 759
569 1393
2464 2526
2309 2343
1581 1610
2336 2522
2473 2501
144 550
613 1375
2466 2568
2152 2267
1585 1745
1972 1981
709 1002
2146 2415
386 2567
2191 2262
2020 2408
2222 2506
17 1730
786 1638
1477 2333
1337 2539
925 1767
888 1019
2322 2598
1461 2349
1679 2593
930 2333
1111 1574
655 1322
2456 2483
2275 2334
391 1750
308 430
2435 2593
2248 2340
2365 2597
2251 2543
407 1823
1062 2137
1646 1830
2082 2407
998 2550
453 2273
1803 2401
313 1952
396 1468
371 2268
667 951
1103 2545
259 1498
2332 2390
1372 1376
1461 2217
1919 1984
2053 2417
1013 2193
2249 2276
800 1102
356 1164
681 1487
193 488
1416 2329
1220 1556
742 831
2322 2342
2161 2369
840 1964
640 1867
2548 2574
2337 2458
2402 2465
2126 2528
2459 2541
2422 2476
30 1930
1762 2463
1251 2497
1710 2379
1199 1831
1787 1973
1938 2562
1254 1357
297 1174
1242 1910
785 1152
1157 1575
372 2300
1091 1224
219 1375
969 1916
868 1026
190 1074
1425 2567
2490 2575
1790 2131
1892 2251
499 782
694 729
661 1912
2245 2447
2213 2429
455 781
650 1166
1617 1716
2384 2429
2196 2239
1413 1441
1813 2357
2158 2195
551 1396
548 1949
2442 2584
1578 2489
2479 2576
761 947
830 1788
221 1197
830 1609
117 1650
1734 1792
2405 2434
1032 1428
934 1587
2304 2371
1667 1874
337 1550
481 1685
362 666
551 1951
327 2568
963 1796
1827 2433
1703 2034
19 1987
2580 2588
1273 2149
2422 2563
755 1817
2568 2594
1946 2291
604 1793
44 616
1764 2362
2282 2417
2212 2232
600 1367
832 2242
2487 2523
690 2455
978 1947
2055 2335
1300 2170
2449 2490
888 2077
2206 2485
1110 2161
1172 1370
1112 1510
564 977
400 2107
479 1289
1256 2061
993 1498
821 1652
1926 1974
2086 2562
452 813
926 2419
1164 1790
1576 2010
2098 2374
1724 2458
192 1789
141 1830
1808 1942
1995 2268
425 2459
231 1733
467 1102
1478 1974
2185 2322
2125 2262
761 1312
1539 2369
1257 1310
1687 2012
1382 2313
189 1740
362 1602
1486 2074
1772 2318
1657 1787
159 1450
1923 2461
317 2521
818 863
2255 2566
2017 2235
1217 2476
15 1007
640 1521
2534 2568
2200 2233
2128 2318
1969 2135
2122 2333
1590 2483
1243 1395
822 1135
889 1882
658 1466
1389 1764
1874 2487
1639 1774
2194 2259
590 1979
2356 2463
959 1230
531 2161
714 907
955 1870
1892 2150
2326 2466
781 1044
439 810
2503 2597
657 2505
1481 1811
723 2474
1173 2407
124 942
2589 2590
1769 2317
797 2260
896 2174
527 1452
684 1406
1875 2200
1269 1337
1314 2082
1008 2403
2034 2419
411 1859
479 797
206 665
1421 2426
1937 2398
1274 1886
2123 2457
461 1411
433 642
2571 2590
986 1014
2258 2353
626 1036
1604 2115
844 960
1527 2053
137 1454
104 886
470 2500
2179 2586
774 1692
795 1944
1216 1667
1500 2421
1670 2495
1569 2386
1924 2449
1203 1329
1185 2308
2058 2584
1003 1188
1303 2405
1607 2382
1489 2587
137 1602
2175 2375
1177 1872
2127 2454
2455 2597
1578 1582
1623 1633
2220 2297
15 2405
899 959
1353 1697
2266 2309
1786 2051
977 2384
1567 2348
1653 1993
1750 2054
1185 2095
116 228
2272 2362
109 685
247 591
1010 2585
2385 2463
447 887
1851 2090
1966 2178
340 2059
468 1084
664 845
2395 2447
865 2054
1235 1435
2062 2493
1654 2479
2220 2566
2481 2564
1899 2121
1696 2043
2490 2514
1312 1568
1881 2360
2322 2399
1682 2096
2241 2577
819 1100
364 1880
399 661
1942 2013
1967 2133
71 2489
1163 1337
2499 2585
938 1721
500 1675
244 2081
1516 2265
828 1669
781 1776
1332 2462
1563 2135
1418 2371
564 1371
538 1262
142 2237
733 2110
212 2327
1099 1809
1345 2572
19 426
185 1759
801 2540
1738 2216
290 826
2550 2563
1018 1492
2468 2579
625 2406
1753 2100
206 522
825 1605
2232 2456
1081 2272
278 2474
48 2204
121 289
2305 2584
157 2529
477 2471
1031 2147
596 1796
135 1408
1606 2401
350 950
804 1005
1340 1473
2486 2507
1091 2091
2581 2592
14 79
2527 2573
659 1148
68 1947
1037 1628
978 2531
623 1532
256 2289
765 2032
90 1779
1023 1333
2373 2573
2481 2566
2545 2566
1274 1851
1973 2046
935 1647
2196 2442
2487 2595
2317 2352
2129 2167
614 1471
1874 2029
2590 2594
1977 2536
617 2238
50 1113
1981 2283
1946 2260
341 961
1816 2443
1333 1802
504 1038
1783 1925
41 1114
165 549
656 763
938 1033
452 2200
180 1102
851 1009
335 2549
1003 1716
559 1188
739 1642
1710 2397
2396 2533
799 1499
2483 2587
1898 2382
2233 2465
475 524
87 1633
1401 1680
1609 2048
1304 1396
128 1453
172 2483
385 827
2430 2461
2048 2311
1089 1262
726 2354
1058 2269
1175 1645
745 848
654 825
1447 2062
236 2430
2377 2506
632 1057
1939 2562
2281 2484
1994 2564
361 1438
339 2212
2439 2455
1702 2371
2098 2122
2397 2481
2516 2532
1466 1676
1907 2361
1622 2494
1927 2507
2003 2413
2548 2586
2042 2139
174 1513
1428 1557
2138 2561
1698 2274
543 1982
1657 2261
1291 2393
885 1234
851 1114
1420 2209
2574 2594
678 1275
344 2017
825 847
354 817
785 959
203 1518
1826 2324
1444 2059
2527 2534
663 2058
2008 2518
1290 2169
1136 1950
1983 1985
464 1682
456 1031
2159 2585
367 959
1764 2542
782 2189
703 2216
1041 2111
1103 1397
926 1023
2493 2516
1699 1774
2168 2209
2007 2313
2216 2556
1790 2037
2590 2596
1399 2464
2311 2568
2047 2116
296 1503
313 976
1444 2022
2145 2501
2432 2481
2205 2316
1679 2361
2275 2527
68 1619
197 269
2228 2446
1198 1787
2235 2406
916 2054
423 1252
391 1503
1507 2066
924 1404
791 2190
932 1189
53 1972
1391 2312
2177 2416
1946 2454
459 1553
1188 1270
47 2523
475 1304
1239 1550
1843 2321
1339 1636
2542 2556
166 1489
2200 2466
1553 1864
2371 2510
1939 2226
2140 2494
1812 2288
1803 2143
997 1266
1742 2532
143 2271
2207 2502
679 1124
1089 1150
1443 1484
1622 2098
1149 1319
2107 2231
1912 2584
2131 2212
1335 2270
2441 2478
2238 2309
249 370
1290 2476
1050 2335
824 1955
594 2494
338 937
1438 2109
1392 1422
1742 2241
1724 2466
241 2508
936 1362
1116 2235
1357 1378
1540 2426
2457 2513
2194 2287
1387 2433
1526 1704
1892 2348
2587 2594
652 2461
1084 1840
811 2342
169 1423
1632 1989
856 2017
199 1116
225 2541
1585 2418
49 2177
1028 1568
1245 1953
2070 2573
632 2085
1158 1218
106 197
1001 2000
50 413
1301 2016
1982 2019
2093 2290
2111 2320
365 1635
611 1852
227 1542
629 1129
2013 2113
574 741
1000 1022
727 2361
1484 2319
1894 2510
1023 1582
2542 2598
1685 2006
2156 2336
1305 2370
1833 2534
1440 2134
1154 1530
722 1384
1718 1733
1146 1510
1467 2421
824 2424
878 2376
2091 2267
2261 2388
1956 2262
164 1504
1924 1987
377 616
2258 2373
2010 2418
1191 2216
2525 2581
248 1150
1267 2561
755 863
326 1977
1526 1885
287 1037
1241 1497
2262 2385
845 2200
2192 2197
1401 1785
2450 2471
1931 2451
795 1730
1584 1615
546 752
243 1405
53 684
1297 2203
1402 1798
989 2198
2240 2335
2283 2526
1432 1664
133 463
420 2148
1263 1774
402 2266
1870 2374
1970 2488
274 1171
763 2497
1928 2335
1037 1403
351 586
331 607
234 2219
1446 1824
974 2088
13 202
1720 1773
2582 2587
293 1984
156 1880
1111 1915
2498 2526
1593 1980
134 2315
446 2067
982 1503
448 1907
505 2587
434 674
2477 2511
39 271
1169 1272
1529 2553
1609 2314
652 916
2524 2575
708 737
2123 2219
1604 1698
2446 2550
2263 2316
1507 2430
429 2439
726 1122
729 1361
1411 1868
471 800
1454 1478
2331 2546
1441 1804
2177 2558
2092 2310
2372 2473
2301 2469
2425 2586
721 1613
812 1624
1525 1586
471 2261
464 1055
2326 2457
817 1099
1456 2028
1030 1814
608 2562
1450 1477
635 2387
1796 2117
411 1847
346 1768
1475 2020
1516 1781
174 2099
1926 2524
2301 2374
1424 2233
767 1881
933 1775
1940 2523
1648 2306
2420 2533
1772 1966
890 1982
2296 2551
545 724
2223 2459
2202 2335
2365 2458
699 893
1426 2497
1022 2407
1696 1904
439 1629
437 1671
57 1313
39 2555
2565 2598
186 1125
472 2158
637 922
1977 1980
1232 1636
1951 2424
1687 2491
624 1940
198 1195
721 1890
952 1503
1053 2536
727 1580
858 2146
1931 2540
1024 2503
2091 2466
817 1464
699 2071
1500 2362
1822 2283
1082 2598
946 2012
1211 1507
2102 2543
2398 2587
2044 2111
1651 2248
149 920
1768 2035
1198 1924
757 1303
593 917
1540 2101
1984 2110
212 431
1861 2401
112 1820
1319 2309
507 1830
939 1777
451 2556
1526 2338
2088 2317
20 2246
902 2170
1283 1847
1214 2586
205 1406
1950 2598
1944 2086
721 1466
508 1459
2382 2585
2339 2394
1809 2533
2174 2485
2435 2501
442 539
2097 2297
836 2326
715 1814
2465 2579
933 2393
195 312
1918 2037
889 2192
1872 2166
2258 2560
2159 2186
1889 2076
2040 2550
2576 2577
862 1511
1937 2318
1939 2288
2241 2323
473 1519
1006 1796
26 1293
38 2011
617 2074
1633 2274
2041 2173
2047 2089
2007 2258
277 2358
1059 1674
130 1665
1820 2194
2167 2526
1115 1897
1336 2200
127 2327
2497 2544
268 2512
538 2297
1144 2218
1692 2223
192 1928
76 898
1393 1783
1911 2038
130 1926
962 1416
256 2312
546 1140
1634 2331
1698 1875
824 2297
2528 2574
2228 2467
1302 1977
2013 2067
1370 2578
61 457
284 1373
62 1530
1429 1979
2406 2499
1367 1486
2224 2461
1980 2479
1178 1711
925 1860
365 1061
1758 1889
1465 2029
2165 2562
2206 2586
588 717
1707 2434
2168 2400
1469 2304
2044 2209
1967 2213
1590 1746
1352 1435
281 1049
1457 2462
1267 2053
1989 2129
1537 1949
612 2270
3 150
1497 2103
2178 2215
2114 2165
359 1735
1308 1757
2272 2338
2557 2573
1791 2235
1733 2065
2471 2537
299 961
1634 2511
2389 2591
741 2033
1431 2150
620 661
977 2255
1558 2278
2500 2525
2568 2572
330 387
2489 2546
2511 2541
1173 1187
649 2066
482 2114
508 2019
2415 2578
2113 2382
1646 2101
1638 2309
2502 2544
1204 1248
102 1293
2375 2576
835 1828
2025 2119
2531 2598
2184 2555
687 961
503 1820
187 402
1238 2364
1455 1588
2346 2577
192 498
2152 2589
731 1879
563 1614
414 956
549 1023
612 2125
196 1810
1661 1712
607 2221
619 1813
2098 2594
1932 2237
1547 1634
1227 2025
1935 2055
2217 2530
2257 2412
1629 1990
12 445
1301 1966
2587 2593
556 1229
2346 2437
1722 2469
256 2424
1637 2421
2150 2204
19 713
1939 2479
1102 1524
1838 1842
452 494
2110 2252
622 2423
1620 2257
1854 1959
2041 2539
952 2524
2287 2317
267 2461
1827 1944
1084 1286
1481 2354
1027 1946
1766 2254
824 2252
34 420
751 2567
708 1780
2264 2489
1119 2248
1177 1897
2274 2322
2323 2374
2158 2307
237 246
668 814
761 1044
2448 2503
1060 2236
1510 2389
325 1692
910 1546
685 963
1085 2470
2275 2527
2465 2584
2264 2422
1177 2482
1608 2368
2580 2585
851 2466
1554 2596
837 1951
602 1299
999 1790
1588 1780
2460 2590
2245 2595
2377 2496
935 1267
1044 1423
1140 1260
102 2337
767 953
1173 2226
2034 2361
326 2250
616 1736
1865 2266
2472 2571
500 2581
1928 2529
1323 1756
2115 2554
1817 2455
1219 1423
2222 2364
1630 1773
458 2503
717 1016
783 1527
1363 2017
722 1292
2413 2480
2107 2587
694 2262
1770 2474
1151 1177
1955 1995
1820 2416
459 2500
1596 2416
910 1048
1272 2095
349 856
1406 2298
1676 2424
2256 2318
1109 1278
460 779
608 1587
1503 2002
2247 2308
150 1443
1096 2060
1905 2518
1807 2160
1806 2257
385 2355
970 1358
2028 2194
938 1577
1750 1762
2473 2478
294 1660
1320 2237
1386 2311
2498 2589
263 2053
1161 2120
466 1529
359 817
2430 2461
873 2025
2217 2433
109 2329
1536 1869
1565 1735
2499 2519
631 2448
2066 2377
1620 2518
1128 1692
768 2399
1991 2022
965 1460
1413 1799
1259 1312
664 2159
2569 2576
42 395
2502 2504
494 2431
273 1549
2463 2585
698 1994
2326 2457
598 2403
721 2232
1035 1685
2162 2285
6 2531
829 1910
212 1776
2211 2387
322 1015
77 2243
1338 2130
1885 2133
1303 1452
1948 2168
305 1299
615 1589
2201 2585
1324 2474
184 1869
1054 1672
317 2309
2288 2544
1146 1837
829 1338
1442 2427
2560 2567
2115 2328
1576 2327
2062 2423
2052 2293
1054 1497
1199 1706
1097 2386
1730 1935
37 1979
1954 2500
1173 1514
468 2226
776 2407
1239 2003
1123 2063
701 2184
2345 2414
220 1468
2058 2311
2086 2578
1148 1711
2045 2371
1332 1568
815 1058
1101 1881
1091 2330
2233 2462
2545 2589
1156 2581
1530 2042
2403 2407
800 1523
281 1154
2497 2527
228 582
2070 2478
1736 1814
1463 2036
1797 2441
430 438
2273 2289
1965 2377
1444 2148
1246 1602
1934 2317
682 2455
530 2543
1193 1858
678 789
461 579
1549 1641
285 2056
1006 1669
1768 2172
983 1417
2446 2519
1566 1686
1718 2189
424 443
579 1934
1890 2417
758 1800
1264 2336
1076 1558
567 1782
1897 2139
272 1558
1471 2419
1644 1896
557 656
2207 2558
2070 2120
2560 2571
1556 2193
2026 2044
899 1822
1946 2364
1037 1938
124 1055
2535 2539
2086 2234
473 2166
781 1724
2008 2318
1080 2509
175 1116
1507 1702
1179 1684
2538 2547
437 1677
2135 2204
754 816
1981 2312
170 2142
305 2536
1969 2249
436 507
1899 2569
1350 2203
1333 2007
778 1598
678 1307
120 1792
337 1709
2594 2597
1209 1742
596 760
2124 2295
260 756
2298 2549
1016 2063
1250 1467
2586 2592
2156 2452
545 1534
494 2275
1705 1874
1610 1810
1982 2532
317 1634
283 1534
386 1996
101 763
410 684
1609 2082
992 1415
256 1306
2411 2446
907 2406
460 975
306 1026
1075 2187
588 2316
1138 1757
1181 2532
863 1311
2360 2583
1482 1744
1300 2570
2170 2396
994 2305
318 1538
588 2301
432 1486
104 2186
1651 1660
119 2597
1776 2155
2445 2451
1263 1943
2428 2455
546 1044
905 1898
992 2415
968 1306
2099 2573
1483 2549
613 904
335 1912
295 2238
1796 2362
118 1107
1230 1738
190 783
1268 2171
598 877
2284 2460
1545 2512
972 1754
166 271
488 1751
1298 1656
1626 2068
1329 2383
1931 2565
287 1266
1052 2280
908 924
1712 2548
525 2487
2433 2478
1942 2197
554 2217
291 1710
1098 2195
911 1375
837 2467
2191 2493
1914 2352
1877 1928
355 489
831 1582
110 2413
1457 1514
1928 2013
169 1700
137 1709
1420 1830
1770 2368
2067 2130
2555 2598
528 1175
72 769
674 1534
562 845
1235 1540
704 1033
366 988
386 2421
2099 2473
368 1965
510 2394
2549 2572
1973 2268
2044 2179
1350 1632
1802 1820
1769 1944
1572 2385
2473 2581
196 1758
875 998
1155 2157
1402 2224
1391 2183
951 1828
2 2282
1918 1940
686 2003
263 353
151 992
682 2339
2011 2314
2027 2411
295 1307
2162 2487
303 2582
1367 2578
2463 2545
1747 2544
1087 1460
1986 2440
535 582
2315 2536
355 1336
2086 2231
1314 2401
2577 2594
2469 2475
1462 1780
1547 1847
1389 2584
2157 2166
81 1298
266 2089
2012 2468
1157 1246
411 1208
2083 2285
2452 2519
2534 2535
1114 1703
1506 1540
507 2427
897 2210
1875 2330
1093 1167
2501 2597
655 1765
2254 2354
2106 2306
2585 2596
1866 1986
448 930
1885 2316
2496 2514
2394 2562
954 1540
840 1254
1549 1957
1082 1909
1005 1572
1942 1972
45 1971
2350 2449
103 1216
1747 2575
564 2448
1053 1109
1113 1568
1589 2144
619 1473
225 1002
2405 2580
2325 2395
1863 1870
1870 1979
114 2003
1301 2442
1884 2367
2531 2562
2178 2415
2330 2595
1656 1966
2170 2258
1649 1985
1529 1567
2478 2517
1809 2587
487 1382
706 2229
491 2541
426 1268
45 2071
1818 2348
2486 2536
2038 2179
1307 2118
455 458
2187 2510
1197 1816
2337 2349
2315 2535
2473 2529
1503 2120
889 1771
1467 2283
2125 2454
2293 2413
55 1644
1502 2202
2221 2441
648 1966
471 2524
235 1183
340 1617
793 1486
293 1295
1748 2128
1402 2235
41 1720
2122 2342
854 1022
902 1486
698 1533
2589 2597
939 1821
1544 1630
1017 1029
1513 2366
67 157
1375 1697
2345 2568
718 730
630 1511
975 1562
1359 2510
542 1015
1241 2448
2423 2583
912 2419
1238 1783
1865 2340
1122 2122
1564 2344
2262 2453
1577 2013
2575 2583
491 1287
2342 2464
690 851
1544 1823
1161 1867
963 2094
400 993
566 706
2183 2465
2510 2538
434 2319
2231 2267
1010 1569
2309 2598
1920 2154
1856 2238
1951 2400
1273 2176
158 1272
2188 2310
573 2073
2332 2481
644 2213
1177 1442
141 1194
1832 2422
1157 1638
2034 2542
1411 1959
2339 2504
941 1111
2240 2274
2398 2565
2357 2369
1346 2238
1793 2062
775 2415
1388 2022
636 2467
2535 2543
2308 2313
1642 1737
2266 2377
309 1703
2292 2372
2067 2306
1119 2233
2570 2574
409 2056
37 197
2161 2410
1746 2559
288 1450
1966 2342
48 2475
1792 2400
984 2216
2510 2518
1145 1984
1909 2312
947 1586
1658 2228
2186 2535
2417 2567
1476 2485
21 1507
1368 2044
2563 2597
757 1371
2029 2428
625 2502
254 1782
1305 2391
1598 2503
858 1729
1842 2147
2521 2563
1373 1489
1761 2384
1795 2027
1078 2184
919 2528
1389 2546
2009 2022
875 1629
844 1033
387 490
120 948
1600 1842
414 514
1520 2081
2580 2591
2113 2567
237 2574
217 2142
1904 1921
243 532
2465 2599
2555 2592
22 515
1030 2381
2461 2584
1452 2463
1151 1433
1599 2519
2434 2483
1753 2429
887 1561
2279 2459
246 373
2130 2371
1464 2098
1923 2124
188 1713
1103 1611
2288 2462
342 1094
211 2075
2493 2586
828 1936
1383 1678
1825 1935
105 251
2026 2284
930 2564
2031 2369
318 2134
239 1341
754 1991
2562 2591
2400 2437
41 473
541 1927
2180 2572
571 2476
2359 2372
985 2020
663 1565
1601 2222
49 1356
787 1160
1241 2533
891 2564
25 1966
2099 2304
1844 2244
2117 2498
2368 2465
1878 2228
714 2583
1725 1726
1023 1755
887 1468
1532 1578
257 1679
2027 2386
1863 2586
1268 2402
675 1455
563 1556
1246 2569
1538 2166
218 311
1031 1296
557 2114
1093 2324
138 1380
311 1880
1175 1474
34 1010
872 1537
2523 2597
1723 1895
1321 2146
1472 1992
714 2494
393 1878
624 1640
1469 1815
1161 1398
1107 2003
277 653
1173 1513
179 1899
1585 1895
183 1780
1677 1838
1037 1623
589 1398
1680 2304
438 2025
1015 1083
2238 2381
1008 1126
1718 2258
1330 1921
2050 2055
2577 2597
2114 2141
1010 1149
95 858
516 2472
2546 2589
102 2454
744 789
1036 2590
816 1924
332 2508
686 2364
1696 2457
58 1836
1958 2525
2548 2584
2570 2581
936 1085
843 2356
2315 2412
2488 2534
650 742
234 2243
2443 2524
1233 1754
1677 2003
829 931
1938 2260
843 1540
1349 2406
1599 2182
2064 2184
1367 1850
129 1029
519 1210
1556 1604
1669 2583
314 1909
246 835
221 1925
2219 2372
1299 1808
1604 2446
155 1867
1696 2326
1041 1882
2405 2416
191 519
768 1567
1206 2197
1726 2185
405 1173
2377 2425
1251 1723
2343 2559
2070 2296
455 1696
365 1628
1125 2102
1217 1352
843 1001
1344 2138
87 1224
505 630
1813 2230
2058 2599
939 1628
869 1108
2113 2482
31 1542
215 1596
2589 2599
1426 1672
592 815
713 837
2379 2406
2596 2597
145 850
28 179
1116 2256
381 1276
1188 2387
1639 1920
1745 1777
399 640
994 2096
1948 2027
2027 2060
429 736
338 2090
2213 2235
624 1973
1959 2281
2503 2581
2065 2415
226 1532
1936 2454
2082 2315
667 1779
1071 1445
456 1847
266 290
2146 2198
942 1414
1387 1488
1369 2408
778 1482
1579 2483
1653 2372
544 2558
2242 2358
906 1749
1771 2036
574 1001
2231 2311
604 2135
1000 1497
675 1662
781 2276
2556 2584
88 591
2431 2520
2546 2579
434 2456
1530 1841
1445 1510
746 2051
2053 2574
1556 2151
1668 1877
850 944
148 1744
1680 2473
611 1571
933 2214
2571 2595
237 407
908 2245
386 2445
1441 2067
1315 2536
2533 2559
2054 2360
2036 2079
584 650
2549 2585
649 1607
1101 1579
2322 2536
1532 1696
1027 1832
29 972
772 1458
2207 2574
459 978
2224 2307
1301 1706
820 1373
340 1878
1522 1934
1794 2301
1668 1825
2202 2450
215 1780
1479 1870
1180 1213
1750 2078
2118 2143
1972 2248
1551 1662
1234 1921
1317 2057
415 783
1327 2008
2423 2452
676 2412
2583 2594
1032 1961
225 735
735 1418
45 2571
980 1483
2508 2586
1473 2350
1796 2467
1009 1254
1675 1881
491 1891
1548 2415
9 696
1535 2319
134 1380
1077 1263
1144 1525
2544 2583
1903 2102
1076 2125
1516 2093
532 2132
1403 2231
1843 2183
1778 1833
384 2583
573 1098
2472 2501
1008 2313
879 967
401 2391
289 2582
270 2485
2498 2581
343 2021
2059 2236
1770 2513
1826 2485
1464 1478
1292 1560
1841 2019
1860 2545
2329 2455
1445 1717
2099 2366
174 1288
1092 1402
599 1535
861 1729
2290 2484
1421 1640
1324 2049
2056 2142
618 2475
2006 2552
1014 2485
482 1640
1619 2583
1866 1980
1049 2390
1048 2488
2007 2030
1318 2082
1440 1516
962 1730
1679 2041
1986 2013
2112 2391
553 2123
816 2246
2370 2373
809 1280
1594 1634
679 926
342 982
959 1978
2377 2457
1593 2354
883 1740
2530 2599
1115 1781
1722 2144
1530 2420
82 583
1200 1730
2269 2390
344 640
389 919
1305 2292
895 1272
649 1350
2177 2193
1222 2022
1307 1455
1658 1984
1562 1614
543 2192
89 1013
1949 2328
1162 2435
1488 1694
2573 2597
999 1523
208 741
1162 2253
948 1072
1595 1767
2331 2566
1864 2128
584 2437
2212 2535
756 2192
1026 1793
1182 1989
180 1901
914 1250
969 2199
1874 2064
412 1742
786 2259
1166 2112
2025 2306
573 2368
305 2202
2119 2349
917 1793
775 823
1032 2057
1335 2300
1870 2233
147 1699
578 634
969 1309
241 1696
2048 2227
52 1218
897 1479
1144 1299
1409 1528
2094 2244
369 2086
1817 2005
1500 2504
1004 1857
442 1947
314 1081
0 2535
1314 1368
116 1845
1985 2024
1209 2363
1817 2052
677 954
1372 1488
1992 2387
2086 2089
1146 1748
633 779
221 373
2392 2545
1317 2087
1316 1361
43 1069
1099 1115
1864 2117
2376 2584
914 1955
699 1300
2542 2570
381 527
674 2560
2313 2392
388 1042
1522 1607
464 2274
64 2458
719 1750
2574 2576
406 2231
279 2028
1149 2042
767 2142
1296 1821
2580 2590
1582 2578
843 995
2281 2282
1331 2387
2193 2195
1389 2159
2550 2568
435 616
1518 1703
1210 2266
734 2215
474 2054
87 1111
64 1543
610 1904
1344 1408
361 2257
446 450
1793 2105
1118 1192
1878 2002
1229 1564
169 2553
2319 2573
2179 2553
1996 2169
1269 2045
649 1593
1958 2176
670 1272
90 2372
1649 2362
463 878
109 1316
1664 1793
1073 1260
2114 2181
363 2437
150 916
699 2586
379 1600
2159 2545
713 764
858 2399
319 2025
1814 2438
1987 2581
105 1578
