4600 9200
2759 2814
1996 2720
4441 4589
4462 4559
1408 1443
950 1074
4301 4393
3159 4222
4266 4597
2647 3831
1323 2262
3325 4133
2025 4034
2616 3523
143 2835
2044 3624
3597 3935
4582 4595
3146 4401
1269 3613
3975 4306
1831 2360
4439 4514
397 3984
2088 2621
4073 4076
117 4313
2702 3138
2651 3718
41 4222
2294 3595
2702 3979
2380 2827
1961 3255
2469 3431
2277 3049
2280 3623
967 1132
385 633
1528 2763
752 1828
2999 4598
3320 3650
703 4281
576 3307
2931 3988
2812 4471
57 3567
2271 2868
1654 1979
1688 2109
2805 2975
3931 4003
1262 3809
2170 3423
3373 3761
3876 4195
3627 3647
4335 4410
2930 3778
3185 3581
1346 1879
3811 3931
3182 4265
3473 4559
2350 3005
725 4387
3498 4169
3415 3510
3986 4141
3461 4520
3783 4147
616 3237
1896 2159
4426 4546
4453 4594
1779 3507
936 3943
760 4150
4212 4387
1081 2473
4055 4291
3286 3976
1428 1848
3917 4246
3270 3821
2868 4440
844 3846
1053 4534
3236 3442
28 1585
460 3438
2905 3030
553 2812
1779 3766
476 1600
3825 4544
561 3016
155 2719
2912 3839
1421 2803
1025 4055
2126 4203
1020 1240
4263 4526
2573 3696
2867 4104
1701 2552
3048 4448
240 4517
4300 4446
1906 3379
926 1041
3337 4276
1133 4403
3802 4518
2592 2993
4009 4123
4364 4459
4565 4576
2051 4565
1669 3310
819 3336
760 2170
3151 3869
3477 4281
2597 4356
3797 4268
1868 4143
4050 4498
3458 3958
2990 3959
2779 3764
3521 4522
3760 4243
1018 3727
1178 4314
2940 4364
2 712
2486 2886
1714 2955
3813 4132
4574 4582
3341 4021
3731 4384
3579 4382
813 873
2202 3377
4406 4516
1188 3112
1736 2733
2185 3242
2785 4152
2821 4329
1590 2622
364 2159
4294 4304
2399 3098
379 4492
2648 3985
2984 4274
1649 2049
953 1379
1079 2990
1237 2332
3022 3549
738 2586
3432 3494
594 4323
543 1121
4082 4398
3532 3950
1380 3597
2434 4409
1209 4180
2925 4391
3249 3250
922 4377
438 3359
4264 4519
447 4021
1349 3870
3132 3971
3017 3467
2694 4104
1724 1858
2673 3388
1546 2760
1905 2955
167 645
4499 4511
823 1519
2134 2269
2766 4315
4475 4483
3219 4460
4234 4564
2051 2470
494 888
3193 3705
2419 3537
148 1040
3875 4124
490 800
3078 3900
3402 3879
4155 4220
72 1204
1051 2175
2807 3508
1141 3636
3841 4295
3516 3847
13 2403
3649 4134
3090 4141
2120 3794
2356 3893
879 2447
1721 3120
921 4399
128 4462
760 2445
1293 4557
2879 3015
2026 4314
2703 4149
2201 2600
446 643
2897 3909
434 2441
3999 4241
967 1633
4412 4458
2109 2114
2228 2236
2068 2930
4106 4499
3639 4304
1924 4310
414 2092
823 3770
3665 3979
2495 4063
3043 3372
3408 4075
3668 4539
3254 4314
1459 3367
131 1128
1977 3881
2587 3234
2695 3668
1127 3807
1859 3231
1907 3810
1093 4106
2586 2755
4188 4450
3098 3928
2528 4043
3772 4443
3261 3548
3253 4060
4381 4575
2995 3141
3393 3993
1755 4290
3926 4445
1843 2587
96 2153
2689 4140
1262 2046
658 3644
3982 4025
254 2122
82 880
3941 4104
1638 4101
4337 4517
4223 4471
3230 3976
3459 3497
461 4292
2702 3010
1304 2031
873 2189
2770 3811
1321 2772
1832 3584
1799 3542
251 869
3087 3419
1472 3535
1015 4101
17 289
496 4111
1098 3233
4187 4219
208 4328
4031 4151
4248 4374
4238 4244
1814 4581
1884 2286
4214 4451
3177 3225
3811 4530
2537 3210
845 4083
2706 3312
1758 2903
3900 4337
3374 4245
912 3668
3106 4160
2238 2396
4237 4556
4402 4569
436 4174
134 2925
2406 2589
1601 2867
4445 4530
1975 2515
2692 2830
2117 2131
3449 4148
2348 2832
2473 3908
1199 3111
1280 3855
2572 3531
1243 2077
4248 4549
2224 3199
410 4157
1685 3494
4141 4461
1545 1598
21 1498
305 1256
795 4509
2742 3509
3900 3971
4275 4497
2038 3769
169 4212
3468 4100
1825 2937
2369 3697
384 4176
4428 4525
1856 4284
2033 2587
1434 4390
2576 2915
2764 3496
2682 3068
2888 3491
2325 3828
88 3449
1266 2085
3514 3649
2931 3947
4571 4592
990 3403
1827 3609
2072 2599
171 1961
3999 4488
2831 3176
4422 4435
3836 4122
529 978
2462 3191
4348 4554
1676 4006
1773 2230
4504 4541
3803 4444
1914 4560
4249 4374
3528 3817
1481 3819
1289 2941
2298 4566
2611 3510
2950 3369
2646 3911
850 4541
1366 3742
4384 4493
2609 3837
2657 4587
2417 3823
4348 4419
1417 3183
2290 2388
453 2508
2492 2785
4039 4578
4094 4581
3797 4551
1831 2323
3309 3538
3834 4184
757 3685
3707 4105
4110 4483
1406 4192
2136 3211
1661 3928
2491 3341
180 828
1803 2709
325 670
3142 3998
1596 3828
2025 2970
246 1769
1381 3528
1227 4452
3592 3764
111 650
4591 4593
2436 2975
2665 2949
2671 2814
4080 4219
3036 3872
4227 4569
4497 4525
3656 3872
1478 2927
1696 2478
3825 4076
2021 2837
754 3456
763 1149
2450 4064
1089 3816
582 3531
1849 3512
542 736
4431 4533
709 3305
2542 3085
1728 3990
2379 2944
1263 2049
4560 4599
167 3545
4401 4477
3123 4185
1386 3474
2022 3184
237 2457
263 985
2320 4201
3071 3540
2657 4391
367 3896
2822 2987
914 3717
3825 3848
3429 3904
973 3077
900 2411
2613 3653
2542 3613
548 3332
3036 3139
1896 2243
3708 3945
1454 1542
1061 3139
568 818
1569 3759
570 1631
3849 4035
710 2728
3067 4000
4434 4467
2050 2910
2253 4069
3059 4119
1547 1816
2737 4578
2095 2739
1082 1482
2521 2981
3906 4155
4436 4553
2873 3935
1931 2820
652 1680
3244 4104
39 1118
552 1977
2613 2707
2051 3953
4376 4531
17 2319
1439 2681
3704 3928
2682 3116
2100 3881
3375 3487
4319 4529
4527 4571
1499 2193
2335 4369
304 3220
2078 4397
3108 3760
2229 3245
1823 3428
324 3825
4169 4186
3176 3939
2145 4315
3617 4497
4420 4466
163 1277
4479 4536
1884 2621
2030 3568
4231 4265
1031 4252
2230 2871
4571 4577
2590 3085
4049 4208
563 1422
1665 2115
4439 4549
4279 4413
2199 2842
628 1180
870 3132
1322 4174
2493 3268
1513 2620
2655 4414
121 3246
4438 4578
3662 4107
4046 4380
976 1803
4581 4591
837 3438
3424 4464
1343 3628
546 4005
4143 4341
163 2214
4100 4258
3158 4250
2754 4223
340 4075
2696 3513
2630 3743
395 2853
3502 4292
4350 4444
2942 4337
2173 4050
4265 4280
4382 4594
2553 4296
2370 3610
2916 3889
1699 4176
447 1075
958 1535
724 1797
2911 4211
2339 3326
3196 3671
2891 3720
2459 2863
1543 2153
3457 3770
243 2318
248 4371
3282 3323
861 2922
3355 3679
4372 4474
2698 3512
2142 2559
3664 4545
2734 2740
1297 1917
45 626
2986 3110
4223 4368
1404 4067
1866 2848
3145 4075
3581 3790
1872 2372
641 2767
1038 1683
3403 4522
3630 4335
2026 3287
2927 4264
4438 4461
915 2488
1933 2429
3328 4149
821 3421
2043 2386
1705 4414
4023 4325
3052 3174
690 4041
3034 3722
3719 4444
2689 2772
2129 3519
2514 2933
2359 2879
2316 2587
303 1597
2321 3203
1155 1178
277 1396
2776 4385
4426 4569
1095 1329
3732 4457
412 1156
2401 3878
367 3412
2022 2237
3625 3730
856 1928
3218 4142
2420 2908
2065 3191
4321 4402
1616 4398
1859 2248
17 362
4582 4593
2013 4436
4113 4223
4345 4360
774 4557
2413 4185
1575 4529
967 2530
20 1186
2568 4119
4597 4599
352 2776
1106 3492
1975 4416
1045 1318
3050 3652
2413 4580
139 4216
121 2282
274 4143
1640 3974
539 3410
2192 3347
3988 4353
4114 4446
3078 4165
1195 3516
4107 4404
3198 3804
326 2584
3426 3687
94 4544
1380 2169
2944 4559
101 1933
131 286
609 3663
3923 4265
3743 3835
576 3430
2235 3004
2408 2866
2299 2304
1038 3737
1600 3051
1298 1763
4076 4450
2775 3357
3504 4368
215 503
3840 3852
4018 4338
4389 4480
4224 4287
882 3036
2656 3927
3782 4321
1905 2288
187 3015
1479 3390
1226 2999
1422 2757
3161 3609
79 4334
1298 3624
3778 4192
3772 4130
3641 4130
2519 3708
610 899
4014 4155
99 1317
382 3805
1780 2461
1692 2559
1421 4144
3546 4471
3542 4547
668 3274
4362 4364
704 2431
876 3968
2396 3853
86 3058
2758 4040
1116 1902
3344 3466
697 4340
1854 3620
657 1749
4106 4445
3873 4124
1749 3177
108 3506
2801 3552
1226 4484
4541 4551
2638 3313
3869 4396
1636 2239
2436 2826
3709 4324
3272 3785
2496 3591
2235 2525
425 2264
4496 4573
2940 3854
723 3865
2616 4314
1031 1722
1819 3071
2678 3890
1733 2847
834 3599
1294 2527
4471 4547
1393 1965
1293 4559
1175 4451
4025 4182
368 4099
3866 3981
4242 4597
3128 4339
4431 4580
27 2819
4016 4203
38 317
3433 4544
4403 4409
1765 3260
2552 4123
647 3199
2473 2619
3798 3923
2259 2425
482 3647
1184 1903
2876 4337
3902 4352
105 1970
2296 3098
698 3501
1309 1648
2208 4398
4413 4577
2160 4034
793 1403
2970 4470
4155 4305
435 1597
2062 3532
2266 2975
2092 3334
4475 4499
2890 2918
3470 4273
462 3677
965 2737
3592 3954
112 3250
10 3624
1125 1905
4120 4382
2495 4301
715 2241
1656 4033
4382 4413
444 2625
1961 3647
3230 3346
2043 4444
2077 3502
4418 4435
568 2396
661 4194
1902 2795
1452 2560
505 2949
167 3713
883 3632
1520 4104
1844 1919
621 3494
2194 2871
147 1346
4455 4504
2780 4436
3971 4461
1402 1472
2657 3506
766 3710
2776 3695
3946 4064
1270 4214
2879 3269
4372 4486
1536 2983
4070 4528
257 392
1957 2723
4554 4588
3823 3923
131 1700
3997 4242
3686 4446
3681 3950
1281 1384
1867 3890
683 1086
3292 3439
2245 3429
4050 4457
925 3099
1399 2166
1123 4575
3448 4204
4161 4460
3236 3855
2200 2879
477 1119
4174 4511
2887 3732
2491 4214
447 669
378 3910
2274 3740
1334 4159
67 2621
2290 4377
3231 3962
1727 3154
3130 3267
3711 4237
4497 4548
3863 3890
4422 4449
2089 2803
3698 4476
1641 4257
13 2509
2390 3125
1299 2497
2424 3790
1330 2699
1586 3467
1972 2115
1630 2468
4080 4099
926 3414
242 347
2750 3351
3264 3680
1093 1544
169 845
1256 1326
1045 2673
46 2996
1864 2190
1096 4579
281 847
2956 3763
1995 3300
193 3239
3246 3451
306 1131
2308 2923
3232 3895
1193 1229
3342 3933
1465 2041
760 2576
3366 4385
1917 2486
4062 4307
581 3781
3790 4099
4090 4408
1573 1584
2060 3996
616 4501
4234 4553
106 2188
2180 2687
357 1171
1551 4165
1602 2945
1629 3999
3289 4485
2826 3779
1345 3366
3872 4069
2339 4172
2778 3310
594 2987
4186 4353
2906 3638
3294 4032
2850 3107
2271 2903
1471 2916
2779 4447
2871 3839
2742 4541
706 3526
255 2855
4273 4315
3100 4557
3076 4186
2447 3485
1924 2362
970 2677
3308 4382
664 4299
1587 2404
1442 3045
3356 4227
3094 4566
4075 4391
517 2538
3975 4520
4174 4364
3647 4314
2873 3549
4193 4587
4400 4472
184 3118
2392 2789
3486 4077
947 1488
2723 3582
3141 4159
3195 4003
2855 3466
1494 3357
65 217
2343 3886
3455 4433
1006 2699
2501 4512
387 2128
2623 3771
3258 3674
418 1898
3134 3832
448 548
896 2909
4316 4364
179 3291
1771 3384
2800 2964
3253 4082
558 4371
4323 4337
1358 2402
2129 3890
2808 3685
226 594
115 204
579 2857
4197 4226
2112 4369
1356 3861
594 1484
4037 4257
1522 2837
960 3820
1470 3740
1470 1938
2531 3303
1416 1797
3392 3658
1706 4268
1150 4479
3333 4405
1089 3879
4508 4518
3734 4324
519 1263
1976 2657
3984 4378
1944 3484
4060 4097
1482 2361
4544 4587
2436 3732
3880 4432
2796 4556
617 1091
2220 3735
2137 4081
4097 4319
609 3882
339 3351
2806 4555
3348 4481
4352 4413
1054 1276
110 944
525 543
220 3458
971 1997
1062 1232
3186 3966
1724 1800
3737 4178
2944 4141
2057 3322
1843 1899
942 1163
1261 2557
2722 3217
4399 4418
3140 4163
4214 4359
3971 4046
162 3350
3725 3856
2531 4483
4149 4302
674 981
2168 4499
1980 3974
696 3905
2614 3195
4429 4477
2647 3432
1465 2013
2835 4173
4544 4569
49 2062
2001 4169
550 4332
3331 3781
3496 4533
4319 4334
3141 3968
3373 4332
2274 2502
1009 1389
1120 4181
171 1344
4531 4561
1237 4008
1139 3726
4324 4360
1363 3603
3223 3980
2669 4405
2893 4264
3816 3825
1018 3010
391 4004
2993 3163
680 1354
3749 4367
2847 4222
3062 3381
472 485
590 3582
3569 4126
2378 2984
597 3682
2151 4589
4354 4521
3445 3629
2532 3334
1939 3482
3676 3710
4472 4507
875 1913
3283 3477
1550 3015
4208 4236
1723 2965
2216 2551
3742 4271
2470 4124
2454 3757
3768 3868
4304 4597
3542 3599
3651 3907
4265 4549
2568 4225
2520 3495
1410 2092
3947 4518
183 1109
3471 3831
4106 4214
1470 3482
1977 4524
2866 4290
651 4521
2794 3050
1262 2378
4131 4205
2479 3957
365 4279
3521 4135
618 997
3716 4268
603 2453
693 2721
3654 4462
1586 4544
331 517
4317 4391
1358 2686
1815 3654
56 4485
900 2672
4131 4571
299 2061
921 1579
441 3059
1285 1868
2761 4549
1245 2204
2432 3914
2749 4319
1792 1795
2073 3627
3589 4169
823 4146
4343 4483
2882 3512
3893 3960
2308 3938
2921 4592
275 2615
1613 3621
1652 2642
3277 4237
4043 4149
764 1574
3445 4556
2284 2690
762 3423
928 1599
9 4239
4002 4126
3676 4146
3159 3822
3080 3286
716 1710
170 3239
1427 1599
2183 3494
2833 4337
3630 4593
2913 3313
3027 3812
3696 4063
1611 4230
3883 4283
656 4037
1493 4438
292 368
4100 4482
3175 4325
2504 4106
718 1775
4163 4419
717 2863
3486 3950
1426 2028
3046 3857
242 3424
2307 2597
246 4223
3466 4241
3002 4204
3409 4362
4359 4534
1543 4103
1621 2343
3374 4587
175 4562
1466 3162
4409 4465
2648 3936
1787 2362
1904 2167
1676 1752
2817 3178
3163 3917
941 1402
3696 3735
3877 4478
1862 4301
4133 4145
2234 3230
738 1562
747 2778
1895 3843
4427 4456
1742 2465
416 3587
759 1168
2696 3121
203 2543
926 1807
2345 4437
2213 3400
4022 4191
2440 3075
33 467
203 2458
517 4095
2369 3378
3234 3901
3179 3704
1121 2081
1571 2326
679 3563
383 2787
1757 3693
3969 4053
4399 4498
1757 3296
1752 4070
4129 4486
3425 4173
980 2481
133 4346
354 2409
4226 4401
1428 3047
1715 1794
4386 4546
2716 2779
724 3379
2395 4031
1098 3456
465 1954
1007 3902
2125 4583
838 2967
1357 2093
2853 4393
3880 4336
3788 4204
3631 4075
3577 3688
2561 3677
3345 4012
1037 3586
3469 3628
3166 4063
1005 3559
1606 4060
3772 3792
1054 2039
2858 3163
1799 2258
1639 3562
888 1684
3608 3646
2198 4058
3845 4115
467 1911
250 896
113 4383
645 1636
423 3624
1947 4391
4396 4468
3096 4525
2960 3213
3956 4564
2022 3917
288 2135
4047 4110
2242 2869
287 1995
799 2228
2374 3041
2188 2607
4303 4548
3468 3763
1805 2035
748 3973
3870 4479
3264 3391
2421 3196
4039 4559
986 2964
3534 4219
2526 2718
3284 3988
1010 1583
969 3378
4205 4311
802 2192
1895 3333
4590 4592
243 2587
3397 4258
651 3943
2446 2809
344 1300
392 2571
4055 4293
4526 4559
2274 4146
2369 3358
1108 2421
2260 2315
242 3678
506 2050
4315 4488
3519 4061
3659 4183
1825 3492
2341 4315
461 2057
3680 3956
3160 3675
3737 3994
4502 4535
1095 1782
2896 4106
3004 3072
3795 4353
1238 2256
2435 3935
1615 1801
3740 4039
984 3469
1573 3607
4574 4596
3396 4579
3174 3766
141 2480
1337 1720
1172 3903
3124 3872
4495 4525
526 2905
2171 2363
3145 3161
1549 4131
4315 4351
4450 4541
544 3184
1119 2108
102 135
878 1036
2365 4538
872 1769
3624 4030
1213 1965
3667 4261
3411 4535
1313 3773
1795 2779
659 2977
2838 4277
2530 3372
2798 3208
4339 4477
107 2476
2907 4470
289 3331
26 3559
2571 2852
1626 2244
4079 4245
3818 4180
988 3138
1339 1531
3140 4095
3403 3801
3128 3406
3259 4547
2097 3557
4092 4287
1924 2885
3188 3541
2150 2601
2306 4484
592 693
3057 4555
864 4380
4485 4509
635 4374
2730 4090
4372 4436
4225 4536
750 3262
2349 3403
361 3981
2014 3264
2925 4293
2181 2637
3705 4543
1107 2421
3378 3421
3617 3800
2534 4039
2173 3839
3415 3522
2239 4346
3030 3965
2025 2535
3425 4347
4009 4575
2051 3604
3468 4011
4315 4513
3598 4526
4472 4545
2274 2493
667 4248
2579 3711
4176 4324
2548 2760
3183 4575
882 4016
1725 3947
694 1898
1797 3733
3024 4375
94 1885
3449 3637
475 1040
3976 4477
1760 4076
1346 1480
4021 4068
4235 4297
3048 3512
2415 4044
1607 1765
180 4371
4277 4377
486 4539
810 1772
1729 1982
518 3805
870 2525
10 2534
1579 3854
3967 4194
2643 4344
2824 3733
4004 4221
2220 2965
831 4139
3350 4571
600 3748
4221 4269
1019 2603
3521 4005
2613 3680
382 2329
3933 4378
2972 4203
4229 4298
3658 4472
1297 3290
786 1352
4224 4589
620 2788
1052 1113
514 2258
1975 3635
3843 4112
287 535
3749 4224
1774 1807
725 3292
4094 4205
4055 4136
3936 3979
1623 1956
719 2713
3697 4482
4393 4555
294 3910
4392 4425
3638 4293
2957 3652
4334 4505
4014 4134
1141 3155
2552 3919
2406 4435
2050 4414
4131 4545
2777 4186
4086 4130
2487 4100
1331 4487
2717 3759
2639 3819
377 1738
2765 2842
1591 3045
1448 3415
2705 3495
3531 4469
2415 3295
2902 3444
595 1923
181 3083
1836 3039
2335 2339
1350 1681
2766 4195
4286 4415
1461 3886
119 3151
1488 3835
2974 3613
717 2251
4023 4224
4274 4591
1033 3915
2307 3493
4083 4528
1551 2564
3164 3922
4266 4497
223 4430
462 2567
747 1075
3230 3932
4042 4475
1623 3388
437 1453
2388 4151
1245 4595
2070 3551
3599 3649
3802 3886
2725 4164
3601 4429
1820 2062
2784 3848
117 1579
4157 4537
2609 2713
318 3253
469 993
4095 4126
2756 3297
3468 4497
62 894
2379 2485
3363 3792
2362 3121
3735 3764
906 3284
699 2039
861 3468
3450 3674
2927 3624
3503 3511
4067 4294
1459 2499
4429 4495
541 754
3707 3830
2442 3325
1521 1558
3970 4277
4146 4504
1890 2365
1837 2686
78 2045
330 1969
2061 3037
3680 4447
3982 4430
2240 3503
4168 4434
3875 4041
2660 3576
4093 4439
2841 2891
2395 4341
3051 4221
3648 3678
2697 3044
1048 3908
3750 4011
2496 2934
459 3542
4147 4491
1921 3063
1444 2844
1672 4349
4503 4521
2778 3297
3699 4294
2285 3995
4408 4439
369 3346
2462 2525
491 1249
4229 4525
604 673
3235 3996
3362 4426
2770 3062
904 1240
3430 4543
3667 4193
966 2614
4582 4583
247 2057
2588 3859
290 2116
1874 3802
898 4588
3813 4065
1710 4360
2899 3525
197 3784
1243 4461
3890 4244
2899 4214
3128 3710
3459 4231
637 2449
115 1265
3963 4256
55 3323
3317 3813
1303 1802
3039 3934
3378 3566
4100 4590
2335 4037
2838 3773
2383 2968
1194 1927
1820 3187
2906 4095
4261 4491
1184 1818
2197 2551
2413 4001
2727 4557
3390 3524
2242 3515
4278 4519
3548 4481
3063 3865
2374 3342
4393 4422
116 3824
2879 3192
2334 2940
993 2389
107 4385
3125 4258
3943 4181
1435 2966
3273 4530
2515 3386
3375 3994
1068 3386
1718 3080
1894 3947
1417 4083
4254 4333
2831 3623
2882 4161
3759 4318
3603 3648
2726 4256
3247 4303
4147 4346
372 2256
1864 3139
2006 2337
4198 4364
4561 4582
1893 3748
3570 3628
2639 3725
476 2769
3330 3607
2023 3539
1033 4460
2744 4518
23 4365
1164 4368
1025 1041
2305 3970
2663 3606
3395 4141
1673 4273
4462 4469
2321 4258
3487 3709
1848 4305
1501 3166
1304 1863
2378 2539
4516 4569
288 1140
911 4050
1399 4140
1791 1936
1133 1868
4539 4574
2322 4264
4036 4236
578 3401
516 3719
3636 4452
1570 4256
3271 3815
1832 3850
1254 4501
108 2332
25 1130
1977 3036
1145 4400
4338 4589
4209 4433
3761 4056
1737 4474
43 3149
1541 1886
793 2311
4445 4507
2439 3106
1656 3417
3172 4521
1519 1666
797 1519
4160 4291
3845 4010
1159 1244
2665 3053
2523 4264
2706 4178
1257 2096
1429 2185
2699 4246
4543 4566
522 4240
1555 1939
1310 3054
2978 3896
3712 4472
3728 4485
1509 3443
839 2601
3182 4010
3914 4118
1587 1995
4389 4550
3263 3971
1421 1993
2322 4070
2603 2885
1779 3359
771 4527
1492 1684
994 4546
3006 3658
4072 4576
2238 3824
490 4112
1039 2414
178 3790
434 1167
791 2005
1891 4203
2580 3285
4589 4597
3824 4036
2123 3676
4127 4218
3040 3555
1778 2052
2875 3722
2228 4210
1649 3349
4142 4551
2104 4069
2368 2955
2585 2961
185 2963
3437 3866
798 3256
3115 3210
912 1736
2129 3828
4230 4582
3946 4316
4131 4155
4012 4018
2859 4417
712 3742
2881 4160
4198 4295
3548 3959
3293 3486
2270 3317
3634 3698
1981 4087
1997 3001
2232 3101
1404 3940
3197 4276
1717 2930
3916 4417
3197 4387
803 3482
480 576
670 1593
2291 3524
453 3162
3155 3696
4543 4568
3094 4409
52 278
2304 3489
3740 4099
2832 4555
4286 4469
4453 4559
2424 3818
4198 4223
1066 3120
4386 4395
2228 4340
655 3074
1387 3182
8 2733
2033 3456
3492 4339
292 2509
4390 4519
2025 2392
450 3171
1169 3682
2577 4037
86 1416
4000 4513
2259 3739
3482 4399
1947 4560
1345 2349
1905 4026
6 2719
2473 4338
3107 3248
4000 4418
3671 4238
515 3502
4208 4240
823 2971
3899 4201
340 3236
3274 4257
3347 4483
742 1427
1949 3420
2015 3964
1344 2977
955 4140
49 1763
4422 4538
1843 1990
2656 2677
2602 3086
789 1729
1101 4594
3033 3337
4314 4378
792 2637
4019 4323
491 3281
2140 3850
827 2524
3666 3786
2432 3119
224 4036
978 3133
4552 4576
1643 4073
1098 4301
4493 4577
4512 4540
1060 2437
4149 4312
4484 4531
772 3241
3694 4476
438 503
46 184
800 4377
1394 3843
2862 3600
4451 4496
2544 3327
640 3365
2610 3847
4372 4531
3486 4534
3100 3959
1209 4593
4434 4436
3214 3726
2431 3942
3807 3977
4234 4317
2239 3600
1349 2911
3649 3808
2972 4381
3850 4244
925 961
680 3812
1851 2839
4445 4550
881 2744
946 3885
1466 3652
2093 2868
2950 3237
3035 4092
4051 4376
1002 1279
396 2503
102 487
501 865
4131 4564
4330 4470
219 370
2384 3402
1935 4166
2916 3064
4186 4328
2573 4429
953 1860
4345 4359
2732 2796
3659 4586
223 1709
3045 3403
344 1843
795 1632
4101 4453
1672 3976
485 4342
10 1102
1198 3865
1388 1411
4542 4562
1064 4486
1671 3938
3235 3863
3286 4346
4558 4573
3269 4481
3135 4215
3128 3813
2880 3471
568 667
4319 4442
1042 3323
3321 4254
4032 4254
1881 2849
2790 3868
4329 4369
300 3336
4226 4497
1391 3276
4429 4467
956 1625
2893 3845
465 4508
473 4447
2471 2787
373 838
756 4006
2160 2801
398 777
4047 4142
1795 4323
1634 4048
4491 4513
4195 4285
1601 4203
1993 3192
3217 3521
509 3942
4231 4562
1952 4038
4577 4594
2282 2650
801 2125
311 2196
1359 1458
2862 4436
3027 4390
216 3440
4294 4438
2343 2951
36 3579
4077 4165
746 1869
3212 4234
3418 3679
3271 4340
4566 4588
1966 2888
3570 4438
4297 4427
444 3334
1036 3179
577 2842
4436 4595
2350 3303
309 3299
3829 4098
3494 4458
1846 2532
2544 3744
3555 4261
954 4194
4368 4435
122 3338
515 4218
270 920
633 3428
2637 3627
2207 2926
3301 3629
193 2834
3186 4216
2469 4444
520 3425
838 4220
1282 3220
3965 4472
3314 3759
4447 4514
1824 2749
727 2276
1841 3039
2392 3262
3067 3357
1042 1471
775 2346
1388 1708
3268 3408
606 825
1648 2801
2708 3788
3716 4143
4016 4485
555 3595
4035 4443
362 962
4038 4233
3942 4115
986 3784
197 3213
3767 4303
4459 4493
3992 4272
2070 3357
2891 3013
859 3071
1726 1807
2679 2963
1384 4254
2210 3739
4220 4307
530 2698
2067 3523
2024 2667
1189 3411
3731 4131
3856 4287
4306 4463
1798 4443
1426 2799
213 4098
404 2300
3661 4413
1055 4517
3516 4184
4157 4543
619 2133
2981 4280
399 3723
4372 4428
4475 4560
1487 3372
1816 2362
243 4245
1773 2970
1381 2808
2097 4198
1313 3582
2398 2894
4045 4460
2917 3367
2136 2714
2316 3750
590 3579
3456 4318
1257 2307
3829 3980
3087 3262
1371 4308
2888 3693
4011 4185
1654 3512
2674 4160
3369 3370
2738 3970
1353 2846
4595 4597
2810 3506
581 1582
125 636
2382 3723
2801 2947
1632 4543
3205 4499
1637 3477
1379 2885
1324 3188
1708 3364
856 1884
2699 3533
3205 3259
3479 4029
4398 4434
4585 4588
3232 3233
3321 4468
1378 1574
2626 3841
4127 4328
1246 2175
588 743
4189 4404
2137 3358
74 2669
1069 2805
4147 4484
1035 3038
2980 4041
1684 2541
3146 3604
3975 4150
40 160
621 1805
4050 4271
2450 4075
2076 3487
4151 4165
2790 2875
1597 2638
1773 4339
2818 2959
2660 4577
3162 3732
3203 4545
821 4445
1948 3664
2872 3338
1034 3205
665 839
2095 3438
4541 4570
1486 2384
4191 4476
1836 3588
3441 4518
2854 3921
545 796
1157 3642
3623 4046
2594 3258
1896 3670
2024 2134
4035 4447
438 1733
2249 3981
1162 4547
2460 3474
704 3993
2931 4177
792 3928
417 1697
4444 4562
4374 4503
2877 4183
2315 4461
489 4209
3254 4090
1763 2128
4388 4419
4028 4124
2565 2718
178 1154
3235 3700
1753 3492
1825 4521
3703 4007
1300 4151
3631 4325
1732 3949
2699 3771
2387 4205
1458 3433
3585 3979
3178 4390
1601 2320
4594 4597
2892 4180
25 3895
424 4159
966 3197
927 4171
2992 3866
3244 4211
1787 3738
75 4270
939 1161
983 2954
4190 4429
1905 3845
2993 3831
3455 4046
3101 3236
761 1495
3598 4122
447 4531
4451 4515
646 3394
2 2232
2953 3923
2794 3518
4455 4501
1460 3461
3024 3575
1440 3809
821 832
3145 4070
3054 3096
3988 4267
1241 2999
3943 4356
2278 3904
1175 2755
1225 3960
579 684
3366 3535
4574 4591
590 2604
2514 3434
2769 3865
585 4574
360 4279
1377 2634
592 1175
2218 2251
2567 4157
666 4175
433 2186
4428 4503
1861 3675
2418 2421
3959 4110
785 970
843 3683
1067 1592
4358 4465
1635 4148
256 2695
2811 2895
31 3482
76 3284
2307 2946
2982 4176
4554 4559
173 3366
3442 3777
3153 3782
4382 4581
250 660
4424 4542
4089 4289
1946 2333
3618 4459
131 2016
3004 3056
2310 3511
4516 4532
2025 2967
2248 3930
513 1704
4299 4327
2603 3317
1931 2334
4087 4363
3519 4016
2545 3218
290 1144
1266 3571
3057 3615
2672 4576
2035 2196
2644 3171
2666 4388
1736 2623
571 4118
835 1242
2765 3136
589 2917
2897 4597
1905 3213
1911 3314
566 3369
2632 3109
2355 3888
1410 4382
187 1952
3581 4354
1174 3401
3088 3586
3618 4375
4426 4466
1137 4470
2937 4197
3 186
4278 4499
1833 4372
1813 3079
1144 2698
2715 4276
288 1213
4180 4371
4398 4529
1921 2331
1308 4207
1177 4596
2939 3961
3214 3284
26 2159
3328 3578
2990 4022
2293 4097
513 3151
2176 2330
934 4178
4270 4508
4280 4317
2830 4170
2414 3269
4083 4356
3037 4342
2693 2770
1036 3945
1795 1868
2616 3420
2668 3251
1900 1957
1219 4377
4199 4251
1019 4151
1473 2640
4029 4098
2640 3987
4127 4140
2932 3925
3113 4098
1461 1745
311 1143
1907 3292
3181 3543
3137 4187
2384 2748
2 167
638 3982
1556 4428
3698 3998
3282 4294
4414 4420
2867 4351
1906 3522
2447 2595
2314 4534
991 3357
4434 4496
1828 2548
2803 3059
319 565
1863 2699
3244 3918
2910 3373
2159 4137
3409 4097
1509 2218
3208 3935
3945 4522
291 1038
438 688
1381 3790
4293 4384
4023 4284
2253 4531
2498 3060
495 4368
2642 3459
2264 4591
2005 4076
639 1374
4291 4356
1581 4008
539 3217
658 673
2475 3578
1819 3276
2310 4527
518 4183
4546 4585
3658 4373
145 4185
874 1739
3648 4008
1909 3649
322 2651
4521 4590
3523 4052
611 2668
4103 4280
314 2439
220 3151
104 2859
1219 4099
2735 3622
682 3336
2121 4261
1747 1782
3357 3747
919 2946
1330 2323
102 4155
505 4317
4380 4436
24 3124
833 1096
3779 3845
2500 3098
299 2592
1940 4373
2136 2342
1998 3103
1631 3842
2412 3751
3066 3933
1800 3022
4200 4487
853 3817
2251 4108
804 2683
1328 2250
1110 4471
2809 3856
195 3189
4103 4350
2311 4405
3939 4301
2733 4205
4118 4246
554 1785
3253 4512
1650 2559
4370 4486
2116 3994
2407 2896
4413 4495
1486 3899
2270 2540
4506 4520
1834 3802
1355 3696
1233 1740
1041 3727
2385 3941
1271 1494
2982 3893
1751 4047
750 3552
1361 3604
2465 4091
2691 2917
4082 4493
2476 3115
4260 4579
626 4379
3943 3970
1684 4103
3855 4557
2346 2705
596 934
2148 3625
4288 4471
3523 3940
541 4565
348 1019
1855 3368
3116 3747
3181 4053
1625 4337
1344 3778
1388 2584
4426 4482
4570 4579
3705 3813
3451 3942
2024 4228
1344 3772
384 3882
440 3370
3559 3947
2170 3065
4210 4456
4165 4551
2312 2715
2311 3828
3404 3478
2209 3984
3151 3407
1416 2842
4325 4473
3236 3924
1970 2644
4217 4229
3059 3714
3314 3805
1171 1988
3414 4558
4532 4568
4182 4281
2786 4378
2277 2579
2247 3955
709 3025
3599 4044
3412 3504
327 3525
1175 4500
2127 2450
1735 2434
1462 2009
345 1045
4252 4397
1759 2503
2856 4329
2672 3501
740 3161
3895 4353
989 3901
2395 3235
3299 3945
2388 4316
3276 4558
4352 4500
3481 4433
2377 2506
336 3410
1448 3966
2306 3083
759 3682
2563 2865
2835 3977
3427 4118
3043 4438
1524 3780
893 1600
3727 3864
2155 4177
3406 3738
2829 3096
1022 2243
3591 4203
3448 3995
811 1602
1885 2844
3502 3618
1914 3722
1628 3684
1927 4172
2528 3536
748 1891
601 3190
1800 2014
4538 4568
1615 3420
700 2635
1890 2657
2637 3946
4373 4410
2908 2988
63 1200
4127 4531
3294 4543
1175 2273
1260 1521
4549 4585
4512 4564
4108 4586
2420 3316
1936 2755
436 666
3300 3507
2210 4149
2459 2541
4231 4514
4106 4546
1570 3067
1561 3037
3159 4039
2827 4209
2460 4263
1252 2106
594 795
4255 4289
823 2610
760 3592
313 3175
3891 3918
2171 3536
594 1050
4591 4594
3813 4338
875 4231
2773 3587
3871 4229
3321 3774
507 2283
1974 4210
721 2030
3321 3925
1356 2450
3808 4509
1853 2689
2105 2193
4504 4528
2734 3006
744 3230
1549 3773
446 3718
1836 3121
774 1521
3321 4148
1639 1770
2376 4085
3372 3528
4089 4103
1895 3962
2545 2567
170 440
3468 3882
3497 3616
2070 2745
4320 4512
1996 3762
4178 4573
4265 4570
2651 4185
1540 2882
3619 4327
1610 2713
188 1131
2024 3976
2475 4324
3058 4009
424 1950
3104 4496
3979 4454
2538 3197
312 4388
362 468
3005 4093
421 3370
1553 4278
1248 1392
3296 3792
2066 2780
2060 2349
3508 4404
2983 3534
4563 4586
30 2250
693 2768
210 3078
4417 4520
4005 4581
2891 4376
1082 4022
1743 2655
3032 3241
4508 4543
464 1796
2669 4554
730 1261
212 2714
775 2855
3974 3994
3688 4373
3183 4368
2580 2889
40 3693
1722 2232
2541 3194
3969 4419
4479 4546
2154 4048
1413 1737
405 1512
3793 4313
2671 4321
132 1169
68 3666
2036 4131
2650 3979
1421 2857
639 3741
2860 3839
3701 3984
2590 3198
1535 3560
4020 4485
505 918
1088 1744
384 1746
4143 4149
4390 4537
961 4388
4005 4574
1881 3754
2042 2848
83 1055
3822 4067
4422 4436
2333 4151
589 4302
3694 4531
1569 4323
2185 2798
2649 3369
3562 4251
2212 3182
900 2056
1877 3349
1685 3396
1392 3897
2209 2717
2965 4224
836 2606
4494 4588
1581 3323
1846 3262
299 3438
749 1966
3798 4185
741 1655
4502 4546
2929 4188
3024 3161
930 4019
2103 2521
4583 4590
1686 3122
2144 2614
479 1393
1312 1908
2780 4079
3892 4524
4194 4579
4025 4129
793 1777
1455 2100
517 3473
3294 4546
927 3163
229 1612
1400 2354
4359 4440
2465 2557
687 2662
1891 2290
1358 3657
4121 4137
4442 4475
4042 4271
1220 3799
1454 2170
3983 4479
4500 4572
178 1952
2433 3465
3479 4086
4069 4468
1107 3638
399 2923
3866 4040
1548 4395
471 3269
2807 3785
746 2471
1188 2706
4410 4469
1626 4310
3287 4285
3550 4445
1523 4399
1196 4146
195 3321
467 2741
292 1749
2181 3879
1528 3603
4140 4230
3902 4388
2691 3725
4244 4254
2992 4144
611 1735
3452 4384
3491 3808
990 2116
2517 3995
829 3277
2202 3231
861 3613
3051 4145
2593 2671
2333 3806
900 1106
3887 4227
2311 2372
2628 3932
2047 2630
566 3055
1303 4353
4280 4570
3327 3946
2539 3522
2507 3227
1267 2369
4374 4382
794 2355
3577 3604
2938 3110
989 1628
4366 4399
1059 2506
741 2151
2697 3161
2321 2449
2679 4431
2055 3120
3371 3453
2309 3609
109 2730
3167 4262
2337 2412
3628 4387
1189 1537
3894 4292
4308 4331
2793 3250
3995 4059
2554 3123
3968 4484
2161 3658
1922 4498
451 1927
4138 4314
3000 3352
1486 4540
3296 3844
2035 3320
3943 4061
277 3412
1296 3431
1215 4392
3560 3579
3691 4510
1554 3071
2650 3792
2695 4520
4273 4563
4420 4556
1564 3821
362 2386
782 2407
1772 4413
1522 3501
1698 3070
1371 3172
1281 2179
3202 3888
451 1691
971 2731
2613 3096
784 1914
1481 2108
4197 4422
1117 4009
2249 2324
359 4053
1763 2826
3774 4306
4222 4428
2389 4220
3220 3470
4112 4128
4323 4420
3922 4516
2517 3156
2258 2264
102 2651
2651 3466
381 3462
2107 3028
3741 4124
1496 1894
2959 4357
3472 3887
4001 4280
3129 4513
958 4390
762 3936
1195 2106
3642 3885
1915 2411
2430 4334
1452 3197
1038 3659
3660 4174
3386 4016
1092 1311
4413 4475
190 3879
758 2153
837 3866
4288 4354
2519 3013
2595 4225
2512 3369
3028 4032
3385 3431
3048 3995
2381 4243
1523 3336
3595 4225
539 3796
937 3469
4552 4570
779 4209
1139 1537
1888 2600
2940 3043
1862 4496
198 1215
2139 3042
817 3744
343 3853
3634 4436
2152 4002
4264 4343
538 2941
3492 3862
473 3717
162 1790
4268 4502
3879 4161
1869 3850
2519 4412
1498 3180
1309 4541
940 3061
1521 4459
680 3506
4012 4251
3041 3413
574 2360
234 901
2210 4043
3711 4332
4073 4289
1293 3263
2473 3842
4154 4402
2117 3921
1169 4179
3483 3790
1370 2647
1232 4212
261 1760
981 2008
105 2752
1653 3195
623 970
3983 4484
3064 3073
98 4260
4492 4515
973 1251
2783 4534
717 4074
34 2949
3467 3709
797 2098
724 3133
694 3508
2319 3229
2446 2690
1367 2559
3251 3564
680 4586
3233 3913
3376 3721
3010 3889
4268 4565
3047 3886
3904 4401
1664 2807
3690 4260
1422 1829
381 3181
2769 4406
544 1394
2542 3137
2924 2971
2232 2644
549 2615
4542 4595
527 2151
3070 3879
4379 4481
4127 4165
3551 3653
4087 4548
3288 3526
667 1704
3303 3632
769 2467
1798 4087
1238 1859
3742 4415
837 2136
2626 2944
1259 3090
1360 2694
3070 4553
1936 3095
3348 3893
3098 3283
3847 4074
3630 4217
619 2423
3107 3216
3610 4109
2718 3903
4225 4238
3254 4236
2031 3393
1500 3640
1740 2710
583 3669
3578 4342
4273 4598
4453 4485
1290 1466
2939 3930
2982 3031
4107 4170
1330 3595
3107 4127
4590 4592
1018 4576
3685 3962
4231 4382
3797 3906
327 542
3490 3881
2872 4095
2071 2164
501 3321
1245 3414
1154 2278
1078 3584
4262 4291
3481 3863
1832 2810
3524 4191
944 2239
567 4505
3052 4527
726 4000
1107 3877
3037 3373
369 3030
663 1823
1021 3673
3988 4545
3660 4444
3599 4298
94 415
1877 2201
888 1911
675 4075
1901 1963
3450 3969
1000 1710
1505 4356
1608 4550
2072 2272
1963 3924
855 1855
1746 3722
2610 3973
1643 2690
4227 4434
4528 4537
2803 3855
2301 2714
4132 4576
1895 3521
2081 4461
2620 2972
1848 2153
770 2422
2192 2329
503 1498
4228 4327
1616 3667
541 2353
794 4061
2536 3048
4312 4517
1786 1849
2932 3379
3005 3472
2129 4584
2885 4210
1763 2193
2707 3717
4225 4387
4552 4591
4165 4518
2736 4067
3752 3994
2720 4213
1159 2338
4057 4173
1350 2383
4217 4501
1005 1916
2024 3121
1711 4384
849 3132
3897 4304
3888 4520
3675 3855
2442 4245
1727 4329
1408 3802
4347 4512
3145 3266
555 4052
3866 4044
2301 3798
1120 3844
910 2252
307 1424
293 4088
2877 3090
3173 4593
3797 4138
4188 4538
1500 1682
1185 2695
339 3712
3470 4202
211 1866
4091 4428
3654 4507
1220 3440
4201 4451
287 826
2036 3275
526 3316
4229 4387
284 1823
926 2265
2156 2494
635 1051
241 2137
156 2660
190 4056
677 1868
3233 3886
3554 3899
2453 3057
3295 3709
551 1694
2349 3856
1051 2234
770 2478
4538 4551
4361 4568
3410 3446
3610 4264
2390 2970
4428 4531
846 2604
2834 3525
1631 4269
1863 2796
1786 2396
2480 4055
4282 4516
2846 3204
3103 3717
2733 4486
2272 4032
1037 3877
1780 2779
3119 3862
2390 3103
706 1982
3450 4209
1075 4187
1446 3208
2298 2749
3244 4328
1590 3385
4304 4576
4026 4255
469 2763
4087 4577
4497 4567
129 2645
3972 4434
554 4409
2964 3983
2327 3215
980 1952
283 1121
653 1351
2554 4220
1924 3302
3794 3822
2600 4158
1474 3849
18 210
3 3774
934 2036
1297 2164
1399 3334
1428 2872
2748 4144
433 2129
4214 4402
592 3598
2860 3118
3614 3928
4328 4565
761 867
2085 2684
944 1580
4023 4065
2307 3930
2773 3874
3979 4002
2409 3149
2510 4115
3979 4039
1182 4021
1529 2869
1025 2208
1470 2855
940 4036
3664 4576
1727 3357
477 904
3274 4562
1066 2740
134 3823
305 335
187 1562
2117 2386
32 1389
2490 3758
341 4151
3346 3986
3254 4382
3362 4598
3606 4074
1288 2248
2906 3727
1008 1684
4173 4295
4253 4335
1638 3927
3097 3557
3177 4242
1864 3007
1532 4343
1613 2833
1684 3324
1986 3098
4056 4361
3791 4040
3546 3894
3934 4140
812 2888
2383 4527
1782 3242
134 2519
1357 2479
1361 3316
117 1977
1634 3489
2296 3164
201 1418
794 4328
4387 4437
2263 3128
3673 4531
334 2705
3423 3761
1553 3269
2839 3632
4161 4555
845 2786
3484 4547
87 1724
1724 3414
3721 4264
930 1204
965 2841
2025 2450
2793 2962
2457 4548
792 2055
4252 4292
4 1114
1009 2527
4444 4533
4160 4201
2351 3118
2693 4238
258 4487
1508 4015
2720 3010
2953 3654
2124 2794
1317 3274
908 2448
1536 3005
1992 3040
4496 4557
1980 3786
4395 4472
2464 2628
4383 4453
1789 3855
4358 4532
497 869
1095 3511
425 2811
3162 4121
1753 2341
725 3330
2473 4066
203 2636
802 1430
3329 3481
1141 2817
1909 4124
4572 4594
2345 2953
1831 4302
3889 4031
3863 3864
3228 4550
4034 4159
4169 4369
4275 4326
4027 4467
1251 2112
1776 4528
1340 2011
1293 1492
77 1716
3732 3745
1782 2006
136 3203
4582 4588
1447 2815
1541 2093
1844 3183
4412 4584
335 838
3435 3857
3674 4523
3862 4049
850 4245
612 2034
796 2446
922 2329
3960 4149
1566 3139
4032 4277
3713 3798
211 4580
1909 3743
3794 3830
1912 2299
3485 4266
608 2531
4151 4297
3015 3435
962 1690
4294 4568
3586 4306
2000 2080
2872 2944
4505 4591
902 3821
1479 4240
2797 3534
3884 4514
72 551
2049 3785
2981 4339
4197 4455
3899 4267
2978 4174
1848 2410
3501 3671
3175 4255
2615 4190
3119 4236
1147 1641
1880 4422
4425 4473
854 4052
1561 3377
871 4022
3109 3248
3209 4240
2997 4115
4314 4451
3504 4066
1903 4168
3436 4502
320 2314
2234 3606
3461 4305
369 1864
4042 4336
3171 4136
183 1259
2681 4128
4343 4438
2044 3604
2040 3569
2990 3662
1461 3147
922 3972
691 725
4250 4420
2109 2961
3781 4541
4214 4460
2772 3822
3413 4284
431 1689
1240 3959
3097 4154
2603 3399
1648 2544
2446 4519
1328 4294
1397 2486
1296 2086
3598 4387
3179 3352
2708 3832
698 1322
3639 3686
2988 4363
1279 3889
1563 2592
206 1637
3804 4342
3629 3946
2102 3838
2155 2399
599 1976
1121 2742
2023 2241
369 4186
56 2067
454 512
3758 4429
2879 3130
1569 2648
4332 4440
1758 3388
1353 1487
2789 3037
602 4433
2701 4222
3397 3454
2386 4510
3907 4426
2602 3029
536 3975
521 3148
1212 2536
621 3143
2408 2528
211 1882
3049 4267
1142 3376
2261 4067
4026 4055
531 3943
3630 4147
4563 4581
4192 4371
2991 3798
3679 4487
208 4481
2638 3663
1169 3643
557 4577
3013 4557
3829 4052
4108 4536
2878 4451
104 566
4291 4423
1755 2205
2098 3444
1890 4456
215 1793
2525 2890
3501 3981
2720 3841
3773 4173
10 3940
2287 3207
4319 4537
4261 4558
4102 4340
1661 1749
1543 4183
3158 3832
1713 2221
891 3268
2674 3114
298 3519
2851 3231
4200 4298
2406 3475
2659 4191
2725 3050
3445 3559
1231 2902
3859 3906
202 2330
1342 2325
3961 4410
3193 4470
3154 4242
4527 4544
359 3850
3724 4470
1632 3161
3270 3555
3274 4502
3187 4308
2650 3981
3859 4336
3942 4316
3755 4238
2173 4032
3993 4373
282 2778
3704 3756
4065 4183
1813 1872
673 1015
2827 3875
2711 4308
2926 3373
2797 4396
1739 4443
3302 3998
1166 4368
804 4420
4573 4582
3740 4555
2501 3152
1267 4184
2515 3963
1412 2439
1971 3486
3900 4120
369 1779
1864 2262
58 225
3004 3145
2835 4596
1462 1537
2378 2733
2837 3852
1408 1419
4468 4555
4534 4590
2487 2619
1509 4474
9 775
4425 4540
2983 4320
2982 3445
1428 3420
382 894
479 4486
3960 4144
4458 4501
1190 3943
1635 1757
3046 4308
3046 4184
3716 3878
2125 2584
4372 4404
3016 3548
1750 1959
2145 2333
1218 1668
2814 4487
3709 4110
2650 4396
499 2923
2084 2596
1276 2691
2145 2319
2909 3524
1429 2567
4144 4146
3260 4503
2307 3294
3536 4513
3798 4219
181 1909
4561 4589
2175 3114
4500 4507
2443 3535
816 2326
888 1529
2457 3952
3066 3258
394 434
220 1759
4335 4516
3596 4507
1962 2301
2821 2973
2296 2714
2609 2665
1540 3603
1469 2439
3201 4402
4372 4445
1663 1880
3179 4075
1527 3861
2242 3679
4118 4291
2319 4532
3049 3091
1439 3222
4101 4125
2849 3361
167 3882
1357 4245
1962 1996
544 2104
3258 3468
367 3077
162 4581
4138 4172
3512 4423
973 3627
623 4208
1772 3062
607 1002
3351 4044
3937 4045
76 2627
3308 3446
3866 4481
3815 3986
3182 3989
3107 3258
3509 4280
1488 3181
1052 1072
2618 3695
1434 2844
4298 4518
2305 4115
91 2093
3640 4504
562 4073
1702 3912
3938 4389
1128 1793
2197 3256
2147 3917
4026 4168
896 1180
3898 4185
675 1127
4353 4452
2278 3811
3048 3794
80 4117
178 1655
4321 4541
4470 4561
1998 3146
1572 1820
3392 4429
381 789
52 2821
161 1315
768 4354
1316 2756
2496 3085
3407 4340
4312 4401
2148 3984
726 844
916 3478
4345 4347
2142 3134
1718 2095
763 859
4314 4536
2390 2926
588 2121
3687 3912
3942 4215
631 3878
1543 2206
2274 4236
2140 2844
3797 4301
2753 3519
2284 4192
3846 4555
3958 4059
348 1614
1477 4097
3864 4381
4130 4591
3964 4333
1827 3332
2244 4412
2359 3079
1883 2029
3018 3816
1544 2435
1352 3647
3886 4238
2346 3076
2094 3915
1168 3615
1840 3313
4043 4345
4231 4335
2523 4493
2749 3422
2479 3812
4298 4370
4225 4458
1077 2505
402 1399
1563 2585
1961 3878
1376 3814
961 4560
261 653
3168 3353
3243 4084
3717 3737
3686 3924
3495 3880
3479 4499
922 4255
356 529
3879 3999
2711 4519
766 2109
3742 4230
2943 4157
3015 3129
1655 2186
3067 4431
650 2331
2562 2805
248 2720
1256 1889
967 2364
4109 4264
3646 4411
1768 1959
1983 4133
2487 3379
447 1708
3478 4570
1167 4261
2953 3032
518 3025
3106 4382
438 3942
883 3225
2663 3001
4367 4584
1837 2153
3989 4505
2737 3451
2966 4341
3992 4005
1806 2775
3160 4262
1345 3730
722 1429
1563 3135
3430 4367
4150 4341
2870 4275
3441 3692
2781 3276
456 3150
4575 4582
2314 3749
2346 4101
2566 3229
2900 3487
1082 1590
1535 4113
4273 4427
850 886
2175 3730
3878 4303
4426 4558
3142 3291
4047 4394
428 2991
1977 4571
99 3360
489 4145
4337 4519
2172 2908
4528 4577
1165 3987
762 916
576 4181
134 2761
2859 4349
2754 3428
3631 4349
1897 3270
2083 4378
964 4567
1621 3646
1143 1507
1165 4544
1615 1635
1494 3376
137 3737
4313 4345
2665 3752
3165 3296
347 2691
1577 3510
2537 2592
2703 3373
1969 3595
4289 4362
3301 3470
639 4208
2347 3910
2422 3451
188 2968
3356 3665
2566 3238
4452 4538
1846 3921
1645 3067
1980 3472
3709 4170
197 682
4172 4305
2296 2379
3508 4136
1614 3393
1421 1454
1909 3718
1127 2312
2780 2814
2236 3410
2967 4162
4147 4472
1035 2427
414 562
10 3912
3286 3808
2776 3486
2834 3205
1283 3528
3586 3759
539 1548
1036 4576
1084 2383
4373 4528
1340 4156
1088 1965
977 4452
2752 3414
3155 3387
3592 3657
379 3722
1381 3851
3032 3213
3 4578
492 3588
2255 2478
2534 3070
327 3839
7 3012
2810 3467
3105 4540
4069 4349
764 4045
2792 3366
2189 2487
1019 3646
3649 4443
1653 1706
3764 3829
3339 4451
953 1529
198 1113
4267 4433
31 1662
680 4357
4228 4315
2759 4438
1636 4466
4047 4369
2758 3886
3508 4053
3402 4235
1616 1996
4235 4336
197 1662
380 2034
1832 3548
4463 4494
959 1011
1243 3036
1824 2309
138 3316
1938 3313
1243 3654
38 1445
4542 4597
2463 3519
2221 3516
4335 4405
2951 4103
268 2764
3885 3999
2350 3956
3437 3813
1181 3744
91 988
2045 4030
4118 4368
849 1502
1822 3663
1936 4311
3831 4286
3226 3543
2928 4363
1199 3051
2276 2824
3974 4399
1901 2796
1020 4514
3434 3628
606 3948
3570 4301
2342 4424
1580 2827
4031 4128
2960 3875
2735 4290
36 888
1643 2996
1301 2370
2730 3970
2276 3074
3806 4022
1190 3822
306 1608
3212 3961
3587 4417
3370 3455
2702 3314
4510 4581
1822 3486
1392 1535
9 4374
2685 3818
4020 4464
1330 1486
1769 2687
1853 3175
1450 3317
248 3556
4273 4369
3660 4456
1946 2134
1906 2196
40 3064
4417 4422
3776 4053
3513 4379
368 4515
3 2809
867 2606
398 1565
0 1970
151 791
4322 4355
1214 1958
3417 3967
1691 2167
4340 4432
1661 4508
4380 4460
4074 4596
3363 4142
4365 4421
4365 4443
2143 4429
1156 3288
4074 4155
2877 3751
3908 4517
3307 3982
1816 2590
488 3677
2059 2610
1413 2314
17 3922
1479 1910
1243 2793
3252 4046
3339 3863
2400 3568
3206 3455
3998 4174
1154 3610
840 3967
339 1741
4199 4347
2781 3797
488 3366
4184 4474
2226 2681
2165 3320
4398 4461
18 1551
1483 4529
1155 4150
3100 4595
1519 2808
2814 3748
3089 4260
3013 4337
797 3608
1971 3830
2325 4277
2872 4409
2302 3921
3164 4384
1269 2259
3945 4441
731 1633
558 4305
1220 1901
1709 1772
2087 4315
3666 4275
699 2631
711 3152
3524 3782
420 1715
66 110
743 2805
3452 3687
2389 4265
3149 4148
2320 2729
1686 3522
1293 4056
1176 4411
3935 4120
3287 4347
4365 4438
2079 4503
1672 2241
1613 3657
1935 4566
1392 4305
210 2020
2158 3700
2552 3703
1838 2450
534 2507
1861 2323
1753 2435
1899 2792
2033 3013
1809 1965
109 3434
1167 1875
4311 4480
4047 4574
4133 4578
2934 4355
4362 4459
2132 4476
826 1564
812 4431
4491 4505
2222 3300
3953 4559
661 2888
4333 4497
2966 4229
2054 3776
2924 3852
3464 4009
336 490
4560 4568
1628 2616
2008 3795
2715 3983
833 2705
3487 3794
1668 2500
1393 1680
59 878
1738 2488
2766 4018
2830 4313
2086 4049
1155 1677
4554 4583
470 3285
2477 4394
701 1531
2815 3243
2729 3605
3278 3738
3245 3987
579 782
1004 3632
1131 1676
1979 3354
3479 4192
456 3721
109 2608
1751 3859
3294 3427
1220 4014
534 3259
1869 3124
1044 2075
2845 4340
1504 4069
3683 4571
2891 3006
940 4065
1963 2682
2448 3228
3481 3488
1622 3549
1669 1717
4593 4597
4559 4566
7 2723
3658 3787
1799 2986
56 2502
2947 3562
1467 1638
3 3324
957 2722
1250 1428
1691 1722
1787 2353
4088 4350
2068 2510
4381 4422
3433 3447
3197 3371
673 3125
1742 3801
4241 4492
624 1644
2889 4598
1935 2627
4428 4473
1710 3304
4593 4598
1890 2049
1271 2330
1441 3975
911 2251
2248 2551
2067 4378
1872 3331
2425 3472
4448 4583
4221 4442
1001 3454
4577 4578
4271 4353
2146 3083
2821 4013
4356 4364
211 4589
1793 2969
2465 4572
2327 4466
2363 3107
3501 4419
1175 1597
936 2232
1457 3695
4451 4584
2635 4579
2640 3393
3006 3045
4312 4410
1250 4598
2493 3585
1763 3711
754 2239
1230 3819
3570 3734
1583 2166
1181 2659
1191 3319
4544 4590
4008 4111
4072 4243
1608 2216
4307 4418
237 2366
535 2759
1632 4212
384 2393
582 3484
4027 4133
15 2077
2310 4420
2889 3443
1997 2863
3937 4246
1656 3477
103 3294
3955 4263
100 2190
3956 4037
4409 4591
1237 4045
3023 4454
2308 2316
1850 4249
2463 3712
117 3009
507 3596
3359 4237
3206 3223
3686 3770
1031 1352
3649 4542
1149 3002
3436 4074
1959 4118
901 2170
2349 3747
2722 4161
4300 4331
1840 3760
3712 4421
417 3819
3168 3908
2860 3071
692 3481
3885 4212
3866 3953
730 2618
4342 4394
1516 3515
188 4099
1414 3029
782 1557
878 3216
370 936
990 4298
1294 4359
3648 4329
2865 3179
307 900
4336 4409
826 3943
609 2467
2759 4414
2972 4477
642 2331
4163 4485
2363 3232
3103 4148
3485 4508
4565 4568
860 4337
839 2447
3242 4408
1538 3853
858 3460
2784 3096
3703 4454
4074 4300
4089 4525
29 4596
4511 4596
1718 1880
2664 3435
4197 4342
3454 3571
4597 4598
2316 2417
3410 3875
884 996
229 3860
2068 2968
440 1516
4588 4598
768 1326
510 1958
3265 4183
640 4175
3492 3647
3534 4083
2260 3237
3625 4193
2891 4436
2689 3951
4325 4521
3208 3715
1961 4179
3180 4565
2280 2604
1039 4345
3921 4170
2604 2722
2324 3058
709 3558
3322 4289
3449 3531
4477 4566
461 4023
969 4594
619 710
4101 4402
469 4598
2093 3270
3014 4060
2183 2200
2979 3469
3467 3755
3207 3713
2880 3272
397 4166
1462 2893
2991 3871
2336 2854
4082 4179
4301 4380
3907 4561
4287 4396
1692 3557
2024 3255
729 1619
1157 2814
2239 3071
176 1456
2535 4091
427 4535
4068 4214
2744 3854
1984 4492
1879 4209
3598 4464
1520 3168
1361 2078
3629 4540
3210 3459
1606 3264
1413 4233
3921 4049
2971 4148
127 4408
2355 4298
4591 4596
1991 2782
536 1939
3927 4405
1015 2973
1980 3974
615 4027
2319 2495
1122 2433
2901 2946
678 1596
4152 4569
834 4576
2503 3695
3512 3974
4077 4162
4398 4486
4228 4317
607 2545
3374 3378
1080 2463
3570 4136
2121 3557
931 1335
4564 4582
420 3219
4316 4425
4546 4552
2919 4552
1896 2319
2636 4182
4496 4551
1314 1641
4205 4286
2041 2924
3323 4404
962 2322
836 4069
1974 3471
2373 2967
3446 3743
2884 2898
3430 3611
2844 3163
1863 3233
2710 3284
3571 3890
1617 3907
1627 4419
1384 2571
2676 3197
3623 4027
4194 4518
1876 4599
220 1878
553 4005
2119 4135
3191 4194
1619 2312
374 3365
507 3154
3296 4131
3260 3453
156 265
2596 4392
3791 4521
1694 4370
3577 3957
4449 4454
3416 3642
2865 3678
350 1466
4497 4551
3597 4390
1415 4110
1587 2211
4097 4526
3295 4064
464 3436
3702 4476
3755 4258
2105 3457
440 3991
3301 4318
1823 3774
523 1763
3432 3726
1845 4541
822 3713
286 1950
2 471
3970 4469
249 622
2619 3156
552 1785
792 2083
348 502
3951 4148
958 3038
3187 4424
3845 4283
2045 3971
2934 4001
3934 4259
982 2084
2424 3883
1663 3756
2622 2710
2866 3392
744 2949
4536 4595
31 3122
199 938
524 1484
1324 4494
824 2361
3375 4384
2556 3915
2651 3526
3846 4208
1322 2405
3434 4190
1181 4068
2245 2750
2557 2963
2558 3812
2734 3420
2063 3954
428 3225
2309 2672
3930 4064
3274 4377
3756 3847
2579 4446
1689 3740
234 265
2757 3406
2713 3589
2081 2328
831 1110
2431 2483
1803 4163
536 1027
902 2921
1404 2312
2260 4557
2738 3636
2021 2610
1447 3971
3421 4554
3133 4324
3673 3853
176 540
4572 4592
1088 1816
736 1959
1779 3966
2848 4131
3521 3901
442 881
2245 2959
1899 3891
3764 4203
4379 4542
2395 3527
1993 4498
3428 4174
3879 4586
2590 2839
3231 4448
2818 3809
2090 2685
1315 3015
3663 4480
918 3502
3118 4403
1645 4161
1078 1239
1806 1979
1132 4532
2797 3829
2639 3667
3286 3880
2819 3609
154 3523
3253 3531
1264 1909
3181 3491
1730 2811
3322 4224
809 3828
389 2123
2677 3143
3238 3549
4064 4272
2275 4272
3447 3825
4234 4590
4254 4333
1970 3668
2730 3160
6 4421
1724 2510
1140 4226
2812 3571
4069 4228
1892 3199
1338 1929
4378 4522
1155 2941
1677 4031
1079 1848
1849 2987
3430 4490
2251 2846
3715 3922
901 1943
2760 3109
742 3631
35 3071
2644 3057
1389 2008
4190 4406
3303 4518
3198 3633
589 2396
3225 3938
1652 3010
3539 4461
755 1105
94 2001
3834 4303
4571 4584
3440 4264
2056 3146
4463 4578
4406 4544
985 1257
438 4083
1056 4514
2367 3450
4597 4598
1211 2108
3156 4328
1965 2794
2897 2919
615 4186
2155 2807
2992 3406
2807 3050
1179 1463
1145 1869
4418 4531
3787 4202
2544 2759
3554 3606
4241 4496
3555 3632
3098 3195
4241 4462
3177 4278
3256 4445
3389 4366
4296 4430
1956 4174
3868 4161
4412 4453
3627 4232
22 589
2628 2772
2447 3315
1277 3400
1522 2757
2442 3751
1358 3978
1795 2470
4257 4470
2799 3582
4467 4490
1757 2807
2250 3526
756 1940
825 2867
2350 4019
1685 2789
995 3820
4256 4442
2942 4013
3622 4085
4250 4537
3042 3890
2015 4457
756 2440
1291 4439
1460 3714
738 1677
3677 3679
3403 3423
3731 4035
1684 1934
130 3310
1045 4090
3020 3922
2391 4302
524 3498
2060 2765
2534 4566
3360 4252
3345 3684
2956 3476
1033 3134
1858 2302
2506 3555
3069 3848
3321 3384
3282 4509
1929 3438
2054 2525
1715 2617
2639 3540
4058 4503
1979 2617
896 2631
4196 4394
3566 3604
2129 4342
4458 4540
3439 4407
3713 4154
3553 3992
4151 4307
4404 4537
3884 3888
190 2611
147 4294
3730 4297
4532 4553
839 1266
3743 4567
1000 2577
1254 2129
3764 4563
2040 3793
4283 4487
1649 3575
1165 3024
4412 4416
622 4131
3677 4567
1867 4065
3408 3534
4351 4568
2470 3167
3102 3968
2334 3751
2351 2467
892 2845
1077 2053
2654 3820
2980 4490
66 4558
1784 4588
3286 4335
186 576
3921 4142
60 911
2664 3860
1594 2861
2576 3991
1724 3653
4189 4545
563 4229
4533 4592
1114 2821
1598 2319
168 207
3449 4594
762 3284
239 4236
4254 4552
2898 4036
562 1021
2521 3979
747 3680
583 3706
3826 4166
2513 3046
1501 2491
961 4252
2008 3786
2092 3294
1060 1996
1428 3720
3641 3699
4000 4341
1374 1644
2837 4183
1850 3151
3477 4128
3836 3849
2325 4530
3365 4394
752 2524
2564 4068
3590 4377
3774 3879
4120 4241
4391 4499
4116 4519
1108 3614
713 766
1990 3161
3313 3765
3063 4449
2778 4392
129 2846
2926 4366
772 2858
957 2111
1530 3172
1528 4258
1990 2334
932 1664
2986 4307
3555 4395
3000 3510
1771 3710
3259 4013
1244 2443
784 2897
3976 4596
1234 3847
3955 4360
1784 3822
2886 3375
1149 3846
4515 4597
2225 2585
1675 3841
4526 4583
455 836
2556 4285
2956 3075
225 3994
2895 3595
1158 2756
1483 1816
3558 4149
1348 1377
859 1335
3687 4414
189 2468
303 700
2540 4001
3469 4467
1418 3601
453 4159
1300 4520
558 4291
743 2376
2961 4505
2984 3437
4578 4588
1977 4154
67 414
2005 2476
567 3724
197 3937
157 991
1349 1828
1833 4175
3970 4320
1070 4229
522 2877
2156 3323
2968 4303
4247 4586
3181 3749
4082 4379
1429 1449
3128 3312
3775 4570
806 2508
4189 4222
1832 3229
4531 4547
2150 2664
4139 4185
3802 4303
3677 4537
3117 4043
4188 4207
1994 2480
1986 4217
3058 3335
4116 4574
1218 4184
833 2211
2546 3592
3590 4214
2016 2899
4146 4435
4090 4452
4164 4554
3266 4590
2762 3077
2884 3831
3988 4254
2037 4437
4359 4428
3541 4047
1690 1735
3780 3908
1150 4079
4349 4494
2528 3327
2267 4459
1549 3664
4462 4563
919 3382
4488 4566
332 3886
1498 1784
3403 3606
4189 4265
4305 4398
4558 4576
373 1414
1568 1883
3573 4589
1343 2404
2783 2961
3628 4258
939 3331
4211 4277
4251 4571
4321 4330
4001 4209
4291 4311
4579 4592
1066 2289
4211 4555
146 3011
908 3396
855 3018
1358 4077
930 3986
73 4019
2927 4271
3909 4425
3089 4311
2563 2679
1720 4035
4120 4553
4082 4268
812 3268
3928 4044
3873 4231
3036 4040
2255 3816
887 4458
1713 4149
223 2136
207 835
750 3579
592 1499
2203 3554
3199 4198
2318 3592
2559 3809
4312 4328
1750 2708
2190 3970
2986 3740
1798 4249
633 2500
1029 2375
2746 3195
727 1357
4182 4579
2332 3050
4487 4577
2294 2951
88 4158
3013 3723
3247 3848
1430 3091
1096 4061
2693 3169
2494 3590
981 4036
3406 3775
3901 4336
355 3905
112 4097
932 2904
4252 4510
1392 4232
1696 4017
4558 4596
3897 4452
640 1529
3332 4069
1325 4571
2501 3186
4174 4508
1345 3611
3104 3420
60 180
3558 4414
2423 3228
2595 2615
4514 4516
3666 3670
3963 4052
3264 3456
1064 3570
1955 3302
1154 4397
2895 4272
643 1640
164 832
3142 3332
2208 2441
4435 4560
1567 3338
3211 3865
2940 4482
3606 3806
2794 3617
2041 3482
2852 4550
4172 4494
4068 4551
1129 3091
452 3018
2157 4207
3841 4184
372 2837
2540 3223
2736 2940
2692 3978
868 4591
4167 4181
2932 4566
2269 3555
1287 3949
300 1571
2835 4556
3895 4458
3464 3469
1746 2597
1301 3140
1663 2436
2974 4070
418 3798
1211 2132
2569 4327
1279 3360
4531 4534
259 2143
3396 4006
3220 4577
4069 4372
1028 2404
3099 3445
1619 2887
1351 3845
3051 3085
3412 3901
2990 3207
3770 4443
3336 3747
2075 3006
2538 2853
12 562
3084 3989
3574 4420
521 891
3496 3792
2478 3765
4169 4522
4207 4405
2266 4040
2203 3862
3346 4247
4034 4105
1261 2213
3909 4261
1721 3355
3321 3826
3287 4030
652 2448
963 2804
3191 3605
3359 3842
689 3597
3422 4544
2116 2877
3956 4350
2928 4157
1949 4347
750 2625
371 1649
476 4483
4332 4508
2513 3373
3595 3941
310 3966
1573 4313
1948 1962
374 3824
2154 4394
945 2466
668 2699
2624 4197
3107 4533
2832 2987
4344 4579
815 2704
891 2588
236 2415
1955 4115
1539 3866
1669 2625
4132 4358
140 2909
3585 3921
2765 4426
3877 4359
2165 3594
2772 4050
3176 4056
4413 4574
4159 4352
4437 4588
2075 2428
2294 4253
9 1494
2747 4469
2913 4495
1465 3004
148 866
4298 4348
3858 3961
1216 3689
3880 4191
3194 3684
1736 4570
522 3356
902 1192
2557 2791
1121 3221
3489 3927
3617 3793
3679 3871
2552 3053
2332 3840
1104 3517
4155 4536
867 3921
3384 4006
2073 2208
2590 2758
2441 3533
3231 3778
69 4386
213 3605
2327 3951
3333 4470
2444 3942
3850 4358
4282 4589
3241 3281
3269 3705
4088 4577
1131 1934
731 2471
3390 3861
2319 2495
3071 4413
1169 3573
697 1639
3068 4357
2819 3515
4407 4441
2034 4425
2293 4430
1484 2293
1554 4465
4325 4384
2261 4254
1788 2812
3741 4542
3915 4576
466 2618
1904 4584
284 378
3674 3794
2968 4093
1117 1410
1979 2631
514 2190
1176 4078
477 4341
4276 4297
2177 3591
2493 3975
4593 4599
3624 4528
2632 3478
4313 4390
3238 3736
3684 3730
3164 4402
4070 4106
3266 3854
90 4349
315 2754
4007 4163
4569 4588
1817 4591
4200 4235
1613 4157
25 2706
237 4205
500 2739
3517 3743
2413 2884
2344 3074
1030 2692
4505 4570
3913 4015
3753 4009
1943 2554
732 2827
2671 3440
1392 3173
2448 3638
954 2615
525 4380
1695 3634
3177 3981
2072 2334
3038 3444
43 1323
1503 3890
642 1333
151 2660
2859 3356
2318 3353
2898 3159
1922 3434
4416 4459
3894 4283
381 1294
2212 4338
3786 4053
2899 3986
1205 3545
1646 3415
589 3382
1547 3287
3943 3969
3309 4505
300 2061
443 2998
2751 2986
46 2202
3147 3452
1203 2623
1785 1913
2340 2597
2879 3945
652 2301
3406 3795
3979 4043
4550 4594
2996 4245
1953 3784
3313 3901
1049 4506
1467 4354
3821 4067
2165 3210
3680 4376
2398 3890
1013 3222
3008 4044
422 3105
2321 3253
2459 3166
941 2015
3341 4282
990 4489
2735 3699
1990 3490
4500 4514
2351 4402
1604 3315
909 4146
4229 4532
2794 2921
186 1808
2057 2321
3269 4534
3260 3334
352 1579
3913 4474
2079 2752
4243 4588
3166 3234
3542 4003
1312 2154
3810 3909
1364 1553
3995 4015
2347 4595
3469 3803
1694 4008
2988 3933
3108 4569
3310 4256
1421 3183
1378 3191
847 1175
1712 2673
3757 4150
2966 4421
2110 4074
2134 3786
993 2576
3704 4402
4434 4531
1169 3480
1165 4078
857 3577
3873 4003
3200 3924
2766 3940
3920 4232
4430 4483
1204 3016
1501 4415
2642 2710
1699 3013
3111 3484
647 3474
4012 4186
2384 2579
179 1317
4081 4409
1419 3985
1392 3733
3376 3560
3287 4457
3501 3893
1535 2525
2307 4410
3817 4313
1854 3483
3179 4528
323 2228
1571 2551
4432 4476
2530 3824
226 3708
840 4048
3459 4251
4120 4185
3887 4156
3392 4536
4300 4462
4244 4420
294 944
2988 4292
1128 4149
2705 3253
2831 3155
3972 4248
3141 3311
2901 3530
3330 4509
810 1268
4307 4439
62 3716
827 1751
756 1016
1887 3717
1328 2037
3549 3852
429 2835
2623 3528
379 4465
655 1210
1836 4575
355 2617
3380 4031
2292 3769
843 2241
4191 4196
1156 4540
2071 2423
322 3928
3918 4322
1687 3925
4354 4468
86 420
1203 3104
2408 3037
3935 3937
2955 4009
1597 2792
242 2078
2933 3570
3568 3772
2007 2295
1499 2062
1344 2528
955 3842
3768 4390
3153 4200
992 1504
3653 4135
2758 2864
947 4340
768 4007
627 2615
4100 4176
89 1185
1382 3404
4359 4548
2858 3851
3405 3969
1190 3002
363 4157
2301 4180
256 614
240 3284
2515 3739
2145 2713
2849 3460
4531 4559
4044 4209
3804 3911
3213 3267
2301 2433
3506 4548
2211 3033
283 2294
304 888
2819 4464
534 4587
1562 3584
3764 4312
545 980
4484 4551
4482 4544
2638 3412
960 1602
1302 2992
3194 3414
2363 3362
4010 4031
3097 4197
2191 3278
3335 4389
1612 3570
4513 4589
1769 2798
3078 4348
4160 4417
2773 3474
1646 2658
2405 3361
3335 4091
633 1948
3070 4330
1445 1978
391 2739
4465 4586
2406 3934
637 1871
3677 3752
220 3873
3176 4339
1663 3499
4288 4478
286 3798
1191 4251
2341 2833
2399 4437
993 1935
3764 3990
1926 3329
2975 3959
4173 4453
1612 1656
3130 3845
4518 4598
910 2988
672 992
378 1952
4203 4314
2948 3944
891 3007
1771 3806
4257 4592
3856 4462
457 1595
1059 1320
2327 4445
1608 3782
4578 4583
683 913
3154 4003
1099 4138
1170 2113
695 3571
1186 1665
3604 4132
2215 2299
3432 3595
3375 4234
4102 4324
3669 4466
1638 3116
1792 1876
3431 4473
3031 4400
1616 3835
4154 4453
2551 4430
1513 2574
2974 4137
1555 2267
3525 3782
844 2992
3668 4581
227 3111
4461 4559
470 3203
3805 3946
4391 4420
1650 2710
574 1220
2919 4371
2064 3994
524 2389
4418 4442
2024 3406
4463 4505
2813 4155
1157 2759
3767 4193
2114 3494
3611 4195
2754 4280
2645 4529
3603 4368
2963 3430
4258 4587
3788 4501
3364 3530
2631 2757
3545 3573
4436 4483
674 4078
4186 4531
1147 1987
849 3077
4040 4480
415 698
1300 3731
2423 2444
2507 3396
2260 2318
4587 4598
313 1282
1786 3906
2364 2905
118 1524
2228 4101
2332 2641
4489 4583
2891 3401
3201 4027
1185 3588
1126 3182
4456 4563
2984 3455
18 1344
4378 4535
3952 4034
219 1532
1370 3521
3193 4595
4341 4506
2912 3897
1477 2346
1453 3277
1629 2419
3462 4504
1278 1521
3060 3368
1437 2108
4511 4533
1900 3714
4381 4527
309 4025
785 2639
3086 4546
4366 4531
1977 2673
4370 4491
1955 2137
2265 4275
4425 4545
113 3221
156 3582
2512 3040
1045 2093
1984 4011
3452 3971
586 836
3894 4107
1466 4438
2393 3437
2077 4432
1856 2953
4451 4478
2495 3693
3840 4583
4595 4597
1819 2078
330 3475
4007 4239
3764 4046
2308 2844
2739 3212
3606 4459
4593 4596
839 1669
2974 4181
4509 4562
4578 4588
2518 2917
575 3082
2349 2511
2374 4162
609 1606
2088 2228
2196 3185
3737 4528
4123 4176
3743 4507
827 1868
4111 4274
1218 2859
2172 2935
2311 3393
2561 3591
1937 2800
56 2621
1765 3383
3924 4509
2205 4454
1530 4337
432 3604
1276 1859
2582 4163
2480 4577
268 4563
2810 4362
904 1730
3233 4312
4248 4496
877 3958
3520 3588
3968 4472
1933 3970
4350 4589
2334 2917
1234 3145
284 1303
1856 3693
2514 4455
4150 4180
3413 4405
1203 1775
1002 2164
2268 3615
1572 1644
2604 3646
4499 4574
136 3207
1607 1703
3091 3391
3953 4362
691 3174
3434 3552
1075 1137
1367 1574
1551 3779
4547 4592
1230 4203
1310 1430
3177 3388
4162 4171
2610 3477
2255 2817
3104 4272
2429 2819
732 916
2163 2394
1818 4532
168 3817
2649 3936
2812 3981
3057 4247
4006 4012
211 2947
4596 4599
101 1056
3092 3426
2623 3662
2577 3686
1082 1733
4309 4585
2757 2939
3129 3909
133 2857
450 3583
2406 3439
271 3326
4478 4535
1070 1102
1251 3783
1894 3893
3075 3712
3098 3760
3537 3632
4492 4552
4462 4579
1313 2776
1131 3164
346 1521
1495 3112
1562 2772
1722 3780
2460 4047
4309 4444
2068 4322
2234 3777
2270 2630
3754 4249
588 2093
2629 3748
2005 3522
1517 3505
129 4423
3055 4494
2300 4230
505 2005
3932 3953
2325 3690
544 3581
3227 4341
2089 2673
2706 4092
1493 3202
5 3594
2951 4379
2361 2392
4217 4328
435 3303
687 1952
4504 4509
3678 4575
2010 2779
765 1987
369 1579
2884 2910
3594 4063
4469 4521
1567 3095
1495 3762
3692 3760
3469 3554
3531 4390
2368 4334
1383 4282
2360 3659
1739 3758
356 1040
532 3411
33 2477
248 479
3933 4530
814 2533
2961 3036
3599 4498
1652 2428
3993 4324
2272 2831
1831 3952
2828 3577
724 1599
63 1088
3073 3537
1543 2248
3941 4297
2031 4157
1519 4259
3611 4563
284 346
2400 4533
3858 4283
1479 3241
2293 3281
3298 4302
3093 3149
3420 4039
3165 4447
2770 4393
1722 3718
3352 3976
1121 4429
2388 2459
3121 3969
4380 4580
182 2456
4494 4554
3481 4341
2593 3881
166 4167
1548 1570
4576 4579
1343 3661
804 2693
4562 4583
2952 3123
2212 4416
1042 2784
2954 4302
546 2744
596 2178
1711 1718
4516 4543
2336 3057
3972 4430
3031 4492
2090 4422
1557 2224
328 4133
1792 2047
1233 2199
1533 3651
3625 4533
3605 4320
3742 3955
867 2173
4189 4211
2302 2514
4286 4583
1108 1407
236 1040
175 2419
2349 2927
2930 4188
688 1429
3900 4004
1243 4029
1407 3105
3929 4448
933 3568
3459 3545
3134 3616
3413 3420
3319 4141
2711 3216
2648 2656
3109 3418
3139 4130
1837 2509
2123 4273
1373 1875
3185 3453
2049 2409
1774 2641
764 4490
2995 3709
4371 4408
651 3597
1476 2549
728 4455
1753 1842
1909 2616
1508 1701
248 2188
2472 4573
1427 2647
4044 4429
1891 4010
2586 2920
2526 2657
1963 2058
2122 4015
2766 4528
4374 4584
1309 2847
2637 4427
4184 4192
4190 4254
3900 4430
691 4373
547 3553
2853 4514
4291 4385
861 3443
2694 3766
3272 3811
3800 4299
2246 3830
1433 2022
1830 3308
3391 3512
2623 3294
3194 4522
1345 3957
2601 4049
1935 3249
1772 1779
2966 3684
2975 3528
2385 3405
1906 3486
3601 4264
1585 3964
2979 3052
1263 4340
1528 1992
1883 3655
923 1090
731 2120
1883 4143
3384 4516
2137 2453
1671 1807
669 1853
1117 1146
4179 4456
2424 4429
238 962
74 2878
269 1593
1505 3013
3128 4133
1860 2836
4407 4489
731 2704
4091 4119
3200 3755
2854 3167
2265 2642
2775 4236
2124 3003
781 1274
386 3120
1103 1482
186 2762
1687 3925
126 2803
644 2530
3824 4208
2833 3397
3476 4286
1773 3592
2433 4459
1716 2392
2594 3456
3734 4347
1591 3619
650 4162
152 3901
4074 4527
4352 4368
85 4459
814 3168
3668 4262
2541 3050
1075 4137
442 3197
3870 4594
3075 4226
1696 2138
2817 3794
1089 3558
1821 2410
2967 4104
4526 4592
1565 1671
1194 4250
4278 4497
4132 4356
798 1163
1314 3767
4197 4449
4471 4596
4484 4519
3790 4449
3872 4291
1409 4385
2760 4375
3291 3859
60 357
3125 3481
99 510
1178 2372
1509 4518
285 2386
2459 4030
1641 2377
1157 4481
2816 4130
3144 4278
4162 4386
546 3440
2343 4204
3228 3287
3876 3887
1331 3536
1506 2461
4056 4397
2867 2920
3531 4512
1801 2855
203 251
3261 3500
4552 4573
142 3517
1350 4483
2968 3688
3166 4396
710 2966
2715 4545
2182 4448
1883 3594
293 1731
29 3764
93 3311
4059 4247
73 1424
3525 4478
2590 2773
3332 4235
194 1603
2071 3387
3482 3617
1334 2538
3619 4220
1731 2338
301 2934
3563 3785
3565 4500
1944 2207
2941 3443
1879 3815
1050 1232
1790 3798
1979 3264
1023 3363
3987 4440
185 3500
1590 4110
10 915
4236 4587
3977 4084
4208 4538
2540 2611
4119 4544
1790 2171
4079 4174
1289 1510
3905 3986
2094 3198
4137 4526
683 4583
701 2805
3462 4348
2921 3863
2044 2258
166 3416
4388 4571
585 2929
1131 1542
6 4584
505 4345
2879 3665
1595 3995
66 4210
999 1500
2563 2717
4378 4551
1105 4325
3672 4304
1810 1914
2065 3965
1761 2310
2783 3705
3146 4575
1689 3997
446 2659
1111 3160
2473 4370
591 3862
1895 2741
2021 2525
3151 4229
3805 3901
2621 2726
1241 3498
2648 2785
1726 3329
3566 3806
2650 4237
944 4140
2601 3221
3517 4191
3957 4284
2235 3863
29 3713
2476 3109
4219 4436
1841 4036
794 870
1209 1493
4450 4515
324 1830
2681 4232
4476 4509
1482 3629
3337 3489
355 873
4178 4309
1429 3372
3147 3177
493 4454
4426 4547
3483 4477
1195 1280
1586 3943
6 4259
2141 3673
3778 4280
2948 4458
4257 4538
4328 4472
4047 4209
1037 2477
663 1026
2381 3890
1832 2543
2287 3255
3676 3737
3143 3239
2440 4102
1606 3086
1846 3533
215 4176
3698 4409
3778 3920
3360 4502
2451 3516
195 3096
969 4116
3035 3761
1401 2015
3080 3097
1912 3748
3044 3638
2506 3905
3222 3806
3791 3863
2540 3403
2021 3235
4311 4565
929 1440
3521 3784
3374 3989
1422 1612
4376 4535
3890 4317
655 1000
2793 3287
3750 4071
1758 4340
2474 4036
3457 3933
1984 2063
1534 2412
1101 1735
899 2473
3413 4154
2044 4563
882 1064
3447 4290
4570 4572
808 2600
1289 3535
1060 2055
2335 2480
820 3496
2739 3844
3671 3893
3344 4331
2264 4313
880 1682
282 4283
292 2291
3814 4430
4026 4155
4460 4579
1751 1799
1366 1700
269 2600
2031 2790
665 4422
3885 3948
2981 3879
1228 4500
1585 2853
4441 4531
4469 4561
106 642
343 2543
1703 2351
2197 3209
3770 3787
3147 3179
3149 3749
3772 3926
953 1958
1832 3600
2779 3043
1108 1860
3057 4424
2030 3766
1565 1913
1662 2750
601 2922
1108 4586
3024 4541
1293 3110
2893 3441
982 4327
435 2821
2175 2961
3569 3856
768 3368
3953 4045
1104 2142
1482 1925
3104 3393
3845 4374
2788 3990
4328 4576
2495 3537
3812 4039
1111 4274
4292 4539
2352 2968
4126 4275
3436 3840
3495 3876
2480 2625
2353 3856
1675 3698
752 1726
1454 2050
4554 4579
2784 4483
533 2383
1926 3751
113 719
4028 4096
2338 3824
4161 4193
2969 4258
2472 2805
3750 4056
1171 2028
1250 4484
2120 3385
2223 2890
1673 2778
4132 4300
750 2442
147 3889
4439 4531
2144 2703
552 3641
960 1725
1129 1451
3565 4190
3905 4102
3880 4450
4097 4461
4077 4541
1796 4032
290 1059
63 3858
1572 2894
1465 2686
1790 4372
3127 3519
1085 4418
2690 3444
664 4312
3686 4529
3331 4028
2797 3593
3641 3829
3087 3604
1618 1670
1856 1927
778 3731
2456 4357
3318 3760
228 3636
1814 3081
1541 2528
4430 4472
2444 3176
1318 2647
3137 3833
1434 4183
2800 3317
3033 4407
2594 2846
3791 4362
2886 4037
2652 3237
994 2029
882 1558
4288 4441
4331 4522
3851 4082
1702 3685
2119 2691
3626 3974
3909 3949
1028 4502
4077 4352
3940 4517
3012 3912
1831 2287
2510 3379
1184 4023
3788 3857
3772 4379
4098 4198
686 2928
4148 4535
2446 2635
2115 4167
2792 3382
2063 3566
4335 4543
2188 2328
4112 4592
1155 2838
3218 3649
1254 4473
3452 3870
2989 3925
1468 3931
2869 4185
2957 4364
2266 3240
4596 4598
3599 4157
1727 3988
1286 3470
2192 2882
3618 3996
3513 3641
4352 4571
3626 3670
335 1649
326 922
476 3989
1413 3616
691 1629
53 977
1230 3189
3361 4012
2585 4296
1768 2417
2167 3036
4007 4219
2237 3701
1870 1913
3919 4583
433 2864
3392 4152
3536 4301
2567 2751
3808 4195
2739 3723
1029 1498
2188 2698
3634 4178
2346 4193
3177 3181
2936 3764
4277 4487
2588 2728
2561 3482
1497 2751
1598 4479
2099 4269
2434 2750
1791 3894
2978 3383
3905 4135
2441 3726
3094 4438
2350 3626
1856 4306
2557 4577
2087 3686
4443 4444
954 2381
69 3869
2082 3305
786 4383
1501 1716
66 3943
822 2865
1004 3896
1673 3178
1526 2019
3220 4461
4552 4563
1268 2508
44 1986
3270 4440
4085 4451
4185 4249
660 4114
575 3225
753 2587
3075 4344
3718 4375
4513 4592
1495 4446
1805 2065
3557 4451
491 1208
4237 4306
4111 4404
1400 4247
2666 2972
4341 4416
4158 4237
331 3905
3433 3923
2265 3831
3086 3969
1211 2372
1490 3420
1839 4303
105 1124
2877 3204
115 1353
2638 2949
3918 4476
3298 4418
3054 3808
4376 4432
1207 1289
4452 4561
2 826
2464 2883
3856 4397
2765 3517
3810 4409
1807 3967
392 1260
4093 4256
1228 2967
2788 2977
1328 1728
1107 4369
1891 2412
1735 4169
1716 3992
4251 4366
1575 2715
3901 3933
1376 3222
3938 4535
2451 2626
4590 4591
3526 4073
3736 4545
3600 4449
847 4250
2606 3458
1274 2081
2346 2992
4146 4423
1748 1953
2184 2479
530 4498
3121 3898
1784 3760
482 2824
3578 3668
3021 3429
1882 2475
147 2064
414 1259
2288 3768
931 1376
4185 4491
786 988
2528 4212
10 3715
3762 4318
4380 4398
4431 4596
2405 3372
2021 3109
4499 4568
3630 4376
2221 2755
904 1884
2446 3097
2365 3520
1031 4253
1826 4458
2678 3127
4160 4338
1463 2113
3670 3993
3115 4027
2441 2784
77 667
357 2705
2817 2860
3697 3940
838 3539
1571 2542
4350 4378
2507 4245
152 2676
4560 4563
862 1136
3203 4139
2265 4203
1133 3092
3279 4043
3011 3118
1972 2834
1698 2758
2769 4369
101 3833
755 3718
1794 3700
3758 4088
2061 2680
3463 4382
1072 2015
1643 1905
747 2401
1141 4424
4550 4576
1073 2194
3768 4216
188 2894
3162 3327
3883 4281
175 746
311 1338
3063 4291
1854 4217
3967 4199
3546 3589
1612 2226
1748 2158
871 1001
3727 4392
4438 4517
645 1590
3984 4576
2586 2851
2595 3452
1765 2858
2414 3956
222 2890
4452 4536
4176 4323
3552 4211
1522 2999
2046 3139
607 4576
1615 3818
2900 3618
168 2541
2017 3848
4487 4581
4399 4596
4265 4312
3972 4597
3909 4384
1870 1903
2004 2717
3889 4369
1455 4243
3463 3556
1599 4044
1871 2524
2926 3701
2097 4024
1062 2798
565 2232
2292 4390
3726 4234
3679 3845
1682 3409
1061 2207
3233 4358
3345 4484
3079 4227
1104 3771
2241 3171
2775 4351
811 3196
744 843
3831 4195
492 3994
3132 4162
1863 2091
3505 3831
1049 2737
1429 3089
56 1444
3851 3927
1677 2983
1159 4278
2734 4415
2086 2408
3596 3958
1626 3214
4107 4421
3988 4052
670 2134
1516 3906
533 2530
3908 4320
2503 2934
4592 4595
3389 3510
832 2165
1648 4362
1444 1497
2657 4162
2549 4458
1202 2081
3965 4321
1312 1706
3907 4033
518 2631
4414 4471
4507 4511
895 3708
937 2504
1385 4146
1531 4559
2086 3684
2589 3501
4246 4303
4591 4598
173 3743
2999 4137
3981 4545
1116 2127
2669 3546
1601 3835
1868 3277
4066 4280
3230 3575
1237 1903
1419 2336
2885 3545
3426 4569
1579 3392
177 817
2601 2984
3611 4222
156 3064
2243 2786
870 2785
4150 4239
2301 3725
1835 4001
2928 4587
1315 2207
1285 1398
1736 3881
1484 2200
4470 4520
1591 4485
124 1177
3855 3920
2205 2752
3986 4123
901 4269
2377 3570
255 1800
1133 3604
1831 2078
204 1254
2355 4460
4400 4586
613 998
1514 4066
2192 2498
4543 4584
4075 4285
3868 4348
2630 3223
990 1474
1370 3569
2982 3958
1396 2458
3828 3839
2097 3849
3932 4060
2680 4203
929 1190
2872 3209
3863 4540
145 2775
1094 1854
1567 3229
3708 4428
3616 4577
3113 4181
2056 3064
321 1460
2483 3246
2196 4282
260 4055
2400 2890
1531 4291
3838 4477
1688 4575
60 1815
75 1249
1970 2708
2840 3368
3279 4382
4098 4127
1864 3782
4361 4537
317 625
3777 3821
2156 2642
3074 3086
1237 1990
2161 3472
559 3220
197 718
2404 4075
1011 2897
932 1815
574 2423
2634 4236
2486 3273
1269 1609
186 1937
3068 3306
1452 1772
3733 4017
3717 4379
909 1862
2090 4291
3112 4149
543 4404
4153 4182
2735 4331
3988 4292
4146 4257
492 4258
1899 3086
1669 1917
4074 4384
3752 4135
4428 4479
2613 3286
304 2267
3766 3981
426 3674
2980 3322
1112 3939
1059 2740
2791 3146
604 2469
4479 4565
3817 4024
2217 2412
2584 3854
3475 4252
1611 4082
1510 1996
1302 2990
4383 4477
3310 4538
3959 4558
398 4084
3884 4048
3755 4180
3624 4401
3741 3885
776 3084
3825 3900
3415 3480
1392 2913
4241 4534
381 3241
2796 3411
3613 3733
3285 3501
3604 4373
1472 4007
198 941
1660 3786
1112 3485
2038 2567
3287 3713
90 144
3597 3867
1741 3291
1876 3910
1420 3650
1998 3190
3222 3354
2948 2973
394 2242
1481 3225
477 980
1158 4506
705 1230
248 2156
4033 4462
4559 4580
1755 3142
761 1696
4377 4381
4372 4490
4329 4393
2529 3440
2703 3168
2342 3233
2091 4087
3358 3446
2572 3039
3356 4481
4009 4593
1698 3100
532 1900
1188 4479
67 3339
362 2189
2723 3174
2459 3697
3309 3915
206 3340
2450 2954
3289 3967
846 2722
1985 4440
1988 2481
2550 4309
4373 4567
3234 3976
690 703
2597 2661
4589 4596
1637 2861
253 3671
357 4586
1103 2380
3243 4487
1535 3372
907 3873
3569 4358
3015 3814
3373 4122
2725 4170
3370 3383
3233 4494
2523 3097
3196 4429
3978 4352
314 1927
848 2625
3088 4568
0 2584
1030 4063
3565 4152
2910 3470
1076 3926
1746 4353
2562 3270
423 3663
2620 4252
1934 3910
3863 4004
277 3337
746 2192
454 2093
403 4363
3627 4206
1149 4060
3817 3980
594 1732
3909 3980
2052 2494
4227 4523
4396 4472
4334 4352
1821 3252
815 3083
3679 4097
3209 4257
1198 3570
2442 2733
710 4121
888 3460
3473 3475
3660 4096
1215 3592
338 723
531 981
970 3602
504 1985
383 569
1718 3686
4453 4518
311 1395
2227 4404
129 888
670 1493
2173 3986
2191 2541
1528 3550
1985 2981
822 2248
3677 3688
1257 1954
3427 3789
968 2732
3098 3575
3916 4559
4547 4564
48 433
2249 4102
2029 4162
1194 2583
4010 4138
2953 3129
3939 4081
671 3268
3090 4585
3322 4400
3561 3793
879 3524
1931 3222
4315 4542
2552 2882
3939 4169
3653 4069
3065 3111
3291 4578
2092 3534
4116 4227
16 140
1648 3299
4137 4393
1015 1841
765 1000
300 3555
2654 4112
3070 3376
3717 4432
3563 4248
2681 2818
3227 3460
863 3304
4311 4420
981 3658
378 720
1031 2566
3285 4063
891 2639
553 1766
756 4017
4583 4594
3775 4285
3844 4030
1536 3776
3764 3808
3689 4417
3015 3557
802 3068
3422 3525
15 4506
4447 4598
2078 4421
3973 4449
1795 2948
1664 3829
4062 4503
294 2489
1157 3149
2175 4340
4085 4532
400 1441
1991 4234
101 1455
1190 1610
1471 4588
100 1962
619 2917
4175 4251
852 3967
295 983
2112 3335
185 480
2178 2914
638 1660
2952 4035
3828 3912
463 4467
4216 4512
3129 4377
3521 4155
4038 4384
1357 1876
104 3328
1328 2108
812 956
1588 2142
3669 4135
2205 2416
4230 4347
3706 3852
937 2520
731 2788
2124 4597
3637 4436
283 2097
1442 3347
376 602
563 3680
1451 4167
3158 4152
3815 4411
778 3784
1537 2107
1674 2194
563 4531
1300 3626
1668 3095
3896 4323
2671 3376
1701 3538
3661 3713
892 3001
2080 2128
4325 4458
3533 4424
1044 4185
539 1992
3372 3667
2485 3805
3002 3489
2948 3645
1920 2741
3393 3409
1908 3247
981 3307
59 2831
3534 3647
3654 3831
3724 4154
142 977
3882 4566
3623 4542
2255 3278
3537 4013
2059 2554
3045 3737
3349 3540
1563 1941
2635 3556
2273 2354
4361 4379
1716 4052
0 3555
957 1842
2078 3270
3269 3943
3445 3820
4452 4476
658 2192
1104 3022
2713 4332
1895 4137
2259 3297
41 3063
4331 4441
3931 4144
30 296
503 2420
141 315
1479 4407
808 1949
3847 3998
2013 3557
775 782
4045 4230
4353 4590
2381 3428
4575 4597
1581 3109
2236 3042
4007 4311
2504 4142
2403 3515
790 4348
3911 4183
3150 3938
2193 4512
609 859
1503 3369
1653 2494
2737 2826
3719 3987
2978 4572
3348 3413
218 2934
2797 3462
975 4221
1182 2361
2062 2734
1822 1883
2796 4220
2235 2421
4157 4435
1102 2564
1925 4085
1250 3408
787 1823
690 758
2559 2717
1371 3771
2345 3252
179 841
2100 3008
1763 3796
4475 4590
3223 3225
1995 2085
959 2446
267 1173
2425 4306
1182 2080
1278 1429
3372 4528
1441 3091
3402 4249
1163 1708
1379 2925
1875 3651
256 912
3328 4257
2015 2808
3732 4177
2916 3148
2418 2796
855 1969
3736 4444
777 4402
2905 4569
1630 3348
3440 4128
3730 4435
3370 3844
493 1951
3245 4580
2128 2503
2490 2753
1522 2919
564 1279
3865 4522
856 2319
341 3479
1853 3826
2127 4002
534 1683
423 1054
3980 4578
3782 4308
377 2549
2342 3503
1076 4062
3834 3975
3433 3487
2990 4505
2106 4144
3606 4053
619 2714
4054 4255
3825 4079
2604 2679
2393 2565
1718 2670
3130 3541
3287 4098
2210 3272
2010 3437
3006 3344
1803 4432
3943 3953
3185 3471
2731 2981
2116 3840
2464 4239
3831 4422
1188 2032
2164 3264
3993 4387
3880 4155
3170 3851
1358 1579
2102 3934
1329 1754
3863 4420
1636 4410
3877 4275
3560 4477
4294 4553
3646 4018
3147 3535
768 2905
411 3226
3524 3888
3622 4146
2855 3572
4016 4209
3308 3654
4521 4582
1412 2418
1400 2022
563 1945
541 4097
2141 2452
168 945
3754 4224
2191 3519
2322 2965
2400 3827
3516 4153
3479 3830
4379 4503
2620 4574
1711 3628
484 1668
2196 2996
3239 3850
363 429
4365 4381
3081 3761
1943 3925
1204 1601
3676 4343
1743 2872
3829 4182
1999 2492
4272 4574
714 3409
2723 3009
621 1767
2314 3882
4180 4438
4369 4559
1646 4516
2089 3938
2419 3003
2076 2626
304 2161
4078 4212
3879 3929
705 2641
2522 3793
3406 4239
4401 4516
693 3222
3813 4497
2688 4108
4545 4592
3424 4393
1574 1664
2774 4178
279 618
1624 2571
1897 3144
3308 3932
4118 4281
2133 3037
2372 3344
3326 4243
972 4391
1855 3988
2354 3452
1751 2866
494 1892
4175 4470
2411 3868
1433 2961
2060 4089
3678 3714
745 3416
2945 3557
912 4220
4185 4260
2973 4050
3747 4208
1659 4354
244 1529
3232 3500
3505 4527
619 2310
177 3146
4249 4478
4213 4295
507 2306
4332 4469
3605 4292
1364 3399
2991 4325
1722 1907
3638 4192
302 4249
1414 4588
2797 3765
1696 3777
644 1552
382 2337
1989 3775
3964 4039
4392 4595
4552 4596
2529 2655
2693 3593
3369 4379
2592 3389
3287 4052
2307 3379
865 1067
402 4222
871 2854
687 2023
2679 3484
3707 4206
2402 4262
1203 2653
1391 3385
29 2583
2843 3874
2449 3852
4162 4553
1589 4283
446 457
1043 1093
270 1882
384 3839
135 2956
2718 3188
339 1700
1496 1502
59 2797
2553 3829
3518 4077
553 3332
3508 3945
2850 3388
1461 3551
4222 4418
1721 1975
3864 4493
1176 1821
1332 1884
390 2371
718 1449
2006 3983
1574 1813
1184 3336
4137 4394
996 4371
3118 4086
2677 3888
4262 4442
2655 3494
2926 2969
4582 4599
2373 3650
1803 3062
3969 4497
3994 4503
1668 2711
678 841
1621 1671
2809 4135
1854 3142
4504 4530
3827 3974
4014 4193
3466 3932
2188 4014
3347 4307
2852 3894
3159 4565
4515 4559
4359 4572
1387 4122
1204 1336
3332 4557
2324 4531
3258 3830
1753 4042
2550 4067
98 3553
2569 3517
3333 4339
1551 3481
1497 1898
585 4558
4480 4528
3068 4311
3183 4587
4201 4591
1081 4562
1029 1901
2311 2589
4337 4346
3720 4283
453 1605
2289 2582
1038 3919
1734 3502
78 445
2248 2469
1719 3176
3654 4496
473 4122
459 3520
1557 3498
298 3230
3996 4546
2127 3867
976 4389
3700 4384
3883 4242
746 1328
2565 2852
2723 4103
2624 2653
2612 2944
1594 1920
442 3931
2502 2944
1206 2459
462 2615
2362 2838
2507 4319
1920 3707
3384 3943
1564 4032
1803 2840
1051 3875
3887 4004
3511 4453
778 3611
3717 4150
2108 4599
4541 4552
853 3533
4108 4397
2188 2532
812 4538
4099 4297
835 3098
671 1238
3797 4504
465 1391
1768 2050
3542 3562
115 422
4157 4211
4385 4587
281 4499
4159 4597
3391 4136
1707 2401
1230 4297
418 3177
4339 4340
3340 3699
2541 3844
1367 1992
4489 4555
128 1864
1371 1791
3008 4218
1689 1735
258 2447
4481 4538
1784 2797
145 1194
1236 3290
590 3840
1708 3663
4037 4321
2976 3207
1900 3106
4070 4239
1440 3568
3180 3709
2007 2696
3460 4574
3153 4215
3196 4069
2644 4164
1688 4339
3836 4242
366 4456
631 844
3334 4470
2556 3601
1496 2001
1307 4515
3201 4577
539 1717
1196 3914
1183 3160
4062 4262
657 4035
973 4599
1559 1786
4426 4527
3021 3272
1989 3619
2675 4469
4568 4582
1917 2756
3837 4583
3743 4455
899 2877
2016 2148
3447 3660
177 3230
521 675
4044 4078
4358 4483
2769 4565
3497 3526
2272 2489
3307 3914
2992 3418
4078 4271
2671 4346
638 3834
4418 4556
3910 4143
1780 2521
1031 1065
2199 3235
1476 3734
2843 4452
289 2723
4122 4590
4522 4546
4577 4582
2558 2765
3100 4455
1561 3734
3954 4029
16 1311
3522 3887
4529 4550
1584 2956
4143 4405
4018 4247
3183 4474
3446 4083
4077 4269
313 3539
468 3968
1874 2042
297 1749
3859 4389
1117 4253
483 1902
3495 4336
2188 3113
4149 4369
2505 3105
1938 3487
1580 3396
3797 3846
1744 2615
889 1909
2316 2509
3144 3934
4099 4217
4239 4380
3516 3620
1244 4598
2563 4232
581 734
6 2722
4302 4422
460 1710
1435 1779
2637 2954
116 4525
4542 4546
3642 4080
2784 3766
2723 3811
4220 4268
493 2913
2669 3209
1809 2739
3016 4577
3484 4415
4344 4496
785 1076
3688 3977
1666 1923
1355 2557
2374 3566
2807 3307
2772 3262
1150 1665
3809 4483
3775 3844
774 1549
3854 3978
2804 2958
2916 3158
903 3070
2843 3044
1325 3360
1267 2642
1015 4285
1031 2425
3026 3716
3343 4230
651 845
4298 4516
870 1138
2991 4564
3563 3968
1230 2598
691 3431
4074 4491
956 2105
2480 2725
1770 1863
3165 4381
600 2956
3240 4528
240 1544
1074 2732
4273 4473
708 1640
4213 4525
4420 4555
2505 3993
244 781
3967 3976
107 1084
3953 4092
47 300
354 4560
3163 4064
886 1190
4577 4593
4556 4573
562 1854
3135 4050
2586 3479
150 2502
1128 2835
1297 3293
82 4283
626 2109
4252 4283
3526 4013
3961 4277
506 4570
3107 3887
1527 2306
4075 4545
645 2031
1127 1219
2832 4204
3115 4394
3524 4473
242 1403
1228 4470
2804 2906
1752 1791
2184 4222
810 2674
3720 4061
3161 4098
2573 2659
2204 3852
1701 2045
4063 4135
2602 4156
4469 4519
1825 4294
4185 4414
1017 1061
247 4514
1931 2040
2944 4028
3374 4322
3583 4234
1488 4263
3002 3167
2146 3196
3530 4218
2789 4074
1662 2460
3866 4059
2123 3946
3884 4546
226 2912
74 4142
30 4539
874 1698
1464 2913
3650 4472
3241 3515
78 3077
3365 4393
281 1586
1761 1784
607 2308
1234 2706
3897 4576
4176 4540
2555 4517
4209 4330
1163 4557
425 739
4064 4323
4086 4497
4049 4359
4136 4283
325 3813
3323 3479
2342 3263
3695 3907
1945 2292
597 777
1511 1530
680 3797
972 3283
3935 4382
76 2593
47 1219
2287 3403
1564 3289
376 1709
3159 4060
846 3533
846 1754
1660 4501
3907 4161
4109 4409
2530 2778
1625 4077
4186 4507
3428 4275
3557 4471
97 4370
4066 4214
4295 4490
3495 4424
3176 4305
2860 3050
1154 3008
468 1645
372 1208
1857 4414
555 1582
314 2912
1681 4123
387 2666
4016 4219
1703 2566
2027 4074
203 522
109 3166
1150 3163
3411 4506
4266 4396
980 3268
1684 1895
2274 4451
1172 1545
4045 4156
934 1401
4135 4524
3695 4048
402 4436
4531 4570
2901 3575
2012 3138
491 2335
2915 3172
598 1447
3783 3813
3374 4385
2488 4033
3629 4073
1225 4116
1150 2015
2935 4373
2923 4496
356 4506
3508 4153
3963 4484
323 1931
2863 3406
1209 2105
4307 4425
797 2365
1413 1579
376 2643
2321 4005
2414 3481
3656 4264
1587 3478
288 1216
2757 3608
1533 3761
3788 4449
46 2085
2044 3087
2965 4292
1195 1497
4587 4594
2326 3802
1266 4043
1682 4382
4494 4538
4521 4590
2427 4182
2525 2588
281 3310
3477 4066
3330 3479
512 524
127 1238
1204 2371
3293 3706
1115 4303
3942 4590
2059 2776
4560 4596
1480 3534
348 3150
3404 3944
2760 2946
4172 4271
4312 4577
4160 4207
2161 3310
156 3230
375 2868
2807 3228
3987 4426
1076 3294
1275 4495
87 1213
3974 4334
1081 1155
3478 4596
2243 2474
3053 4157
271 3649
1855 2666
3902 4570
3881 4213
2351 4371
4029 4041
626 688
4589 4596
1878 3582
2591 3359
3543 4361
815 4420
1320 2698
3172 3545
2804 3141
1080 2392
901 4075
1487 3281
1804 2165
2878 4500
1499 3985
1877 4453
1605 3964
4439 4514
244 3564
3131 4138
1636 3240
1970 3220
4341 4526
1401 3306
1590 3847
972 2146
1007 1177
3362 4085
3554 4172
3083 4092
2819 3587
824 2812
2411 4103
4043 4405
4391 4471
351 4134
3799 4310
307 3988
3983 4524
3520 4046
1860 3754
4236 4248
1797 3087
137 2464
4059 4227
749 1483
1607 1873
2892 4215
2138 2664
3007 3482
185 4387
4229 4251
2621 3968
2400 2655
4512 4562
3703 4191
12 2340
1991 3747
2865 3615
1255 2281
3281 3921
3820 4552
2369 4010
126 3429
786 2918
3977 4340
595 3093
3827 4083
4208 4263
2331 3964
364 3550
4419 4552
4368 4481
4269 4467
2063 3523
2611 3111
121 608
3742 4072
728 1067
1708 3945
3995 4573
4523 4527
1591 2965
3749 3807
3598 3665
2835 3557
4071 4251
3919 4321
3747 3758
3273 3924
1593 3817
707 1798
3842 4143
3974 4238
2622 4368
2809 4182
48 2002
2206 4194
4105 4187
1921 3415
2876 3279
1906 4505
4146 4411
3966 4573
3645 3654
149 3904
3879 4586
3924 4506
2427 3461
4104 4107
1676 3971
4198 4584
2490 3286
2257 3694
1221 1427
2190 4576
2947 3301
2314 3436
2774 4512
3106 4343
2589 4485
3077 3621
4321 4566
3637 4132
3069 3804
429 2313
4069 4482
3050 4593
621 1426
3371 4003
2675 3951
295 3330
1366 4374
829 1156
858 2557
3427 3993
3311 3445
2506 2968
2147 4206
3954 4476
4317 4343
3215 3483
1371 1455
4470 4575
1192 1875
4505 4534
2169 2602
3655 3791
459 1636
3355 3920
483 1030
3294 4166
3485 3965
3503 4554
2389 3099
4256 4314
2407 2484
2735 3492
2660 4395
1629 3469
394 2165
2294 3301
3552 4248
1679 3292
1688 2953
3536 4067
2320 2972
1705 2995
304 2939
2621 3976
1757 2220
3430 3528
3691 4329
271 3465
1243 4078
3208 3227
54 1957
3153 4557
2462 4181
4376 4448
519 651
3089 3417
3483 4158
1261 2828
1204 1587
2920 4508
416 1466
732 4322
4576 4578
1835 3537
3819 4312
3872 4073
1695 4372
841 1760
2834 3929
2609 4466
2320 4060
1637 3099
238 3774
3939 3996
422 1484
656 4538
1685 1725
2252 3179
2989 4543
3850 4554
283 4414
36 3136
2837 3112
334 806
4247 4450
3691 4055
1970 3577
4407 4438
659 3820
2891 4575
1084 3089
1797 4430
416 2776
1440 4343
3369 3669
1619 4000
135 1437
3849 4145
2924 4311
544 3421
3729 4592
4424 4493
301 1532
1890 3259
4334 4508
4265 4302
400 838
2734 2981
2123 4112
300 4248
3175 4308
4275 4357
1347 3088
722 1764
1144 3111
1933 3172
4043 4219
1265 3341
3237 3297
2559 4205
3512 4332
212 980
4146 4184
2246 4504
1761 4221
3362 4124
3093 3284
3960 4209
2260 4368
211 4241
427 2503
571 4471
214 4324
2743 4271
977 2836
4063 4403
29 891
1525 3308
2375 3091
95 1735
2878 3810
1144 2262
3794 4019
2073 4448
692 1638
268 2296
1750 3203
334 3979
275 4322
384 2165
2468 3997
3412 3453
2998 3742
1488 2216
3752 4208
4584 4588
1606 2930
3004 3050
3401 4427
967 2542
2306 2439
3882 4593
30 4092
476 3877
4565 4567
4136 4395
2346 4042
1957 2373
3901 4384
2941 3393
2647 3919
454 3268
227 935
701 4359
2050 4579
4268 4553
1390 3927
1833 3862
3518 4249
2203 3001
4582 4591
3659 4249
1151 3522
1364 2633
4452 4475
134 164
3852 4369
4501 4580
1972 4226
1313 3266
841 1381
4498 4555
1075 1954
3241 3527
595 3864
3417 3846
1765 4087
1307 1518
4154 4308
3590 4309
3040 4036
1663 4563
2045 3626
471 2262
2199 3692
4245 4273
985 2517
1309 3264
781 4395
3484 4510
1237 2189
2972 3566
2280 3511
2021 4403
4175 4391
689 1362
1166 1172
718 3257
1913 4375
1772 2833
3628 3815
1876 4195
2221 4368
2556 3813
1706 3618
2064 2910
2892 3942
1440 2494
1113 1604
468 2811
3523 4113
3554 4004
1233 4265
4234 4569
2810 3860
2810 2919
3519 3672
2202 3059
3025 3834
3682 4069
1948 3209
233 3883
3854 3959
1899 3325
966 3335
4133 4473
2542 4322
2139 2690
2771 3329
4184 4550
1059 2371
943 2032
2899 3961
958 3631
3232 4092
2672 3561
3640 3736
9 1238
4434 4504
620 3873
3492 3814
3206 3608
2113 3876
2836 2877
4387 4411
2171 4134
1213 1327
3484 4326
3402 4043
595 1281
4291 4593
4539 4559
4112 4548
1904 3226
2595 4476
2643 4000
2269 2390
1879 3422
519 3792
221 1847
2138 2182
1734 3419
115 2240
3297 4451
3873 3908
7 1613
3319 4279
1591 2818
2946 3974
1892 2359
3828 4380
3395 4292
2745 3585
1593 1695
2101 4108
506 3749
1246 3215
1941 4552
3195 4502
4244 4446
2411 3432
3810 4448
435 2686
1001 2533
2976 3692
4052 4493
1491 3461
2235 3888
1366 3663
1292 2173
4460 4562
1063 3441
2248 3126
365 4337
66 1251
4456 4535
43 810
360 3407
3209 3440
3582 4396
1593 2550
2839 4093
2145 2636
2018 2320
3610 3798
4099 4222
625 1087
2257 2676
1488 1633
73 4484
2245 3199
3011 4367
1933 4406
4297 4490
4441 4489
2275 3736
3029 3707
3317 3821
1807 4494
3368 4280
4221 4396
1908 3711
1445 2297
3802 4304
2995 3568
1441 3939
3952 4253
3661 3833
676 2336
3457 4479
4473 4586
2409 2922
3106 3281
2090 3520
158 3016
4223 4572
3187 3660
3043 3614
2656 4201
377 508
4155 4317
1987 2254
3170 4580
1164 4400
530 2677
1051 1394
2380 3902
2884 3162
1010 4593
3483 4423
1885 2418
2861 4529
4040 4355
29 765
205 698
3576 4264
971 2836
2163 2453
2269 3440
4465 4542
3326 3568
882 2508
943 3328
2153 3164
3079 4547
3027 3701
3808 4189
157 261
2191 3573
4019 4476
3721 4569
1764 4228
1469 2810
54 2837
1047 1261
3679 4161
4124 4355
2604 2614
1469 2373
1487 3308
867 2842
4318 4395
3060 3654
2015 4503
2742 2827
3361 3659
497 1188
1590 2740
338 2723
4391 4591
3545 4000
4109 4226
2307 3468
227 2459
2209 3747
267 1264
574 2294
3476 3636
1538 3317
340 782
2301 4546
3198 4307
1129 1482
646 2006
4109 4535
4283 4372
4487 4599
1905 3463
2870 2975
2607 3410
2992 4415
4368 4454
168 1841
3097 4508
2385 3511
2619 3561
2152 3635
2583 3729
1464 4142
2998 3463
3344 3687
1236 3542
848 4558
319 1052
1525 4094
259 2928
3115 3502
1711 3441
919 2720
3862 4168
2883 3549
1085 3840
4546 4593
2886 3909
4356 4413
1055 2285
974 3698
1915 1954
4317 4344
3813 4161
3408 3999
146 2935
4011 4109
2789 4134
1540 1844
3788 3801
3655 4004
1997 3793
2401 3075
2878 3425
4148 4184
4484 4545
3878 4333
3206 4045
3867 4504
2174 4321
1605 4050
1910 4535
2155 3089
1505 3129
13 3424
593 1324
68 831
394 1686
3714 4496
3118 4529
3372 3947
1261 4486
3356 3917
3988 4014
2949 4137
2478 3998
3649 4144
2982 4011
2989 4041
984 3886
4178 4508
2259 3723
2871 3267
1308 4465
3971 4098
601 1869
372 2106
835 918
3492 4537
2446 4045
895 4087
2623 3739
1873 3219
3489 4187
72 1079
4542 4562
1430 4114
1910 3341
3514 3550
3266 4461
4053 4154
2922 2943
944 1499
2957 4581
182 1518
836 1135
3108 4182
2799 3596
2531 4336
1806 2258
1421 3716
2783 3979
4583 4587
2144 2191
4507 4590
3679 4483
2000 3142
2519 4069
904 4527
3638 4359
3453 4110
3843 4284
32 96
2644 3273
1353 1558
2983 3530
4530 4588
4472 4484
2804 3038
4385 4581
769 2515
869 3983
2395 4311
4202 4230
2445 3728
3379 4591
2686 4244
966 2929
343 1538
1125 3649
3487 3711
2157 4369
1344 1921
726 2076
2367 2729
3577 4213
1303 4468
2026 2963
4060 4459
4568 4597
2859 2900
355 1379
2868 3326
118 3182
2887 3567
1229 3410
3260 3632
2823 2897
468 2674
2012 2110
646 2351
3661 4463
4447 4471
4377 4431
342 1172
1717 2843
4257 4292
3410 3773
4180 4467
2434 4239
279 3758
2850 3603
2131 3913
3771 4137
2868 4323
3007 4426
920 2577
2167 4195
1235 3725
1691 2005
539 2210
1824 2588
2984 3438
3269 4434
4032 4129
3861 4282
434 1132
496 3193
697 4498
2625 2649
840 3799
4307 4548
228 3202
3651 4123
314 2097
1220 2571
2692 3413
2846 4561
1900 3413
353 2120
3811 4551
38 2051
3153 3813
3109 3665
2016 2906
2827 4591
2190 4223
232 1919
1072 2643
4394 4561
2207 3059
144 1092
308 1719
2104 3786
344 3391
1738 3861
2860 3062
4305 4377
1831 3286
2358 2473
43 4238
1878 4022
4247 4385
4361 4533
2503 3035
2779 3149
321 1488
2642 3858
3110 3737
2692 3894
929 4558
1996 2427
615 2197
596 1604
3030 3612
2726 4037
2393 3580
2987 4343
839 3255
2502 3980
1685 3298
2507 3473
1704 2355
922 965
2039 3926
3678 3987
4075 4108
2587 3804
1930 3311
867 3943
1605 1905
1492 2430
2556 3387
3388 4182
3205 4344
2896 4239
2282 2884
1087 3659
1547 3784
1036 2699
304 3429
2914 4019
1130 4396
1057 3824
2395 3201
1037 2210
1438 4322
2205 2917
2689 4578
1897 2117
3758 4518
4083 4541
1436 3652
3220 3898
2595 3936
4039 4504
3927 4037
176 682
3226 3924
3845 3857
409 4222
1238 3647
3940 4077
1765 4271
3253 4153
661 1751
2073 2908
2654 3830
4254 4523
4371 4571
4381 4473
2188 4443
2736 3881
552 2193
3758 4593
2122 4167
3464 3924
1165 3412
1632 1645
1938 2280
395 2978
5 4336
2470 2500
1160 2800
2649 4316
2104 3827
1306 2655
2038 2462
4548 4556
1772 3489
2184 4382
1728 3182
2997 3872
3982 4134
576 1573
83 3159
1622 4117
2259 2313
238 2009
5 2251
4273 4293
174 2109
3147 4245
1373 1883
318 2133
2769 3094
4425 4497
2045 3631
4231 4377
71 168
164 511
4317 4436
791 1420
501 3038
2260 3653
2426 2671
4231 4255
4591 4599
3465 4168
1077 2218
4458 4538
2797 4305
3807 4288
374 2361
3176 3363
574 3984
766 1909
1305 4171
4595 4597
4448 4497
1494 2456
2312 2789
3875 4094
2236 4167
2783 3114
2019 4170
3262 4419
942 4102
2419 4460
1151 4086
4246 4310
778 3835
4072 4252
3666 4223
966 2311
3257 3291
3829 4192
3501 3950
3996 4046
2456 3060
2658 2706
1676 3973
1945 4024
840 1976
2377 3263
359 1207
4438 4586
1475 4440
2929 3094
1011 3548
1974 4187
3703 4494
1175 3796
2658 4413
256 2845
3997 4502
772 1582
346 1312
4211 4484
2144 3305
1718 2269
2536 4117
881 2080
3569 3946
98 2343
211 1135
42 3462
1678 1843
4397 4593
473 3901
3464 4300
925 4444
2907 3327
1341 3079
172 4035
646 1595
3603 4232
2181 3003
2601 3593
4468 4477
4272 4562
4087 4162
669 3353
2624 4067
2223 2415
297 1973
3880 4055
116 3288
2309 2680
945 4323
4227 4588
2307 2376
1981 3775
780 1400
2852 3846
1929 3898
411 3182
140 1448
1668 4451
4308 4399
3426 4139
602 2897
332 3050
1266 3024
4536 4547
3975 4401
2557 3120
4120 4325
1689 1700
2605 3109
3803 4063
3847 4064
2544 2586
1237 1629
3066 3818
3539 3562
1383 4033
4485 4544
792 2533
2713 4138
3742 3981
3075 3118
437 4128
3400 3540
66 293
3736 4489
4249 4565
953 3609
1115 4539
3063 3295
3185 3414
4016 4254
59 3133
3311 3805
3555 3640
2387 4134
2002 2654
3610 4428
4472 4503
3946 4265
2428 3021
2680 3887
280 2930
3231 3398
2574 3241
432 3572
1959 2267
2138 2643
1032 1883
1253 1638
4499 4527
1162 3591
1056 1672
2366 2926
3467 3589
1324 4027
3369 3959
2776 3351
723 2676
4023 4302
4471 4509
2572 3037
205 1751
3695 3921
4521 4551
3053 3795
308 408
315 2183
3177 3603
2940 3662
2928 4414
3841 4185
199 4483
3002 3156
2226 3646
4274 4326
2289 2988
2920 3069
2969 3685
4570 4573
3639 3917
2290 3913
3989 4537
822 3874
4574 4579
611 4109
1443 2905
4169 4280
2384 2808
4426 4476
2820 3339
2685 2834
909 1576
1220 1895
2437 3670
1330 2439
2858 4458
1998 3530
3180 3502
929 4507
4540 4587
4312 4538
1129 3410
3916 4134
123 1420
595 1853
3152 3726
2167 2994
614 3582
2406 4556
2441 3945
1173 2366
92 1481
871 1072
4327 4380
4173 4469
2957 3884
796 4321
2510 2944
201 4474
3944 4249
3554 3836
1072 3518
2630 3283
947 1125
4548 4594
4417 4423
397 2892
1040 1615
1759 1946
830 4076
110 2222
3346 4314
594 1509
2277 2913
2027 3506
1174 2234
4075 4549
2195 2574
856 4524
1528 1808
950 4526
4336 4359
1465 4418
2466 4550
2988 4388
3918 4328
1617 2330
2841 3037
146 164
2494 3330
2636 4151
117 2803
2292 4550
1833 3379
4307 4572
1898 2624
777 1083
1838 2553
4480 4488
3997 4572
2781 3130
2667 4012
4169 4254
921 2215
4463 4550
2849 3768
623 3762
2451 2739
3877 4346
1159 2107
3444 4109
2490 3525
3617 4586
1215 4446
1187 3768
652 1473
1024 3639
4281 4400
1695 4086
2688 3841
1459 1678
3780 3810
2902 4456
2531 3465
1113 1736
481 3303
1954 3448
1897 2827
3342 4055
4324 4501
2305 3543
3453 3462
3622 4405
4234 4271
1725 3500
2104 3624
1553 4016
268 1972
4001 4410
155 2154
3872 4045
1171 2113
894 2852
3023 4035
3113 4306
1835 2021
988 1915
