3800 7600
2323 2622
3711 3772
3730 3739
2117 3235
3573 3740
121 287
837 1937
3282 3766
343 1377
1239 3423
393 2749
993 3132
3285 3735
218 2724
1635 3074
1068 2119
3197 3476
1043 2471
923 3207
3466 3618
300 427
389 717
2766 3024
1956 2176
3709 3757
2229 3310
2530 2799
2794 3743
3461 3639
411 3698
3787 3788
3293 3299
725 729
2713 3212
3425 3521
598 3304
2174 2473
2990 3596
3485 3715
2643 2913
987 2536
550 1193
33 3001
1999 2743
1570 2250
1816 3581
43 2204
797 2371
3401 3430
73 293
3207 3591
1793 2758
430 1657
1039 1333
2408 3769
908 1121
2939 3355
1141 1946
2821 2866
739 2284
47 785
264 1144
3693 3742
1758 1964
3693 3797
907 3796
2720 3280
2403 3572
2499 3532
1675 1972
1086 2831
3302 3653
303 360
3125 3794
1160 2148
2985 3781
1258 3562
904 3330
3146 3497
3434 3452
1706 1939
1744 3122
3008 3053
248 3677
1854 3011
2612 3642
1766 3585
21 2835
1639 2228
1134 2262
1132 1220
970 3586
1919 2480
3231 3763
718 2718
244 1923
3645 3722
1010 2597
2793 3419
1328 2149
1367 3276
1877 3329
456 3245
1729 2853
914 1126
3609 3665
398 3637
1617 2212
385 3109
3624 3799
2934 3139
1494 2357
1218 1866
1586 1591
494 2615
2672 3315
2889 3754
108 3550
284 860
2866 3328
1294 3440
3661 3753
3558 3571
2663 3681
2776 3706
3118 3786
1869 2337
2718 2865
455 1636
1028 1700
3776 3781
3255 3705
2061 2986
3444 3502
3662 3705
544 576
2370 3724
1088 2568
352 2220
1792 3512
1043 1587
2542 3281
2601 3130
2094 2134
2563 3289
1709 2536
3677 3728
1008 1831
569 3032
2059 3505
963 2746
2190 2877
2174 2985
3423 3569
13 414
1939 2416
2938 3714
2523 3026
2730 2880
3546 3558
3309 3321
767 1869
2472 2883
597 2699
1937 3755
3327 3745
3453 3526
533 3315
3674 3784
2038 2698
3569 3769
2150 2923
2663 2693
1882 2560
3677 3723
338 503
557 2062
361 2763
1820 3664
1304 2853
2348 3512
3643 3662
1547 1754
1554 3218
3233 3494
3508 3751
3011 3075
1289 1322
1112 3708
1383 2096
880 2853
3707 3771
3068 3479
1027 1091
2611 3278
3150 3357
1752 1771
1494 2996
3326 3715
1648 2541
1048 2809
2079 3432
2364 3057
2879 3481
3418 3646
2704 3679
1865 2165
866 3797
269 1542
761 3160
403 3719
3411 3467
3644 3788
3354 3412
3169 3763
2062 3134
2034 3116
3482 3677
301 2049
284 303
1882 3372
3798 3799
3094 3268
818 3678
1896 2350
2946 2969
2345 2515
1205 1920
195 2304
3081 3583
627 2880
3056 3352
555 3717
504 858
2993 3514
2756 3540
1286 3192
1613 2539
90 1038
2323 3753
2114 2159
711 1055
2810 2922
3507 3542
3156 3522
2771 3252
1849 3618
1025 2171
1446 1510
515 1257
942 2513
277 3012
2624 3341
2599 3103
1326 2350
2227 2279
133 566
3214 3271
3447 3687
748 2941
3517 3614
2696 3391
3621 3639
3587 3693
1100 3106
1587 2802
585 1730
1968 2238
2743 2935
2712 2839
1955 2125
601 3765
3274 3312
1120 2163
2577 3587
1195 2206
3141 3704
1 1877
749 2136
1667 2399
2277 3214
77 2369
133 363
3146 3361
1302 1564
1675 1981
1904 3715
2965 3468
3073 3366
582 2180
3045 3660
972 1460
1631 3161
1324 1799
3388 3475
1961 3041
3564 3637
1595 1952
3626 3759
2520 3238
1338 3532
1178 3217
571 1920
3510 3673
1601 2008
3405 3615
3748 3764
1345 2358
1995 2710
1771 2604
1863 2096
203 3013
3056 3102
1307 2391
1317 3050
1355 2175
2446 3363
723 3501
2315 3080
2076 2315
422 2215
3147 3748
3003 3477
2942 3291
3406 3778
1595 2913
1604 2553
856 1327
1099 2068
2291 2852
616 682
208 880
1650 2251
3124 3706
2968 3546
3319 3720
404 1529
3002 3348
1169 2189
2260 3210
2320 3621
627 3526
2391 2946
3335 3748
3506 3639
427 3401
1314 2029
2733 3112
2088 3707
2327 2920
1468 3245
991 2415
3279 3603
614 1686
1470 2324
2982 3517
1796 2868
2707 3423
1495 2708
91 1789
3388 3651
1437 2260
3607 3723
3598 3748
977 1510
519 2366
485 1553
2763 2839
1137 2263
1650 2005
1036 2407
2243 3017
2944 3167
2777 3245
2428 3499
3619 3692
89 872
2763 3096
462 2981
1478 2910
1649 3530
3616 3714
2019 3301
306 392
1116 1742
1168 2588
2200 2808
664 825
2224 2668
2602 3770
1986 2342
137 3651
658 3645
2437 3105
95 2457
3511 3737
2699 3529
3507 3786
3521 3645
3458 3726
1028 2661
846 3773
1863 2410
1787 3647
3496 3737
1550 2018
1282 1364
1196 3530
1689 2181
3671 3677
2271 3672
2875 3602
3715 3768
347 3021
2689 3371
1021 1733
2616 3447
988 2241
2112 2941
347 2344
1358 2546
804 1316
3537 3656
3085 3645
3080 3183
980 3750
177 1263
3210 3729
1834 2973
3617 3634
1216 2630
716 2880
526 672
3038 3341
2332 3168
2975 3406
913 3036
1136 2761
926 1745
1887 2688
2045 3614
3685 3730
1696 2238
2452 3615
3312 3707
1057 1886
285 2430
2627 3105
3618 3662
1443 1839
1050 2799
3414 3657
1722 3718
405 3069
2113 2991
1019 1478
417 2295
2593 3311
3698 3730
3273 3369
1266 3096
1846 2400
3735 3770
2907 3577
1113 2127
1096 3402
2192 3712
456 1780
431 1341
1872 2166
2379 3737
506 2404
2976 3466
1266 1802
50 1622
2796 3251
2994 3409
813 1007
700 2837
3779 3786
1296 1651
1463 2101
675 1796
2271 3031
1312 2949
3740 3795
2672 3194
3273 3668
2361 3440
1492 3600
1382 2797
1075 1735
1659 2401
3073 3286
1760 2804
3415 3662
1422 3369
2486 3150
2689 3081
3707 3726
1130 2492
507 1172
1870 3622
2180 2465
1949 2530
163 3530
70 562
3793 3797
125 1001
3016 3689
2246 3065
80 748
658 2879
217 3407
2639 3304
3788 3789
300 3181
2543 2877
2302 2603
2689 3798
1170 2057
1629 1786
3579 3623
2313 2369
2800 3137
1543 1616
1368 2470
3123 3676
1837 3746
3355 3361
2619 3431
854 1643
3685 3790
2764 3681
2106 3556
1425 3272
162 1042
2482 3708
2389 2689
880 2762
1787 3483
201 1428
2799 3034
628 1739
1943 3694
3384 3555
3498 3619
3246 3327
2725 3586
149 613
2904 2999
2065 2151
1043 3278
153 3144
2715 2887
2057 3099
673 1973
2557 3762
2328 2470
2414 3610
2038 2828
1252 1695
3483 3630
116 2388
2947 3108
497 2247
1021 3671
111 2562
2072 3584
538 3060
546 612
1822 2268
976 3697
690 1270
2433 3258
2449 2867
3008 3179
412 2919
790 2509
611 2385
3650 3758
1966 3777
2105 2872
96 3056
3490 3570
3720 3750
1979 2179
3187 3331
391 884
3600 3782
2650 2865
306 1334
873 3377
3587 3695
1804 1839
2155 3606
3112 3376
3192 3778
3231 3282
2159 3642
3186 3393
122 3385
3738 3791
1732 3708
2713 3064
737 943
2038 2611
3556 3591
2237 3403
996 1366
3331 3561
1266 3031
2432 3109
3669 3683
2705 2893
2188 2899
2326 3341
1116 3047
1250 2045
1306 1653
1684 1836
1141 2299
3537 3699
1583 3728
1559 2207
2049 2260
703 3505
2100 3544
3259 3484
359 584
633 890
3489 3778
2157 2737
1524 3565
2241 3592
532 1964
60 940
472 944
3334 3367
3785 3790
862 1811
135 2147
2669 2792
1703 1918
1339 2850
3781 3790
3161 3233
2539 3054
3548 3625
2553 3333
2681 2704
3488 3498
617 1942
2221 3591
2476 2802
678 1527
225 1575
624 1106
3762 3775
699 1616
809 1582
3621 3714
3281 3494
2844 2874
3706 3781
64 2265
387 3263
329 595
542 3710
2573 3222
3004 3444
2974 3770
2012 2800
464 3422
2433 2649
1591 2932
12 551
3579 3590
3166 3643
2986 3412
772 1992
205 2480
3792 3793
1976 3046
1739 1741
300 3662
2295 3676
755 2476
2569 2830
1096 2097
2882 3356
2479 3516
3600 3683
2196 3656
929 1369
3695 3765
3081 3653
249 1595
2030 3557
26 1992
2346 2587
813 3746
126 948
1237 1875
1451 3522
3229 3428
1500 1560
928 3482
1243 3110
1239 3224
1542 2668
2246 3798
3640 3689
223 1995
3356 3577
3527 3700
492 737
2968 3522
3702 3734
834 3769
1311 3586
488 676
2596 2640
240 1558
3260 3372
1245 1415
1449 2687
966 977
1675 1780
2044 3305
1053 1325
603 3101
1315 3686
2948 3100
2506 3394
1254 2408
2382 2899
405 2370
237 2744
770 1408
1702 3392
2077 2605
2511 3481
3682 3688
1050 1875
2572 2674
2530 2902
114 3129
3145 3767
3441 3560
2880 3720
3291 3563
3447 3516
3219 3356
765 2124
3551 3674
2169 2856
3019 3265
3701 3739
2989 3150
2068 3524
139 1803
1460 2111
3338 3581
1276 2454
2896 3428
2661 2676
1501 3009
1824 2237
55 391
2970 3037
203 2248
1701 2338
2357 2789
1878 3061
803 979
1028 2227
2593 3052
2462 3653
1881 3289
1668 2255
360 935
397 1366
2033 2812
1154 3507
3779 3790
932 1582
384 930
2215 2303
917 1270
1829 2488
2352 2593
1171 1692
3235 3557
95 2828
3759 3777
2598 3429
9 437
160 3693
1167 2925
1685 2033
2690 3342
1004 1457
1178 2374
32 2142
2526 3643
582 2483
3717 3747
1987 2540
427 1669
1930 2596
3246 3405
1446 3331
238 1215
1056 2675
347 3017
1790 3338
2134 2513
808 2838
1118 2966
1050 1963
1622 2587
226 1560
2083 3010
274 2294
3721 3790
2631 3127
948 1512
561 1176
2322 3217
335 3709
1909 2587
3416 3680
842 1079
1743 2257
1494 2438
3040 3364
2602 3356
2596 3095
1523 2932
2018 2830
3627 3683
2610 3637
1958 3243
3075 3691
3131 3148
937 3496
3057 3363
3157 3662
1775 2942
1257 1428
3534 3588
157 2836
3773 3792
1953 3452
1638 3757
1924 3600
703 2929
3292 3558
3573 3614
575 3346
3364 3378
2246 2429
1182 1311
2831 3582
331 3166
872 3736
3504 3667
662 2102
1020 1885
1571 2417
1097 1491
237 3100
2087 2304
2606 2683
2633 3432
363 2212
600 2449
2631 3060
613 3459
1013 1447
2645 2729
1947 2565
3192 3657
1289 2889
2037 2174
1345 2745
3652 3736
1666 2359
255 2547
38 2777
644 3598
2032 3186
781 1415
758 3554
1044 3086
521 1325
1273 3746
3694 3770
2981 3022
2647 3176
3791 3793
1961 3614
444 1404
2707 3043
485 3261
2401 2749
1311 1440
3601 3755
60 514
1100 3140
2609 3310
1401 2206
2306 3402
2428 2487
3204 3309
2826 3182
2718 3528
3004 3352
734 3027
2982 3644
3452 3489
1310 3157
1799 2151
1195 2536
3474 3750
1777 3205
2656 3215
903 3218
296 861
301 2808
2054 3323
2513 3512
1604 3283
1936 3342
578 1890
930 1316
1613 3565
1252 2557
323 2189
3445 3750
3310 3598
95 660
3183 3692
2619 3100
1185 3187
2508 2878
2624 3435
3632 3672
1666 2941
2704 3074
284 526
1869 3268
3629 3647
3045 3589
520 2072
2083 3543
1155 1900
1601 1769
2385 2571
2711 3386
1378 1690
2919 3266
1821 3092
2810 3271
1599 1897
2424 2591
1860 3346
130 3157
402 3149
3705 3783
1258 2448
1963 2190
921 1291
1626 3697
3077 3516
3065 3179
2940 3197
2656 3278
2361 2614
3269 3670
451 3088
2395 3433
817 2513
2089 3767
693 1680
2954 3057
3090 3417
299 2704
1440 1999
1223 3424
2068 2673
2398 3241
3675 3788
2143 3693
3451 3662
1433 1567
357 3155
1856 2999
988 1778
1974 2323
1129 1828
1101 3138
150 3366
2549 2566
3648 3739
2823 3058
1321 2137
2270 3297
902 3609
385 2963
109 3738
2863 2914
2329 3726
3313 3608
908 1390
2736 2795
2126 2591
762 1566
3389 3712
1825 3409
3382 3594
1929 3109
1995 3206
3442 3506
524 1664
46 631
1471 3275
2125 2974
784 2128
1720 3193
2346 2369
2655 2801
852 1115
3751 3753
3422 3478
3672 3691
2313 2431
1046 2909
2403 2832
1203 2392
1537 2267
2617 3466
1491 3733
461 2490
2139 3486
931 3164
2168 2777
2653 3403
3532 3754
661 2366
3692 3786
2737 3027
693 3036
302 2382
2017 3576
1060 3396
1406 2009
797 2395
3315 3448
848 1020
117 2859
744 1216
3040 3178
1644 3038
2509 3010
460 3375
347 1270
3673 3798
148 3728
2196 3344
423 440
3615 3718
2982 3381
3005 3530
2907 3408
3486 3787
1823 2624
1303 3345
3300 3539
3750 3768
237 3483
87 2772
1426 3192
3649 3795
303 1073
2129 3713
3439 3571
2722 3261
988 3349
1915 2165
3798 3799
2960 3567
3191 3513
642 1024
1374 3678
3635 3755
1466 1839
1785 2953
1472 1694
1919 2251
2017 3429
2599 3625
1270 1999
963 2665
3746 3792
1463 3084
2365 3582
2226 3003
3184 3782
1498 3781
3019 3781
2471 2733
2710 3005
206 2422
2180 3763
2123 2904
3095 3471
3016 3050
2464 3274
1040 3268
649 1624
146 460
925 1472
3411 3461
2414 3413
356 3475
577 2053
1263 1705
3227 3415
3298 3635
365 2530
116 2594
1849 3246
1551 3698
2912 3799
3584 3775
3235 3457
1042 1284
2012 2022
107 2491
1424 3700
1088 2399
1516 2605
2018 2301
2257 2938
2104 3765
2479 3453
2261 2667
3661 3729
2358 2422
2550 3085
2682 3225
384 2508
1899 2308
701 3163
3111 3222
3237 3444
2109 2660
1646 2774
2957 3652
2319 3399
2557 2704
3512 3528
3158 3340
2196 2231
2013 3449
2445 2786
3761 3777
3415 3586
305 3069
3332 3605
2937 3681
263 2367
1893 3700
3442 3660
77 1442
1954 2954
1887 2995
2976 3625
3751 3760
991 3262
2511 3651
944 2780
704 2443
1393 1695
1968 3378
2607 3162
95 3409
3324 3390
1048 1818
3581 3763
1146 1153
3364 3637
55 169
464 1645
1995 3390
1353 3370
421 1460
3282 3617
2661 2814
1917 2253
1792 2064
2013 3330
3277 3519
1613 2222
1152 2161
683 2302
3417 3462
1151 2918
2011 2165
2567 2857
244 425
1968 2707
3463 3563
1221 1738
3650 3672
1847 3745
2254 3176
298 2755
3018 3355
3009 3106
3248 3269
95 747
3478 3631
528 713
929 1444
904 3236
395 765
1702 2676
2640 3590
2898 3066
3356 3756
994 3182
1150 2168
2584 3499
641 2372
2013 2946
1736 2665
1137 2192
2090 2768
3050 3363
3014 3728
121 1046
1420 2920
2467 2728
2809 3291
3061 3360
101 2416
3338 3478
1571 2778
2081 2311
2768 3144
221 1923
470 3646
2701 3494
718 1975
1706 3730
1272 2791
1054 3285
2046 3719
699 1007
2068 2252
3757 3798
707 2464
565 732
2392 2482
1566 2826
998 1059
1112 3709
1830 3646
894 1538
2473 3024
264 2566
3135 3506
422 1629
2887 3798
1695 1991
1630 2201
146 1057
3277 3712
2661 3084
2658 3449
292 1541
1467 2976
265 791
2556 3013
3170 3628
2315 3190
932 1927
310 2069
2302 3391
3066 3453
3075 3785
3370 3663
991 1462
292 3533
3184 3202
3286 3656
1801 2145
1848 2782
2214 2829
1534 2739
1555 2957
534 3349
832 947
1763 2107
279 845
3028 3269
1724 2000
3792 3797
3700 3746
210 947
2122 3470
2549 2708
3225 3781
2770 3338
3327 3723
1468 2922
231 235
573 2718
2503 3763
2712 3309
2906 3599
1467 2288
3668 3728
898 2044
1241 1896
631 3568
417 2209
29 572
333 1774
506 2898
956 2816
201 3336
1098 1436
1105 3413
2196 2834
2165 3273
1748 2798
3355 3494
211 769
3384 3546
2083 2648
3755 3764
1259 1690
2946 3644
1770 2448
2934 3432
2921 3764
3255 3357
3633 3699
2229 2937
425 1181
320 1724
2599 3223
2107 2954
555 1937
1987 2077
3045 3311
1276 2544
3598 3770
2219 2819
1932 2972
1038 2128
1861 2683
2858 2994
3285 3340
1988 3746
2078 3018
294 691
2844 3431
3608 3653
408 1354
3447 3528
454 2972
2318 2985
3419 3681
900 1688
289 1469
304 1755
179 504
3796 3798
740 802
3460 3672
3473 3515
486 3622
1706 3236
2068 3783
3543 3649
1639 3400
3225 3250
3717 3725
3180 3631
3768 3787
2992 3194
558 2487
3276 3364
1911 3319
1867 3782
1145 1279
3413 3780
2909 3058
2617 3102
813 2246
509 1971
2730 3593
2979 3197
42 3536
307 3467
2922 3793
2308 3323
1513 1850
2228 3354
1459 2007
2197 3266
3402 3571
2554 3649
768 3137
1517 1565
333 3362
2277 3470
2331 3254
757 1359
297 3713
789 1475
1249 1771
2178 3273
3329 3768
1719 2017
3488 3688
698 1001
735 1720
2119 3540
626 3524
3320 3539
508 2623
3719 3797
2713 3258
2173 2506
660 2748
428 1560
278 1856
163 2242
635 1972
1862 2327
3304 3485
499 2465
1390 3442
3429 3484
1638 2079
35 3770
1722 2924
1383 1588
3458 3656
3588 3632
1894 3391
1842 2362
3101 3151
2767 3366
2947 3123
51 1279
870 2781
1683 2746
2842 2968
2742 3711
1413 3460
715 784
44 2208
3254 3395
2764 2977
153 3158
2281 3591
2803 3774
1915 2634
2048 3756
29 3610
2818 2971
430 3011
515 1974
2814 3108
1856 2085
599 3797
3442 3745
168 3487
3583 3786
2457 2945
937 3356
302 3607
2072 2274
2695 2919
192 1682
1053 1941
732 2454
1017 1041
2657 2950
1554 3572
3363 3557
157 2761
641 788
122 3083
811 2553
3426 3509
1097 1935
48 688
2919 3067
3085 3737
2848 2967
1568 2866
3434 3665
3394 3511
1163 3496
1851 1937
1308 1760
1038 1804
2787 3333
1583 3282
2869 3358
3065 3124
1559 2867
3455 3676
3495 3644
1815 2478
258 1254
353 643
2411 2583
2105 3122
3638 3770
1553 3515
3455 3639
333 1094
2524 2687
3228 3728
2399 2533
774 1467
2416 2979
607 3741
3760 3797
2142 3683
3657 3687
1073 3686
2745 3316
3164 3774
3451 3690
1707 3556
2751 2845
1862 2347
955 1398
3270 3771
1619 2693
1425 3062
2057 2165
1665 2568
135 1413
219 3521
2454 3606
347 1869
471 1889
381 1148
1471 2128
3275 3629
3554 3609
2744 3082
312 844
2191 3479
2690 3621
1401 1883
2839 3180
1038 3689
3316 3454
3425 3762
1417 2508
1411 3377
3070 3236
2683 3207
2496 3754
1335 3797
3798 3799
3484 3554
1068 2506
1909 2835
1151 2419
2005 3718
1428 3084
2537 2728
2267 3421
2614 3029
3035 3328
2310 2766
2921 3318
2197 3117
3618 3784
1819 3290
2149 2820
908 2297
120 2513
1842 2666
3702 3713
2139 2187
11 3382
3506 3676
1382 2899
418 2540
896 1405
3689 3757
980 1338
178 3005
172 1645
792 2595
3503 3573
940 3323
1880 3404
2799 3593
2342 2578
3276 3470
1190 2179
1565 2636
2962 3615
1187 2121
1315 1598
1156 3584
240 2840
908 2962
3246 3562
2571 2809
2771 3602
3189 3363
2600 3688
3345 3620
3132 3704
689 2665
3304 3394
2358 2509
2574 3097
870 3400
229 2084
1411 1739
1465 2592
2412 3336
1229 1817
3211 3319
1449 3030
843 3087
2553 3782
1562 3248
287 2115
2536 3319
124 3068
1289 3001
1773 2947
2129 2951
2435 3628
1011 3670
828 2891
3793 3794
1422 3614
1791 2374
3096 3236
2389 3445
911 2640
3121 3275
1338 3138
1750 3367
958 3172
2379 2767
20 772
2916 3637
3689 3717
2132 3104
991 2039
3389 3585
1855 3661
611 3648
3101 3596
3667 3675
1666 2378
1170 1259
926 3543
775 2177
1819 3101
1202 3390
2598 3536
3310 3330
930 1771
658 2787
532 2012
917 1766
514 2751
1309 3498
2836 3001
1375 2466
1881 2197
280 3694
1499 2648
1616 3032
3228 3539
1405 3043
1610 2685
640 2958
2877 3093
2311 3168
1486 2117
1959 3257
2413 2573
2520 3684
3017 3125
1631 3398
809 1602
1181 2851
3125 3655
3267 3431
2370 3509
1770 2508
2747 3259
2496 2887
3047 3124
702 2586
2468 3706
214 3669
104 1838
820 2821
2947 3652
1724 1950
631 3711
2839 3190
721 3182
1709 3757
1366 3757
1797 2562
2224 3772
2177 2227
709 1135
1302 1719
1802 2076
3385 3796
2668 3770
3722 3730
1532 2986
2225 3730
1721 2287
2941 3670
662 3310
1819 3237
1289 1727
1500 1926
2013 3232
1675 2457
2029 2288
481 3258
2430 2565
3757 3774
2092 2996
1618 2715
3292 3526
2572 3788
1795 3686
897 2802
2148 3256
593 1979
174 1886
587 2297
1704 2142
1392 3279
630 1898
3235 3655
3537 3754
2444 2528
3567 3752
425 1444
178 2441
179 598
856 1785
2925 3751
2614 3021
2148 2483
1035 2696
1772 2514
3071 3728
3321 3421
129 239
2106 2156
1049 1066
1240 1447
1886 3464
2134 2537
1293 3037
719 1391
1929 2163
3557 3669
2089 2637
100 1314
3398 3540
138 1212
802 3545
3019 3170
25 1390
306 3343
2441 2767
125 184
2401 3141
113 904
2611 3257
800 2174
2029 3709
2050 3238
590 3096
2270 2377
2167 2339
2849 2989
2366 2641
3505 3671
512 2744
2649 2718
38 2574
2919 3242
2279 2996
2096 2722
806 3641
1057 2110
2948 3405
514 3694
2312 3624
825 1541
3687 3728
3277 3427
3528 3761
2378 2898
2165 3778
1433 2102
1651 3188
2118 3741
1870 2926
31 1411
1996 3696
2910 3308
15 300
2377 3265
1074 2632
445 1856
3191 3526
1918 3020
975 3343
368 1610
1375 1458
2541 3582
3270 3647
2646 3145
3706 3715
1438 1577
308 1449
1423 3346
2191 2726
2968 3790
656 2866
1338 2851
3224 3539
351 1885
1388 2202
2850 3032
2336 3343
294 3711
225 3768
1627 2696
2134 2827
275 515
1865 2836
67 3539
117 1233
924 2622
3498 3501
594 1126
3737 3782
436 3036
3156 3676
1371 2851
3232 3277
1241 2668
2056 3351
92 3573
3365 3519
972 3701
343 2098
2961 3055
2376 2852
976 3020
3397 3419
596 1485
3381 3616
2409 3766
2755 2932
3255 3441
3018 3564
3545 3758
1897 3728
96 1142
1470 3166
1836 3101
3188 3551
1184 1978
2444 3242
2863 3366
2003 3310
1435 3703
3482 3601
1361 1887
1796 1903
1434 2187
37 2444
2026 2867
2135 3527
713 1151
480 1252
1356 2386
362 2084
2265 3439
1347 3565
1120 3526
966 1020
1017 1500
2371 2624
1857 2715
1984 3541
3249 3294
325 2794
3216 3649
2930 3029
1482 3394
155 1994
629 1806
2004 2343
925 3294
2171 2250
2383 3409
2686 2941
1343 3075
1963 2131
2610 2681
1751 3233
2399 3468
369 1465
501 3467
1541 1738
924 1472
3332 3499
3333 3627
2433 3175
2543 2957
1478 2587
2430 3369
2672 2782
179 2874
34 1193
1899 2264
1234 2489
3025 3160
3547 3708
1441 1555
2541 3585
3019 3309
1062 2793
176 2317
3396 3665
1002 3242
230 2453
374 3598
1634 2194
3236 3375
1849 2849
1078 2600
2803 3113
2124 2143
859 1521
3771 3798
2703 3225
3062 3601
141 1575
3458 3692
3720 3797
1285 2915
470 3079
3713 3723
1467 2452
430 701
3274 3712
3725 3750
1577 1579
1056 1595
1409 3638
915 3402
855 2030
585 2595
2328 3647
2270 2420
309 850
3309 3799
3504 3789
1040 1937
1858 3104
3563 3602
231 1039
1108 3648
17 2773
2236 2721
2891 3355
268 1466
1530 3244
3559 3588
3659 3743
1502 2537
261 1501
1238 3654
446 1446
2458 3549
386 2483
1522 3497
515 3466
1695 2250
2713 2978
461 3269
1297 2416
3348 3428
1915 3656
2190 3590
1569 1726
850 3433
2417 2441
266 2588
2258 2885
1813 3649
3784 3790
1420 3502
55 2134
3496 3685
204 3609
1220 2181
1045 2593
1904 2168
3116 3523
1614 1770
60 1315
284 1851
2423 3042
2924 3159
2238 3621
2228 3470
1276 1941
2070 3436
1020 1722
863 3370
1855 2392
3752 3763
3545 3556
348 1851
794 3033
3019 3323
3430 3559
2620 3663
3727 3789
2575 2621
3471 3773
2418 3119
2506 2959
3165 3728
1342 1479
3252 3600
420 3047
2479 2625
476 3184
2068 2211
3543 3693
1500 2517
450 3519
1374 2483
629 1363
3046 3435
2895 2903
3783 3797
3351 3429
86 2003
2304 3370
947 3383
733 2489
25 1092
1866 2631
1964 2325
1249 2400
3030 3063
1566 2621
2364 3006
3783 3796
2915 3592
851 3000
1699 2696
762 1103
342 3680
792 979
466 3090
3743 3797
3554 3771
878 3609
3391 3562
1726 3127
2676 3421
1837 3791
1309 1657
243 1918
2756 3224
2055 2129
762 1110
73 1413
1975 2576
2303 3322
2266 3103
499 1780
1926 3380
3414 3671
786 3416
2891 3238
674 3480
1198 2281
3013 3494
1931 2272
3756 3796
885 2306
3201 3394
3319 3449
1071 1100
2806 3496
2299 3050
1635 2378
3636 3727
2772 2915
1522 2594
3444 3744
2285 2853
3640 3672
2675 3210
1684 1737
2573 3094
2938 3209
2005 3034
1056 2787
3646 3715
922 1643
1303 3330
1192 1700
1397 2292
3052 3565
923 3741
279 3374
2466 2748
790 3757
2659 3668
3013 3350
3664 3697
511 3521
534 975
2794 3081
934 2708
3461 3723
3401 3657
1794 2730
814 2846
3059 3612
1687 3121
3605 3718
3576 3662
3291 3537
2173 3035
1555 1773
2124 2870
3337 3602
3512 3665
1430 3135
182 1063
1481 2668
123 1008
1121 1268
3402 3574
2986 3083
913 2361
48 2589
2568 2588
3639 3711
3536 3677
546 3737
2379 2545
1334 3506
2133 2648
328 2903
2406 3520
1100 3308
2908 3204
2118 3642
3693 3756
994 3679
2904 3360
1489 3044
334 655
1773 3388
2379 2529
3341 3449
3710 3761
597 2551
294 1817
376 441
839 3239
433 1718
2243 2692
3004 3118
1346 2489
2163 3516
3268 3449
1071 3403
3067 3421
3286 3616
2529 3085
1721 3051
2508 3767
2810 3435
998 2535
3483 3528
757 1583
3651 3652
739 1622
3419 3479
1373 2673
1276 1653
2456 2771
1819 3319
3621 3749
1973 2964
3300 3478
2776 3025
3649 3796
1536 3519
3244 3626
698 1769
784 3708
3702 3788
3251 3525
2137 2235
2156 2818
1269 2752
1995 2063
249 1425
972 2022
2276 2505
3636 3681
2179 3758
2893 3696
1448 1752
3559 3699
1139 3389
363 3603
1418 3616
2143 3428
2941 3580
2214 3192
1586 2538
3579 3615
3102 3657
3471 3584
3630 3668
2180 3788
3147 3262
196 3330
1018 2628
1659 1702
1195 3548
3259 3532
1755 2241
1311 2452
810 1365
2126 2703
3086 3176
2852 3047
3128 3479
1453 1676
1798 2029
1320 1668
292 1137
486 3110
2308 3217
3278 3353
2504 2970
418 3136
440 1031
3277 3740
2966 3214
3259 3388
2341 3387
392 2946
3057 3613
3412 3670
1742 2433
1178 2073
3411 3635
3568 3718
2843 3239
3340 3771
3527 3679
3399 3700
957 3371
3280 3542
3273 3745
669 2103
1990 2645
3707 3765
3164 3730
606 3125
1637 2449
751 2753
1898 3505
2908 3626
3690 3779
1483 2074
1664 1811
3223 3390
3058 3315
3419 3621
219 1956
3084 3275
2766 3540
1087 2651
2215 2658
1347 1390
3756 3769
3443 3782
3153 3245
1771 2442
2669 2989
604 2135
475 1840
2484 3767
2376 2957
846 3156
319 3176
2570 2672
431 2476
3207 3730
3419 3444
2679 3661
406 3502
477 2545
707 2486
3288 3643
720 3769
767 3518
840 1312
3751 3777
3472 3568
1754 3287
2512 3370
1185 2343
2737 3605
1521 3603
939 2938
849 2570
1445 2201
492 2252
1663 2878
1943 2363
871 1364
2596 3557
2728 3637
2974 3382
2561 2809
3544 3797
1798 2934
1648 1876
1421 2227
3627 3770
3735 3756
3139 3547
3774 3792
1828 3439
1961 3638
484 3615
623 2118
2104 2487
1098 2508
2538 3751
2190 2463
1800 2090
3136 3435
3041 3042
2091 3214
375 649
37 2308
3741 3765
298 3651
3775 3776
2342 2466
3098 3230
727 1855
1741 2096
3305 3663
274 671
2926 3382
3432 3797
2397 3555
1823 2803
2164 3713
1347 2850
3379 3652
1547 3408
1848 3405
2794 3310
2532 3468
950 1365
3078 3718
2602 3333
311 2153
1802 3673
1772 3561
912 2523
495 3281
1309 1759
3405 3564
3573 3767
1516 3186
1968 2154
1989 2923
1233 3736
1557 3165
3092 3275
2460 2476
1944 2963
721 3411
374 1895
3608 3737
453 3214
3068 3790
473 3645
2790 3152
537 1355
3095 3748
3559 3709
6 1390
3574 3647
69 474
1030 2451
974 1238
276 1988
1568 3663
3569 3789
2596 2755
1868 3278
3578 3728
2509 3427
3146 3345
1515 2386
1160 2639
1376 1748
3065 3070
3621 3783
3511 3709
2442 3246
1492 2184
173 281
2326 3323
533 3167
34 3317
864 2535
2716 3626
2453 3525
2483 2791
3578 3686
592 2897
165 3354
385 1179
636 1522
2435 2561
2969 3002
2002 2693
2894 3012
3721 3783
2543 3138
1835 3079
3056 3647
2140 3385
1795 2765
1987 2793
3575 3665
873 2382
1502 2686
1388 3465
2122 3217
1691 2946
3133 3236
1296 2792
27 1333
1211 2571
2558 2721
375 975
1369 2975
1191 3216
3144 3792
1175 3792
1763 2939
252 977
21 3104
1522 2811
3355 3643
3719 3792
1804 2207
2752 3593
2292 3568
2999 3259
2307 3672
564 3673
2153 2685
2133 3357
1237 1590
67 2317
3752 3778
1315 3199
173 1524
1859 3698
2091 3408
1275 2622
1103 1864
3610 3724
355 1443
1656 3478
1273 2575
3554 3727
2926 3390
2312 3509
2535 3722
3707 3762
840 3626
91 1844
532 1267
3438 3625
1910 3136
953 2767
2063 3651
3514 3711
2526 3279
2122 3550
777 2671
3667 3796
946 2376
3796 3798
3649 3685
3442 3676
406 1911
2787 3462
1068 2557
3065 3712
600 2879
1130 1841
810 2960
3230 3295
1042 3774
1129 1999
2156 2301
818 2387
1802 3312
1473 1597
3283 3519
1843 2041
3309 3647
2894 3353
1748 3441
3543 3607
2613 3493
87 2781
3107 3243
317 1298
1971 3111
80 2572
3035 3049
3222 3506
2349 2492
3201 3685
1410 1598
47 3286
210 758
1977 2448
1691 2512
255 1990
625 3164
470 1621
3228 3462
585 3595
3703 3798
3665 3683
1648 3295
3325 3563
11 2430
8 2084
2561 2926
1288 1344
3636 3739
2242 2931
51 3001
1039 1081
3463 3488
2629 3759
1436 2193
284 3406
1797 2840
1682 1960
3176 3515
1132 2114
3266 3407
431 2305
3053 3054
516 738
2885 3313
3681 3766
1621 3011
2686 3468
3602 3700
41 103
1483 3787
3691 3771
2093 3676
1675 2804
935 3244
1613 2945
3782 3787
701 1173
825 3594
467 2720
1124 2937
941 3394
1747 1900
1101 3040
2693 3666
277 1984
3183 3628
2466 3005
3571 3707
3599 3653
130 2611
1043 1326
2940 3466
565 2682
104 350
3187 3705
1421 3766
2788 2803
2189 2965
864 1100
1875 2615
1106 1122
3351 3465
3419 3615
1235 1255
1525 3044
1512 2308
1592 2583
3792 3794
2971 3685
1451 2556
1905 3194
2669 2864
2023 2106
2236 3392
3532 3618
1357 2360
3412 3633
2572 3129
1487 2086
3096 3185
3723 3765
2367 3460
3581 3682
55 95
3664 3722
1576 2371
174 3457
1806 3500
3295 3501
2645 2864
136 1942
338 1859
2656 3510
488 3534
1856 2853
786 871
374 604
649 1939
2451 2476
37 3377
2120 3627
1070 1104
2218 3172
1747 3315
3572 3693
2966 3410
3328 3413
290 3531
1354 2729
2445 3331
2504 2794
2161 2675
2474 3460
2732 3063
2123 3430
771 936
2025 2139
3674 3796
3086 3733
3443 3651
594 3071
279 1422
3315 3595
1974 2751
949 2948
1769 2754
2460 3580
2592 3633
1406 2609
979 2994
2069 3390
1253 3035
3572 3784
3587 3622
134 2553
3279 3564
817 2191
1696 3708
2433 3527
2386 3214
2315 2594
624 2323
2002 2301
3178 3589
573 2029
1841 2558
1388 3777
569 2240
3797 3799
2307 2678
28 775
324 1200
426 2716
1838 2346
2169 2833
3454 3531
1356 1800
2695 3765
737 2887
1953 2063
1509 2185
3091 3756
2199 3237
330 852
3314 3539
3354 3555
1486 2481
3182 3731
760 774
2282 2950
2406 3244
2395 2531
1069 1920
2536 2563
3308 3361
1877 2856
904 1218
1473 2692
1006 3632
71 1898
3576 3591
593 2598
501 2120
3170 3330
739 2906
292 2912
1655 2883
1926 3427
3020 3199
3732 3751
685 1594
2220 2539
3014 3794
3536 3656
1553 2284
147 3527
1826 2659
2803 2887
957 2874
1524 3476
1033 1456
1700 2715
1034 1791
408 3376
335 1732
3587 3647
628 3260
381 3268
1936 2254
1560 2206
3396 3442
1891 3580
3038 3042
2068 3592
3244 3455
2306 3351
3723 3794
2015 2821
3496 3646
3314 3667
3038 3501
2322 2397
2227 3490
2572 3595
1194 1992
2059 3248
1794 2446
441 1441
3581 3670
3776 3777
1459 2199
1501 3065
795 3162
2206 3098
130 142
3119 3605
941 1956
1970 2864
2346 3670
460 1683
3318 3764
1364 2805
1069 1534
178 2983
3513 3744
3177 3716
3570 3701
1385 1600
1030 1277
3486 3762
1202 2565
2320 2839
55 776
3683 3701
2146 3032
1280 1556
3164 3504
655 1337
674 1781
1159 2541
884 1487
1684 1967
360 2324
3292 3727
2694 3619
3208 3518
2218 2458
2682 2792
471 1504
598 2861
3722 3752
1226 2811
3659 3778
200 260
2820 3134
196 209
213 647
1623 1914
2816 3575
3487 3499
1073 3277
3204 3642
956 3356
1691 2865
2179 2876
1491 1832
3636 3703
2166 3316
1234 3171
1907 3170
657 3501
663 3655
3340 3627
3112 3318
1204 2131
2603 3130
37 3023
1849 1906
3194 3663
1693 3308
2235 2590
3782 3796
2413 2651
163 3762
1767 2728
2357 2868
2718 3539
3507 3647
1958 2202
810 2735
427 2188
2378 3301
3032 3217
1007 2857
753 1207
10 714
375 2212
136 3718
3339 3559
3106 3779
2286 3496
1495 2507
3479 3563
2319 3411
2880 3256
2414 3287
3547 3773
516 592
2353 2595
10 3227
463 2057
2648 3668
2959 3590
357 2612
1746 2965
1666 3507
2581 3612
2679 3298
2438 3306
1646 2177
1681 2099
2063 2907
3703 3764
3107 3268
921 3688
2323 3545
826 1800
3420 3727
2783 3733
2689 3535
216 3311
2428 3756
1677 2519
1541 2617
3014 3314
1869 1902
3536 3598
1820 2880
3472 3539
1729 2207
204 2682
1029 3624
491 3574
2587 2905
1442 3674
2827 3492
3504 3777
3438 3772
2662 3391
2951 3302
2855 2988
2903 3725
637 1492
2037 3503
713 1692
2051 3672
3626 3798
2848 3600
1958 3782
2201 2426
701 3716
2834 3237
1265 3434
2049 2099
906 3080
2317 2587
2076 2387
1428 3046
987 1728
3405 3759
2106 3399
1426 3549
839 3431
1328 3059
292 2085
2226 2634
1501 1679
3346 3530
3173 3353
1284 1689
3782 3789
1094 2481
3402 3531
2895 3512
1508 2143
191 1539
120 667
3161 3500
1035 2667
3766 3788
3587 3601
1065 1542
2842 3097
3781 3791
564 3404
3164 3281
212 2525
1697 2076
2536 3735
719 1318
1491 1597
3535 3745
2648 3325
2695 2971
1539 2743
3006 3268
3500 3501
3480 3697
1453 2578
1400 3508
2277 2395
1296 2243
2893 3716
3558 3599
1817 1916
386 550
2163 3639
3486 3513
603 778
2608 3560
2515 2986
37 1926
2429 3093
3514 3668
1251 3135
1795 2051
3547 3638
1471 3211
2220 2912
999 3066
2449 3287
3406 3532
1371 3596
2530 2689
3500 3562
3461 3714
2164 2851
862 901
679 2420
279 1650
1289 3275
1764 2680
3440 3443
2913 3421
993 1819
9 1494
662 1169
1860 2857
351 1348
3405 3718
730 1742
425 1699
3477 3523
3770 3779
2530 3174
648 2108
1708 1798
1869 1884
2555 3611
1670 1790
3105 3210
830 1632
1177 1410
799 1508
1834 2463
3468 3583
3085 3277
2074 2940
1475 1797
3145 3257
1155 2732
2242 3667
3368 3600
458 966
3417 3780
2818 2973
1371 1968
1882 3173
3339 3370
2970 3538
2216 3227
205 735
1761 2633
908 3123
1370 3654
1938 2795
2064 2743
563 1603
1220 2295
1187 3400
1427 3204
1726 1851
729 1265
13 2705
1127 3456
1039 3049
294 772
3413 3677
387 2643
116 533
2151 2172
3068 3333
2107 2257
3019 3073
39 1000
1633 2402
3658 3755
985 1005
2844 3261
1683 2217
1672 2232
1140 1646
828 2226
2294 3575
2636 2786
1026 3790
3107 3150
1864 3682
3200 3630
2517 2842
3172 3434
322 3307
1519 1733
3504 3757
1555 1988
2144 2836
792 3222
1097 1516
831 2830
2926 3485
3627 3680
3762 3767
2378 2971
3296 3573
853 2772
224 1729
1978 3012
3348 3585
3159 3711
835 3050
1864 3739
332 3397
2378 2502
3294 3549
90 3402
1159 3407
2841 3479
2659 3493
3619 3719
1379 1453
3130 3774
3097 3767
2356 3747
3193 3507
252 3532
398 2899
886 2757
3061 3352
223 769
1074 2355
2394 2969
911 1549
603 2015
3603 3726
2541 2769
3096 3568
2485 3633
1330 3075
2216 3491
3361 3582
1983 2187
3577 3738
1629 3357
966 1002
2943 3060
164 179
57 2219
1203 2191
1377 3226
943 3312
1319 2574
3364 3597
3503 3571
721 1822
3603 3639
494 3294
240 3019
3354 3577
2112 3283
1635 2135
2356 3302
2603 3662
1110 2402
1138 1997
1119 1534
3283 3687
2985 3488
3636 3703
1206 1287
2005 3515
984 3272
3721 3791
1024 1104
1325 2338
1621 2155
1534 3148
3451 3690
1538 3209
2403 3651
1829 3136
3121 3241
3669 3694
2444 3102
1043 3717
1887 3110
2607 2998
150 2279
473 3445
3363 3674
2456 3379
682 1620
2369 3790
2726 2971
548 2077
1463 2304
2724 2747
38 2915
2440 2614
3668 3711
2300 2516
3720 3770
3711 3760
3743 3788
1426 1968
1797 2498
1641 3739
3721 3754
427 457
1151 2889
2041 3522
3649 3701
1739 3289
2534 3181
1073 1282
2883 3634
430 3165
894 2440
1753 3676
2988 3238
1280 1502
1321 2324
3417 3639
3167 3471
2967 3261
2378 3412
455 2043
3594 3782
2673 3796
778 3331
2855 3395
1981 3538
2473 3465
2905 3283
3372 3671
757 2103
543 1095
2709 3740
1105 3560
1682 2640
538 2039
1849 1954
1622 3389
3500 3598
2764 3056
1850 2243
241 3524
3359 3654
1638 3323
3251 3522
2964 3344
3596 3699
2190 3118
172 3082
1125 1905
3444 3638
1287 3013
1318 3649
2102 2729
2525 3462
2360 2452
974 2938
2735 3721
3613 3727
3620 3643
651 1344
2575 3023
2799 3545
2685 3167
2587 3096
2939 3449
2136 3752
2686 3759
3757 3784
1785 2794
2804 3039
3068 3108
1954 2037
2560 3360
3212 3429
2146 3440
2866 3591
634 1220
545 926
2851 3726
2850 3687
1245 2603
2075 3062
1592 2885
3517 3664
2432 3753
2859 3421
1544 2152
961 1652
2916 3732
1320 3141
3532 3771
1083 1809
2087 3144
1792 2113
823 1963
563 1715
1661 3244
2976 3642
3005 3563
1231 1736
2854 3453
179 2232
1294 2399
1634 3794
196 424
448 2052
1084 1338
1760 3609
422 2286
3215 3772
2930 3217
3742 3797
430 1333
1669 3364
2452 2537
3442 3634
1712 1727
2495 3254
1613 1630
524 1166
1215 1559
1288 3075
3545 3701
2818 3356
3273 3604
3027 3605
3265 3426
3707 3715
653 2928
2781 3259
1260 1750
2373 2663
883 3760
688 846
980 3263
291 1825
2618 3400
32 1262
2940 3451
944 1215
396 1687
1725 2151
1667 1745
1542 3724
1013 3217
2533 3386
3301 3407
2401 2746
2110 3660
2848 3535
3574 3717
223 2473
1994 3451
1842 2961
3246 3615
3405 3793
1808 3690
438 3623
934 1390
15 476
1292 2890
2179 2449
2093 2379
2440 2839
3355 3597
2247 3717
2990 3483
433 2294
3372 3603
2980 3493
2165 2905
3215 3662
2239 3201
1348 3286
1135 1742
1112 1666
2798 2918
3021 3461
3551 3753
1739 2128
3383 3590
974 3376
2775 2806
1500 2139
3473 3707
257 2041
2576 3470
3657 3747
1294 3276
1786 3729
3188 3775
292 536
222 3303
1437 3563
361 2887
2129 3331
3366 3490
3743 3753
2648 2745
2846 3715
1997 2284
3438 3497
2010 3505
3347 3433
3238 3545
3038 3745
1934 3741
303 3043
1746 2249
2341 3550
1366 2806
991 1543
778 2086
3643 3739
3026 3067
593 1622
3310 3785
2790 3473
2833 3079
3440 3658
3117 3542
3744 3788
738 1817
3725 3778
2458 2498
2388 2654
1187 2512
2846 3181
3104 3335
2401 3490
1351 3710
2173 3462
1374 1442
379 2015
3746 3790
1976 3786
3501 3736
410 2209
2834 3633
2279 3444
1453 3225
95 972
556 2528
2667 3526
3696 3699
3711 3783
3529 3761
232 1578
1044 1350
419 424
1731 2376
2889 3565
755 3050
1205 3723
2018 2824
1472 2640
2900 3336
1785 3465
1939 3449
2885 3534
3416 3676
2714 3658
3514 3542
156 3444
62 3747
2100 2640
2017 3048
640 1584
2553 2931
2363 2972
3763 3775
3398 3604
245 876
398 3760
1945 2531
2245 2604
3389 3583
2107 2666
1294 3587
3235 3730
3619 3639
1598 2546
2937 3026
2302 3033
215 2526
1779 2259
3401 3646
3325 3690
3552 3678
1009 2557
1067 1590
3533 3676
261 2827
1852 3575
1157 1947
1641 3250
3661 3692
3786 3789
960 2417
3219 3656
1944 2755
2543 3467
1958 2780
1300 3506
2467 2527
3383 3616
2478 2573
494 580
2583 3403
3130 3572
1174 2591
1603 2504
1292 2309
966 2054
1855 3700
2556 3004
2506 3679
3537 3658
2461 3389
3248 3529
2196 2226
3662 3679
2190 2405
1881 3501
804 1669
2326 3708
1924 2831
1414 3724
2636 3656
40 1642
1660 3769
3559 3762
2037 3616
2644 3788
2362 2736
1221 1269
2099 3752
908 1456
1596 2456
1619 2304
2858 3090
2190 3021
2776 3029
442 3645
3737 3744
639 996
13 1756
1384 2648
2342 3704
2217 3134
3307 3616
2179 3631
2325 3579
1547 1857
335 2896
796 3110
1562 3154
1884 2302
1964 2607
2447 2457
2485 3424
3679 3750
3257 3795
3039 3644
999 3711
1054 2347
2570 2692
2475 3344
1578 3090
3192 3471
535 3625
2610 3353
3193 3546
530 2045
3086 3203
3446 3789
195 2062
780 1476
2560 2905
1949 2161
3625 3687
3466 3486
2204 3152
3775 3784
1751 3032
3088 3560
1770 3755
1418 1986
3689 3788
1938 3344
2488 2574
3661 3717
1755 2620
1462 1705
2348 2485
569 3356
2925 3619
26 1914
2912 3207
3705 3725
2694 3356
265 576
1161 3321
2347 2760
2605 3761
3559 3591
2553 3211
1947 2077
65 1452
3080 3726
1080 2872
1209 3686
3507 3681
2777 3433
935 3576
3082 3690
2730 3167
750 1450
2084 3178
1550 3011
2826 3423
702 2183
1832 2225
1795 2821
3273 3579
3589 3666
276 3520
3609 3753
1820 2365
2982 3790
3231 3496
1322 2193
2690 3435
3487 3624
1657 1973
3025 3281
3052 3141
1942 3273
3487 3743
3113 3169
711 2260
1015 3763
2531 3680
1862 2490
591 3289
2456 2993
579 3068
1959 2216
257 721
2572 3088
2417 2909
235 1823
1275 2339
2550 3530
313 2027
2775 3294
2754 3193
2552 2600
279 2843
2667 3556
558 2273
2128 3017
1259 3145
2293 3252
1156 2254
3019 3050
2399 2732
3387 3679
361 2023
383 1458
1381 1946
3498 3737
403 1060
1513 2098
114 1453
1266 2031
853 1550
2275 3397
2547 2659
494 1566
3399 3563
3702 3728
2299 3342
3306 3600
590 2591
3242 3296
440 977
847 1331
1087 3142
514 2688
2573 2913
1124 3738
3026 3175
2161 2209
483 3710
3029 3608
2422 3391
2174 3611
1825 2235
455 1647
2024 2804
2334 3085
1996 2021
1482 1842
1127 2585
950 3485
2265 2378
3319 3603
305 2841
1182 1536
2666 3412
1715 1887
1732 1883
3165 3722
1606 2931
1190 3128
2417 3530
2777 3023
3615 3743
662 2490
103 2041
2290 3064
1321 2705
1560 2326
2254 2940
1102 1494
1974 3762
2852 3606
470 3007
1297 3067
2875 3621
2317 2696
3356 3389
722 946
1464 2964
2145 3062
3085 3281
2957 3784
285 1600
3400 3647
1756 3572
3580 3636
253 2001
2812 3266
936 3252
934 2121
449 1511
1606 3591
1892 2391
2323 2944
2690 3186
1015 2543
3160 3561
136 2709
3313 3740
836 1352
3630 3646
1543 3736
3478 3637
2189 2877
504 2090
1906 2789
453 2027
2335 2857
1312 2205
464 3591
3192 3521
2304 3049
2529 2590
1572 2544
326 1617
307 2944
965 2330
2234 3485
3035 3235
3342 3778
692 2751
438 3589
692 3771
2885 3234
3363 3568
1685 1708
2260 2674
1048 2480
69 2618
1972 2951
1332 1337
3196 3237
833 3621
3685 3749
3330 3714
3465 3486
3181 3456
1789 2364
3618 3736
3392 3417
1100 1740
2398 2587
2079 2456
3177 3281
1767 2306
2914 3432
2729 3103
3683 3779
406 3205
2612 2853
2215 3365
1061 1978
444 2759
1644 2448
2969 3605
639 1133
2087 3763
474 1528
2822 2981
3301 3358
1433 2645
538 2403
871 3081
583 1424
3030 3224
1080 3120
3026 3363
2377 3128
3698 3720
2631 3026
3747 3754
501 1730
3335 3339
2080 3215
978 2827
3573 3751
3757 3771
1048 1908
3682 3701
1049 1945
2586 3205
2672 3389
502 1438
3114 3786
3575 3676
3008 3151
52 2322
2804 3439
11 908
2735 3679
2136 3416
1098 2435
1219 2941
1189 1368
1036 3432
637 3616
3765 3778
78 3727
3726 3788
500 1807
2799 2846
1866 3094
831 1271
820 3672
2874 3291
863 2360
2823 3367
598 2793
2680 3347
3269 3688
1453 3245
3154 3318
588 3557
2075 2269
1935 3107
3308 3428
195 2956
2838 3254
271 3608
1933 2230
2724 3072
2611 3283
2852 3181
289 3267
3061 3697
3375 3646
1950 3112
2770 2829
134 2176
1052 2218
1544 3257
3721 3724
2002 2529
129 1895
1721 3592
2158 3102
3122 3173
706 3463
685 1752
1784 2395
1396 2134
2107 2245
1171 3567
2238 2671
2579 2673
529 2551
1987 2728
590 1526
2264 3532
1179 2678
2323 3461
1203 2056
1487 3235
1299 2357
1550 3327
2652 2915
1890 3499
909 1635
1540 3353
250 1200
3144 3468
1844 2280
1984 3745
470 2417
2905 3425
879 2672
775 1680
1771 2570
3157 3196
3552 3693
3533 3672
3307 3509
2076 2309
674 3529
2375 2906
3609 3740
3050 3385
87 2069
365 2344
3353 3547
2777 3006
748 1685
3554 3682
3078 3674
3690 3799
3425 3794
849 2511
1716 1932
2826 3632
2005 2230
2136 2690
1564 2195
587 683
1971 3303
1219 1530
2373 3768
2715 2883
1855 3202
1452 2427
1896 3454
82 1244
3140 3191
9 3592
2179 2467
799 2948
3722 3754
551 2285
2464 3370
3340 3516
2686 2827
2455 3632
1884 2898
54 1871
1280 1524
933 1535
77 2717
3672 3778
3676 3687
2057 3381
3724 3782
2866 3730
2882 3096
215 2894
2169 2465
1281 3562
2950 2995
3764 3776
3556 3590
1339 1726
3232 3389
82 1812
2923 2934
3549 3640
2697 3329
3114 3137
502 1296
922 1264
1145 2501
221 545
3641 3680
2058 2424
1354 2108
1665 2164
3250 3302
2571 3599
1018 3688
3315 3612
1734 3237
2464 3247
2477 3767
1899 3794
729 3108
1998 2199
20 2607
537 2436
1986 3798
1434 1548
59 3076
3570 3616
1741 2833
3586 3638
2806 3551
293 2904
1137 1468
308 1468
3261 3398
3025 3549
3018 3584
138 2548
637 3719
1966 3725
2669 3450
227 2673
735 1270
3598 3733
10 3440
3554 3665
1904 3349
2210 2735
3003 3392
469 676
3583 3620
674 2711
2637 3648
3571 3610
1941 3658
1657 2552
141 3177
2728 3296
2335 2572
2380 2966
3573 3793
716 1388
3221 3670
515 3625
1326 1829
1741 1920
1945 3552
3631 3754
2436 2830
106 1726
352 1344
258 665
1536 2797
3404 3692
757 2701
1117 3008
1117 1736
1069 3660
3777 3782
2732 2965
2572 3037
1953 3262
3603 3687
2468 2943
3012 3046
3542 3625
3414 3451
3141 3449
500 3173
1407 2360
1728 3041
1410 2746
315 948
2969 3362
491 2893
753 3789
3060 3535
1744 3780
3484 3726
1744 2665
3261 3636
1298 3233
2139 2525
561 3704
1446 3603
3730 3734
1524 2107
1998 2478
1066 2527
3066 3313
1533 3492
2148 2879
2958 3455
1178 2767
799 3133
709 2518
166 2685
1567 2551
603 1424
1923 2228
3166 3701
2382 3709
3691 3765
1274 2963
3005 3572
1071 1359
2559 2616
1298 1690
1593 3205
1411 3174
3743 3784
1534 1578
3137 3176
675 3307
2883 3075
2779 3621
2834 3333
1227 1236
2620 2710
260 933
2632 3212
2197 2943
2552 2830
1777 3393
1423 1848
1528 3045
3297 3600
1108 3024
269 2018
1207 1740
385 3207
3503 3545
2732 2743
908 2336
688 2451
1074 3634
2900 3591
3737 3751
2310 3173
2089 3275
1046 3528
789 3748
3758 3792
1272 2811
1667 2960
2156 2372
825 3623
2104 2274
2229 2533
979 1150
3764 3772
206 3089
1281 1994
2969 3522
1122 2547
913 2319
1405 2949
1090 1669
326 1506
3478 3737
379 967
3079 3727
755 2661
3290 3681
1638 3318
547 2027
2971 3292
1935 3166
81 2457
2538 2698
3424 3665
1610 1997
171 3798
1203 3792
2017 2975
3157 3442
1430 1472
2965 3004
1913 2751
3163 3465
178 2386
306 2696
626 1932
2640 3741
749 3557
667 2377
3160 3338
1070 1748
65 1091
937 3456
1013 1873
1820 2738
3517 3552
830 1877
3510 3696
1299 1913
1385 1656
1638 2191
263 661
2736 2996
963 3342
1506 2293
1913 3759
3665 3729
1183 2832
10 115
351 3566
747 1371
305 1527
3419 3715
3019 3784
2559 2861
1356 2947
1200 3119
1113 3625
2255 3218
1182 1709
1478 1963
819 1047
3023 3248
3337 3434
2417 3186
1137 2785
391 738
1507 1866
319 3685
3179 3357
2295 3765
511 1060
1691 3457
63 1597
3331 3796
1003 2166
1422 3167
3572 3791
1014 2036
1 3725
1320 3771
73 1390
489 1264
1141 1813
2048 2484
2148 2181
2208 2771
122 2404
737 2767
884 1210
1117 1647
2762 3398
595 2866
447 3096
702 993
2013 2979
3358 3493
3364 3734
2462 2710
1135 3677
1331 1488
3073 3750
1149 3440
1308 3000
1923 3360
1161 3306
467 1831
2251 3047
2639 3365
1775 2507
1207 3506
2494 2985
2972 3083
702 3795
623 2204
98 588
655 3118
1085 3006
3588 3712
3239 3656
525 3132
944 3003
1826 2284
1880 2139
2533 3179
2177 3422
599 1760
2048 2879
3385 3616
2811 3672
3026 3050
3506 3703
1002 1190
230 3215
933 1213
15 2053
3539 3669
1246 2693
1969 2221
3104 3728
839 2712
3212 3333
2313 2537
2887 3727
3271 3284
3147 3619
1998 2774
3224 3721
3298 3764
3779 3797
2020 3075
3600 3787
730 3676
1717 2719
1448 3691
2423 3574
3347 3745
359 1222
281 3534
713 1347
3744 3757
3788 3792
1287 1732
3668 3793
1937 2786
1280 2284
2010 2567
705 821
132 3771
1244 1764
294 3533
600 2110
1312 1776
1201 1872
442 3651
323 1756
3338 3351
772 1578
1858 3464
416 2666
2661 2900
49 2641
94 3713
80 3215
1112 3587
1083 3644
675 986
490 760
3032 3105
1203 3347
630 3346
1514 3001
1281 1996
1383 2395
652 1050
176 3061
1251 3485
718 1775
1932 3117
2601 2891
3547 3704
844 1170
1980 2804
2901 3783
2998 3317
1608 3174
3275 3548
617 2397
1898 3172
2001 3567
1175 2791
802 2875
2022 3237
2146 3728
1770 3671
1098 2817
34 1182
913 2962
1619 3450
2835 3711
3249 3307
728 1799
2546 3608
1806 2496
3397 3481
1690 3120
1296 2866
2129 3633
1553 1647
3567 3629
3101 3785
1761 2182
2273 2548
2904 3755
886 3270
1506 2260
1937 2633
3577 3627
2709 3254
1373 2671
2360 3301
2456 3405
1921 2403
2590 2962
938 3036
1805 3480
3069 3486
2609 3117
2663 2843
488 1907
1094 1909
873 2174
420 3174
2091 2153
874 3612
296 1766
3100 3688
274 3006
1333 2365
1050 3501
541 1346
159 3198
1080 3521
1379 1851
2447 3494
2182 2410
231 1165
2543 3120
1094 3116
3210 3496
476 616
1771 1950
3493 3505
3454 3740
3063 3384
2173 3415
2452 3622
2575 3366
1181 2021
3135 3588
175 1767
3226 3395
3669 3701
215 2482
2641 3487
1698 3236
289 2778
3472 3697
1740 3433
1723 3664
836 2621
785 1765
2058 3068
3681 3733
159 387
2504 2756
1624 1711
578 1207
716 2434
2844 3673
3091 3134
581 1160
3517 3788
3558 3640
2026 3157
3075 3321
1702 3532
1655 1950
2888 3072
473 628
668 3708
934 3597
1929 3093
2818 3545
680 3393
2202 2261
37 2975
2173 3485
1188 2058
2772 3552
2623 3324
2218 2943
1836 3588
715 1456
1321 1430
2354 3540
1734 1801
2383 2768
3375 3618
3283 3633
457 3125
2301 2939
1229 1764
2858 3237
3696 3776
793 2063
3001 3416
3201 3732
523 1480
3067 3451
2047 3604
675 1234
3511 3730
1492 3086
2718 2800
786 955
1354 3384
3112 3364
3789 3793
2327 3247
194 3451
71 2361
114 3057
1798 3204
1871 2891
2548 3727
212 1188
1208 1580
441 2388
444 2941
1897 3537
3687 3756
1541 3128
2178 3752
1430 1510
1980 2672
82 1771
259 1354
3441 3729
1143 2446
1399 2289
1012 2020
1289 2051
1669 2892
3607 3726
2619 3780
53 1918
777 3539
483 2515
2226 2626
2348 3779
2721 3013
3081 3102
3536 3790
2709 3618
1569 2776
1523 3390
1321 3556
416 1777
297 1849
3110 3521
869 3172
840 3644
2757 3279
2048 3498
3207 3565
3290 3302
3686 3717
1400 2861
3679 3735
2390 2513
165 3516
763 1426
2173 3150
2262 3414
979 3344
45 2032
2992 3149
2527 3393
2769 2977
2381 2456
974 3625
153 157
3167 3398
2290 2929
357 2700
652 3188
707 3066
1204 1574
96 3013
2587 3249
2346 3125
2544 2801
3191 3298
1412 2509
1481 1790
3543 3661
3334 3517
2092 2732
1213 2919
2283 2850
1593 2504
3391 3590
807 2608
3505 3556
629 3235
758 2257
2171 2474
2810 2815
1638 2157
1942 2926
1852 3521
3698 3751
40 2827
3681 3778
632 2310
1190 2909
1809 2506
3270 3690
1829 3218
2031 2111
405 1578
418 1477
2298 2360
3390 3438
520 1928
2394 3259
446 3124
2536 3180
3352 3398
319 2633
1453 1874
1727 2646
1101 1127
2172 3588
195 1597
1976 2177
3789 3796
820 1494
1278 2305
415 1824
2622 2878
1223 2540
863 1194
1867 2897
1864 3615
3481 3518
2122 2142
3430 3600
722 2134
2726 3799
457 2918
1802 3423
2185 3502
2159 3017
2994 3400
267 3741
1330 1679
3500 3705
806 2704
1712 2579
1288 3449
2995 3219
1517 1828
1456 3410
684 1845
699 877
2913 3131
1589 2496
421 2841
1311 3697
1587 1828
3282 3592
260 3337
817 2868
1757 2526
652 2906
3772 3791
2333 2564
3401 3752
2324 2395
1282 3627
645 1719
1101 2637
3532 3617
1879 2423
1464 3414
865 2155
3333 3661
903 2970
1537 2941
3680 3759
1578 2907
1269 2205
1180 1220
3687 3702
2018 3748
2561 3436
1655 3577
398 3283
254 2070
2337 3424
1990 2795
3674 3693
656 3714
1873 2381
196 2952
3109 3546
30 3757
1528 3278
767 2424
1943 2518
1150 2015
3286 3706
1821 3320
3240 3648
591 3572
3216 3248
340 3603
798 3722
1032 2339
2692 3055
1297 3229
2961 3308
354 1817
627 2570
2433 2894
3683 3699
966 3312
2898 3075
263 515
1233 3075
2030 2203
3771 3773
1908 2055
1264 3769
255 414
1666 1668
135 328
2573 3003
1807 2647
3705 3794
2487 2896
2179 3790
2107 2164
1733 3452
2916 3389
2392 2412
3797 3799
671 2818
982 1414
2759 3210
1536 2991
1469 2095
260 3098
589 2184
388 2486
2627 3544
2844 2949
1880 2280
3584 3781
920 3643
1737 1866
3375 3441
789 2839
1077 1724
1629 3706
2336 2937
3121 3699
485 631
3409 3647
2790 3679
2861 3789
1982 2043
3633 3705
1667 1945
204 2408
914 1225
1054 3384
2374 2796
3581 3617
1329 2056
3309 3615
1282 1696
2533 3458
819 1599
3715 3797
2731 2841
880 3333
3254 3548
1998 2759
2410 3799
3380 3405
3264 3750
1032 2949
982 2388
909 3188
1304 2052
816 2049
764 2143
2413 2472
1566 1914
2186 2617
1263 1298
325 3699
1266 2842
1939 2480
950 2175
3164 3203
2793 3323
2069 2480
1744 3286
1305 1771
691 2480
289 3091
1923 2872
2216 2969
407 2674
1313 1764
1293 2620
680 1287
830 3685
2026 3529
2025 3268
3284 3526
3129 3284
854 2901
2412 3348
1745 3104
3724 3787
1260 1729
2276 3105
3532 3706
206 802
1701 3339
1004 3715
1205 1887
3756 3772
1746 3448
313 2247
1223 2729
2656 2702
2326 2732
1447 3179
2012 3759
1417 3403
2007 3129
2805 3359
3692 3711
1513 2766
1117 3245
60 1389
1985 2883
867 1822
2650 3693
407 2830
3421 3717
265 3555
2613 2998
3037 3252
2688 3782
1240 2575
1221 3188
200 2289
188 532
2618 3370
3293 3297
219 1862
656 2309
2011 3703
3489 3784
1982 2915
3404 3528
3037 3345
827 1256
3090 3194
3145 3346
3524 3755
910 1069
2054 3435
2749 2945
2080 3350
3039 3731
3740 3785
1422 3182
3321 3503
1537 1922
611 2424
570 986
2480 3325
1707 2239
3066 3772
2280 3622
3017 3557
712 1535
127 1207
2181 2417
92 2900
2546 2639
2394 3146
2198 2541
938 1667
1170 2926
3765 3791
3456 3746
2944 3299
3141 3561
1951 2247
3052 3258
393 2709
2535 2972
3437 3492
294 2169
2937 3399
2065 2331
2631 3046
2270 2585
406 1569
51 808
572 3264
1854 3615
99 2253
1580 3459
3211 3431
525 2681
2143 2692
814 2577
506 814
10 3665
3238 3611
1656 3459
2869 3603
465 1444
2953 3395
2548 2939
689 2403
3677 3754
3502 3557
131 3631
2948 3058
917 1052
47 1643
3459 3721
442 2120
1203 1304
1665 3286
3415 3621
3512 3711
1196 2176
908 2957
3179 3760
336 2646
1335 2769
1486 2300
351 724
3698 3726
1118 3730
2361 3724
925 948
2051 2748
191 1408
390 2854
3712 3771
2782 2798
1117 3259
12 821
206 238
1627 3242
779 1092
674 3372
2458 3791
3183 3406
1896 3691
1105 3427
2227 2921
611 2977
3665 3673
3302 3553
3291 3536
2852 3709
412 2528
1717 3708
3296 3340
1848 2870
1743 3437
331 735
2128 2494
3552 3669
2427 2812
365 3447
1694 3789
2846 3666
949 2591
250 3125
3577 3791
2556 3364
225 2581
123 2650
2328 2354
602 906
2295 3519
3227 3255
3059 3148
367 3006
1176 2386
167 1856
279 1642
2943 3081
2877 3646
2999 3401
3347 3605
2320 2428
2188 3381
926 2956
2448 2497
925 1017
1906 3781
3261 3375
3451 3711
3217 3723
152 991
1083 3216
3196 3544
966 3593
1879 3781
1261 3338
3529 3717
839 842
66 1846
574 2485
779 1792
947 2739
495 2307
1978 3572
1185 1301
1529 2076
938 1701
782 2361
1296 1933
2180 2250
2125 3320
86 258
3770 3784
675 1553
1709 3327
3622 3759
227 2962
2179 2462
43 2623
1122 2249
498 1026
354 2222
544 2511
280 2246
3014 3251
542 2106
1623 3675
118 1451
784 3588
66 118
3771 3783
3231 3394
1693 1914
1625 2958
3676 3705
3019 3049
2679 3140
1235 2316
1954 2396
2392 2792
1040 1742
836 2182
1727 3366
3590 3753
1997 3539
2491 2897
1394 2428
605 1640
176 1432
3326 3577
4 1900
324 2476
2179 2560
3792 3794
581 1333
515 940
2198 2626
2672 3501
3791 3792
2993 3374
264 1877
919 3771
547 2622
2525 3244
590 1061
2824 3760
3283 3688
820 1034
1549 3350
1634 3096
1365 2361
1894 2213
1959 3162
2521 3706
2451 2791
772 2364
798 1199
2255 2416
2939 3517
583 2752
2394 3281
2455 2776
2728 3231
1155 1510
3467 3785
2677 2847
1121 3098
3477 3479
3782 3799
777 1324
3681 3704
3469 3799
571 1099
230 2158
2169 2279
942 2455
2254 3496
3365 3577
1220 1481
621 2376
292 3316
2128 2743
3713 3738
894 2660
2341 2965
496 3271
1986 2843
1066 3711
206 1833
3565 3602
2580 3040
1609 1848
1905 3199
1391 1552
1774 2041
3721 3748
1854 2548
3152 3282
1970 3007
399 1759
3233 3745
1962 3744
1237 3137
1421 2200
3763 3784
1191 2518
2164 3039
1115 1192
3387 3737
2189 3146
3250 3777
1875 3601
2303 3786
614 791
2962 3133
226 763
210 3553
1691 3540
2355 2449
17 1818
1000 1282
980 1186
2695 3377
416 3181
3381 3506
1502 2317
1059 2788
522 1934
1133 3792
1364 3653
642 2033
3063 3278
2480 3771
2448 3268
3643 3683
261 1577
1758 3694
3231 3599
3785 3786
2010 3687
524 3516
366 1902
782 2229
2200 2941
1627 2531
1473 3143
1310 1420
3475 3642
1534 2204
256 564
2645 3499
856 1100
489 1180
1583 3229
3322 3641
2032 2883
1691 2643
28 602
2602 3760
1322 1625
2073 2560
1465 2659
1938 3055
2402 2491
3725 3799
2017 3249
3418 3732
2836 3464
382 3601
1012 1040
2544 3090
2478 3643
3643 3671
2154 2744
2319 2334
133 2180
2515 2802
2409 3405
3051 3444
3585 3756
1014 1198
1146 2729
2060 2287
1544 3527
473 3356
3596 3598
1689 3670
1836 3582
110 1060
150 3585
1660 2031
192 2303
1096 2831
3129 3540
1454 2695
3735 3792
737 3640
2425 3693
182 1591
390 1708
2404 3647
710 2611
3091 3667
1050 1376
2478 2580
1375 1977
365 3561
2319 2787
1021 3018
2511 2920
2429 3373
1512 3797
1385 2463
1453 3255
813 2745
465 3258
2231 3214
3430 3711
3033 3399
3459 3463
1713 3094
33 2705
1371 1626
2997 3538
631 2719
993 1604
3312 3401
1120 1248
3619 3740
2043 3465
1981 2090
286 2499
1504 3193
208 3064
951 3263
3604 3627
1742 3532
2396 3353
2311 2727
3782 3790
1194 1232
2982 3655
477 1938
750 3775
2233 2479
2781 3263
3237 3240
2781 3338
3640 3650
3263 3321
1322 3473
775 3503
1049 3654
3573 3753
3534 3741
2349 3314
623 1078
2752 3655
3111 3343
1012 3502
2576 3082
2799 3028
1156 1700
2265 3627
2984 3149
1636 3775
3508 3636
425 2438
140 2254
1906 2211
1576 1629
2775 2794
3711 3780
1552 1728
665 1504
2995 3711
612 3643
3789 3799
2801 3281
3762 3775
1443 3122
274 1529
1658 2948
2962 3340
2936 3535
1166 2129
521 1446
1601 1952
489 1792
1574 2301
2170 3696
3652 3739
1083 2971
468 1023
1828 2272
134 2405
2112 2518
2652 3369
776 1230
3703 3732
2365 2989
2481 3576
710 1732
3531 3646
3762 3765
253 953
2508 3180
2859 3687
2098 3385
1232 2990
1219 1721
1929 3141
3512 3718
1261 3291
313 839
1865 2419
2052 2453
3060 3249
926 3464
1265 1545
2207 3505
2348 3458
1810 2140
567 2405
2266 3236
3065 3432
126 2860
248 3334
1961 2632
1695 3624
1151 3611
2363 3572
1844 2904
2518 3197
1340 2610
789 3267
2288 2875
3193 3390
1439 2199
2096 2455
2221 2339
1433 3404
636 3343
1947 2491
1526 3169
913 3223
3773 3784
290 2915
1798 2846
1684 2292
1434 3636
3450 3790
1430 3259
892 2194
2593 2694
1734 2503
96 1077
2452 2789
701 1150
2778 3637
2465 2615
473 2400
2364 3020
3296 3681
152 1442
1397 2064
1369 1983
2095 3797
3429 3495
1972 2943
1236 2007
1076 2856
2006 3179
2273 3538
3677 3717
1104 1651
800 1464
3464 3617
1358 1875
2592 2739
1669 2326
1021 1178
2000 3609
2510 2903
1172 3283
3043 3754
1842 3420
2250 3063
3566 3628
3447 3690
3132 3617
2745 2984
3254 3381
1562 2966
331 717
1076 1852
1214 2568
1118 1165
2979 3635
3673 3779
3408 3623
112 2625
2804 3697
1306 3626
613 3125
1295 1305
2141 3296
3293 3493
1621 1821
1281 1776
2457 2743
1004 1648
612 3104
1665 3560
323 3557
947 1513
3352 3357
492 2126
1033 2633
2214 2422
1856 3432
161 1346
623 1079
1371 3688
366 1126
3602 3755
2082 3741
259 2237
882 1091
630 1681
2673 3589
2265 2628
2985 3521
2082 3313
473 3557
509 3275
2843 3754
3602 3676
3215 3795
2127 3161
2418 3794
376 2815
2724 3702
351 1437
276 2418
3664 3751
2302 2326
3420 3649
245 3521
590 1514
3259 3757
3351 3611
3397 3791
504 3614
664 688
2266 2537
170 1849
2635 2771
726 3002
726 774
3131 3607
210 3207
3755 3783
1452 3377
203 2344
3357 3788
2108 2850
3307 3616
821 1339
9 1730
3526 3626
2211 3186
3583 3727
2604 2846
1642 2738
882 3784
3761 3781
2788 3285
2612 3786
2567 3764
2714 3415
2375 2566
1189 2303
3109 3549
847 3180
2699 3742
3795 3797
1031 2594
1565 2426
2059 2330
3148 3617
559 707
2716 2903
270 1561
1396 1808
3322 3412
2905 3081
2916 3195
2795 3092
423 1939
431 3457
1468 2581
3525 3618
2316 3293
2982 2993
975 1974
2597 3579
3441 3445
66 1168
1157 3034
2201 2930
3592 3752
2200 3152
87 676
1560 1741
2118 3028
2992 3434
1485 2054
2160 2995
256 3611
1743 2249
3009 3129
1358 1903
314 2371
811 1753
2005 3721
3023 3257
898 1070
2419 2464
214 2261
3775 3787
2837 3163
2566 3038
2088 3130
721 1656
1766 3724
82 1337
3451 3772
605 1954
575 2298
1254 1379
3567 3676
202 323
2056 3609
2563 2645
681 2874
1554 2046
1782 1813
3212 3307
1687 2653
128 762
2861 3166
1250 1662
2849 2946
247 1748
2529 2800
3173 3582
1963 2388
2790 3243
3435 3564
1091 2898
26 183
2376 2753
1684 2910
3777 3785
2097 2972
324 2562
1926 3694
2927 3361
1977 2833
1325 1648
263 645
127 2821
1469 3228
3766 3768
1049 1397
1011 1844
559 894
2323 2666
1020 1226
43 951
1808 3263
1003 1275
316 2881
2085 3343
560 814
153 3419
497 2947
1524 3310
850 1218
919 1002
2324 3046
1597 2164
2623 3514
3169 3640
1976 2114
3554 3738
826 2556
329 1662
1746 2486
1064 3304
3314 3604
998 1542
1648 3788
3407 3661
3049 3247
1047 2375
565 1128
1129 3195
3766 3786
3437 3622
1019 2384
3453 3618
689 3020
1497 2128
3788 3789
1675 3691
3146 3278
1757 2811
626 791
2051 2404
1218 1422
1643 1941
3793 3795
3771 3780
337 3522
3292 3394
2178 3090
1120 2328
1602 3306
2961 3591
2992 3647
163 3758
2557 3639
1600 1717
449 1922
614 3516
2938 3466
1734 2175
2973 3651
969 1697
1840 3042
1892 3073
2167 3592
2896 3355
3086 3298
796 2019
2891 3312
2062 2282
316 943
482 718
3429 3611
3420 3696
1628 2705
1846 2235
2725 2751
1459 2147
1743 2049
1105 1520
1271 1910
2895 3100
376 3251
3373 3665
1801 3092
2237 3224
1762 2262
2489 3636
2003 3569
1610 2438
343 1566
2001 3225
2694 3676
2596 3311
3587 3754
1937 3479
1266 3572
3051 3693
168 1046
2938 2994
3382 3554
386 1280
1221 3077
2472 3588
3525 3768
1673 2688
1756 2246
590 2512
3777 3783
2199 3080
2557 3655
3637 3669
570 3757
478 3339
1704 2844
658 2396
1697 3653
1710 2464
3385 3783
48 471
266 953
1245 3088
2262 3090
2684 3477
2636 3363
484 1261
175 395
2133 2138
3600 3739
157 2740
1383 3101
3153 3466
1546 3566
1811 2403
2097 3340
3739 3775
459 3396
2997 3091
290 2898
2886 2936
2850 3694
1592 3673
1296 1757
355 1562
3496 3720
477 2235
207 3789
1802 2204
1162 2313
264 2595
1768 2163
2442 3219
2816 3495
2136 3380
1378 3299
267 2859
512 3247
1779 2984
1821 3619
1563 3195
843 2829
2490 3164
190 2529
1448 3189
3199 3441
1853 2094
3445 3485
2649 3615
3066 3251
2086 2683
95 471
2443 3621
801 2752
2549 3222
875 1265
2559 3242
2753 2896
2921 3250
543 1178
2864 3407
3035 3241
3337 3752
3101 3778
2231 3016
1322 2592
1798 2865
762 1016
1562 2311
1282 3408
3356 3621
3321 3367
2026 2196
2309 2550
2100 2510
1817 3021
283 1110
1315 2127
3789 3794
660 2538
1058 2012
2236 3049
1951 2105
2379 2480
703 2203
3231 3556
1117 1740
1780 3427
658 2162
1846 2224
637 2153
2105 3663
94 2883
1903 2260
103 885
2019 3621
2955 3796
1029 3323
3592 3595
3604 3737
3490 3652
3539 3785
1869 3105
1676 2560
3409 3559
1894 3495
257 2771
329 1578
2899 3363
3067 3611
1038 3240
1146 2089
2781 3758
1186 2962
438 1988
271 1353
1289 2832
928 2153
2367 2475
3237 3573
192 1105
3060 3516
2445 2872
429 2549
1569 2875
1405 2338
1445 2520
1140 2119
2964 3307
2315 3195
988 2595
481 3437
3777 3780
617 3770
3322 3750
3355 3362
1396 3748
1171 3284
1555 2926
3141 3382
151 3395
3337 3551
1248 1514
3731 3785
2893 3083
434 1377
2503 3440
3442 3774
2510 2678
3290 3773
2108 2393
366 3156
2213 2480
2076 2697
3441 3454
2228 3264
126 2904
938 2125
2243 3676
3537 3788
2942 3339
3641 3793
3147 3430
3247 3767
3588 3715
726 3406
3406 3612
67 1656
1903 3038
3117 3130
806 3662
3239 3435
2599 3087
305 3521
2005 2639
530 2900
595 2196
1040 1496
2494 2500
1602 2177
2034 3794
3635 3786
2213 3637
609 1599
764 2468
2482 3744
3717 3730
3693 3745
638 2698
2500 3312
3222 3269
1318 3039
1197 3346
2420 2976
133 1686
3589 3754
2470 2660
1907 2500
1681 2737
2552 3237
223 3110
1195 2258
621 1691
696 1768
435 1718
3704 3764
3582 3703
1510 2571
1082 1818
1040 2091
288 3078
80 1033
2580 2584
1290 3034
1120 2990
1580 2876
1681 2579
3097 3364
1249 2502
1910 2151
479 1544
757 2354
3318 3570
2237 3585
1123 3388
828 2507
199 3592
1936 2001
1917 3220
833 3788
3525 3552
1721 3487
2498 3404
3040 3576
2042 3296
1798 3344
52 2840
589 3670
2843 3650
2969 3227
892 2449
2921 3414
2884 3235
2508 2760
99 3299
1032 1433
741 1523
449 2200
764 1380
533 1406
3326 3745
198 722
919 1655
851 2072
3467 3581
3508 3553
3002 3415
384 1154
2408 2764
517 3130
3798 3799
1766 2177
312 930
1885 2507
1753 2589
986 2042
2442 3428
1636 3127
2538 3347
1397 3597
2748 3416
147 541
1978 3790
1647 2773
2108 3446
872 1113
1174 3009
1164 1894
582 2333
1756 2432
2895 3499
116 1158
263 1232
3639 3787
3473 3752
1671 2027
2457 3206
2907 3401
3431 3684
3276 3742
3595 3681
2560 2903
2221 3681
2379 3379
2683 3353
581 3674
2605 3443
3032 3349
2413 2415
2667 3361
2313 3755
2347 3780
2145 2570
1227 3041
538 2544
296 1767
3235 3754
3595 3789
354 524
125 2335
1788 1814
13 714
3570 3699
2567 2865
54 493
1686 3188
2359 2548
1464 1471
32 804
3294 3752
2631 3054
2709 3306
1314 2603
374 2745
891 2008
3272 3358
552 2822
61 1561
1159 3286
3686 3688
2980 3717
1164 1695
1 3307
928 3277
1916 3294
2272 3088
163 3736
1819 1964
2757 2926
3110 3261
305 2508
449 2519
449 3714
3393 3713
979 3278
3594 3779
1652 3607
2366 2775
3333 3574
779 3551
1030 3462
359 1303
3570 3753
234 313
864 3352
1695 2240
1730 1797
706 1190
854 902
1509 2433
2430 2686
3220 3364
1032 2499
2037 2217
758 1878
23 1992
2425 3304
1161 2752
2466 2584
1823 3391
1128 1134
3505 3679
1348 3531
3660 3720
3230 3575
708 1314
18 2658
3797 3798
2844 3057
2934 3453
885 1187
419 3587
3598 3720
2900 2914
579 3447
3132 3180
2726 3060
2764 2766
2936 3393
110 3222
2815 3427
1145 2720
3724 3762
1371 1375
2038 2294
1428 3578
733 2326
786 1905
1261 3450
2729 3006
54 3379
3182 3756
87 1290
3479 3741
2550 3449
2030 2365
1621 2224
104 3271
1395 3411
354 3336
555 2592
1222 2398
1189 2724
3580 3770
2396 3328
1384 3452
1209 1628
270 1952
2679 2966
3459 3491
2485 3219
2019 2777
948 1607
693 2915
731 3126
1835 2717
350 657
970 1540
784 2026
2910 3050
2518 2604
2627 2657
1163 2195
670 1813
137 779
1752 3674
2350 2704
1494 2187
3198 3341
274 1741
2150 2449
659 2241
2709 3297
538 731
2661 3439
3580 3651
298 450
3117 3181
3265 3634
1456 3051
1717 2406
2358 2976
672 3188
3007 3290
2419 3658
2561 2783
1481 2939
1483 1495
3003 3428
2958 3412
100 2306
870 2125
3571 3680
3545 3717
518 1437
546 2755
1734 2212
2005 2755
3759 3772
1330 1581
1518 2242
2246 3648
3691 3707
2679 2838
1388 2439
2460 3168
345 1613
395 3413
3679 3761
1607 2290
1902 2490
1094 1601
1685 3139
1038 1331
3180 3639
1055 3256
3766 3787
1244 2561
1856 2350
2769 3718
2355 3465
884 3448
2502 2582
3736 3796
253 844
2934 3490
3659 3770
455 560
2461 2859
3038 3049
3280 3388
1446 2651
208 235
3582 3788
985 1360
1176 3175
3742 3773
3456 3720
730 1883
3514 3744
3664 3697
2959 3472
46 500
3269 3551
931 1958
2871 3273
637 2847
713 2476
353 2362
1857 2846
3413 3764
3128 3526
451 768
1264 1774
2783 2857
1092 3326
3585 3769
1694 2394
1782 3535
1359 1761
2194 2301
714 1740
3640 3740
1605 2476
1550 3282
2502 2782
1553 2537
2194 2742
1536 3120
3677 3714
2532 2819
3575 3704
2366 3306
92 2344
1091 1965
170 2659
1149 2846
1943 3102
2517 3201
2597 3185
895 1913
85 1470
227 1690
3153 3658
96 2369
2959 3778
293 3236
1411 1739
49 1319
3475 3623
3483 3728
3436 3770
339 3549
474 2893
3398 3727
1182 2143
121 676
3171 3779
148 3208
2379 3464
2375 3357
2648 3436
1169 3608
1380 1544
1300 2340
2743 3755
149 2585
536 2065
2852 3430
1275 2399
1312 1880
1627 3653
3151 3548
522 2007
576 881
470 2415
2937 3217
318 1771
291 3303
1956 2491
2071 2832
267 3171
1936 3112
2010 3416
942 2237
3781 3797
1394 3353
1878 2336
2320 2472
1635 2949
991 2957
3772 3791
2737 3001
1145 2560
3053 3749
2007 3617
844 2647
3163 3464
2902 3661
1412 2097
500 3225
1314 3081
2569 3627
2566 2804
299 2657
117 1335
2450 2844
914 3519
350 3277
309 3413
1243 2630
501 989
888 1676
2152 2945
2649 3038
2508 3771
2506 3063
2318 2489
1860 2455
3618 3716
457 683
1819 3585
234 1149
671 3287
3565 3799
624 1027
3654 3671
2724 2736
104 2027
3492 3581
2211 3691
966 2972
1455 2137
3141 3163
527 2818
3120 3421
2896 3435
3268 3295
3649 3710
1562 3312
2101 3345
2178 2261
165 1668
3409 3763
1770 2405
406 749
2727 2763
1996 3601
2550 3085
1865 2246
3245 3785
93 2906
3740 3770
1283 3708
904 2957
1833 2547
2983 3730
613 1940
2108 3567
2112 2918
862 1213
146 1312
339 1632
447 3478
1681 3317
696 1708
366 3710
2438 2470
3026 3518
1160 1939
402 963
1720 2521
326 2239
192 2513
2029 3720
2972 3511
3291 3670
255 3675
3118 3651
3460 3637
3052 3534
1240 1292
81 3098
946 1231
1154 3308
53 1813
2412 2835
2695 2876
53 2608
3248 3600
1389 3071
2366 3590
2713 2851
3285 3292
1311 3345
1751 2636
706 1909
2925 3550
2125 2142
2278 3165
7 2888
2242 3576
827 3244
972 3726
2183 3633
1103 3107
2995 3031
753 2938
2847 3065
462 1017
2764 3679
952 2775
247 2829
1534 1965
2388 3597
664 1843
109 1327
2128 3300
360 795
3225 3540
3246 3387
1762 3456
434 1549
478 1424
3645 3648
2135 2504
2060 2379
2207 3465
1052 1915
3145 3725
3151 3202
1237 1278
2831 3723
102 1037
1187 2655
3123 3280
1861 3129
485 3469
3307 3413
305 2504
1710 3428
1993 2103
3431 3547
1776 2548
414 3066
3619 3741
2167 2756
942 1245
527 3195
345 550
3322 3757
2872 3520
3002 3322
772 3478
2472 3371
1873 3327
3209 3635
3767 3779
51 2914
3484 3503
3025 3292
1874 2870
1318 3749
2839 2919
2496 2992
3516 3665
2721 3451
2170 2295
1150 3372
3565 3670
1980 3479
3359 3513
3135 3764
3611 3750
5 555
553 1390
2754 3184
2370 2819
1711 2158
2309 2837
3156 3784
986 3448
1707 2114
3403 3519
3549 3735
1285 1339
2665 3103
3189 3290
2169 2430
2281 2969
549 972
2021 2150
901 2925
1983 1994
1095 1357
2597 3041
1111 1286
1326 1781
3526 3698
1999 3174
389 3415
1365 3613
2042 2098
3107 3750
2404 2409
2750 2921
1072 3247
1093 1587
173 2763
3103 3618
2331 3651
3637 3645
2476 3441
1852 3506
3221 3323
622 3393
3253 3598
1180 3444
52 799
2668 3314
2308 3223
2324 2488
272 1051
2531 3244
697 3674
1073 3284
1876 2432
3639 3695
2910 3390
3330 3763
131 628
2047 2896
844 3628
71 2427
1357 2656
3366 3632
316 2076
2074 3741
3337 3424
1300 1766
3016 3175
421 1403
1837 2348
1305 3552
3042 3159
745 1743
2662 2821
1712 2577
2710 3279
141 3147
1317 3671
1875 3012
2585 3659
3037 3159
2816 3419
281 3422
851 3186
2501 2897
556 1044
3208 3447
2118 3169
1543 2502
1616 2574
1614 2958
2817 3683
164 2819
2097 3001
3334 3417
640 3111
3435 3593
622 3698
1151 1222
3159 3510
2680 3259
3447 3672
536 1730
428 2669
689 1146
1128 1965
1326 2860
1343 2646
3252 3347
1537 3679
828 3607
2560 3782
2888 2921
2366 2506
2009 3651
2458 3461
3778 3797
1731 3087
1626 3734
382 1779
3309 3443
1720 3639
1404 2809
3672 3783
3178 3533
1013 3222
2241 2393
254 2844
2855 3052
876 1250
1615 1975
742 2767
2680 3249
808 2058
2731 3404
2056 2855
3037 3288
3217 3628
232 1530
1143 1839
3328 3792
3447 3738
3699 3741
1913 3564
3173 3188
2864 3455
1533 2107
1281 3224
3235 3479
1709 3757
3305 3455
1797 3047
467 3534
3309 3567
3362 3753
674 1641
2544 2913
2640 2669
3158 3184
2854 2883
3161 3337
678 3668
1551 2869
1890 2489
2566 3213
2041 3444
1424 1861
3788 3789
853 1721
1979 2764
3269 3323
3200 3438
3563 3782
2059 3341
2243 2613
501 621
518 1685
1654 2703
3538 3700
2102 3778
373 3185
2820 3527
3099 3548
500 694
2149 2264
2808 3236
1120 2383
3769 3796
1432 3709
2777 3114
2396 3401
557 902
1185 2892
2058 3485
857 2612
1409 3024
3696 3775
621 3726
567 1110
3211 3547
3223 3266
2024 2536
190 3562
482 2178
3723 3788
3489 3745
800 1322
1744 2984
2217 2725
744 993
3170 3307
3070 3598
2349 2435
1041 1546
2583 2895
1861 3203
219 1124
3083 3128
2815 3007
129 907
3530 3656
1259 1760
352 485
3241 3709
1454 1629
2131 3260
854 1560
2124 2241
350 3264
2417 3537
2697 3464
3258 3294
1735 2266
1115 1282
1662 2882
650 1400
3738 3775
2409 3499
3215 3391
1343 3634
3597 3770
2526 3452
2908 3731
1769 2185
1590 2266
3791 3797
258 2869
2785 3643
2373 3699
748 1852
1616 2598
1806 2804
686 2424
3622 3775
3107 3643
1593 2580
2461 3609
2636 3437
3456 3620
1432 2176
545 1725
58 2023
572 1937
1770 2955
2070 2081
2433 2703
1058 2108
3575 3597
978 2005
1066 1440
32 1267
1382 3186
3043 3258
1367 2062
2498 3390
3048 3080
1462 3772
2800 3087
3718 3789
1818 2464
1188 1596
345 2172
3759 3775
2242 2862
1611 3764
993 2805
2457 3491
2737 2881
2821 3507
3304 3795
215 3387
3606 3702
1056 3354
780 2900
2891 3419
343 3018
2070 2251
2715 2732
3046 3522
1551 2947
2255 3057
1492 2948
1070 3440
3280 3512
2597 3123
2802 3647
1188 3316
2477 2754
672 3074
3112 3257
1056 3556
1309 2933
3247 3268
1218 2096
2074 3312
1068 2386
589 2127
1705 2772
3781 3797
2313 3101
3164 3436
3237 3238
2442 3519
2235 3087
3756 3794
855 1306
16 517
188 3651
726 1120
1526 2146
140 266
2087 2670
1047 3201
1669 3278
3432 3460
3700 3784
123 887
3291 3690
3174 3691
1219 1321
1002 2594
3115 3779
3730 3774
2760 2870
1798 3554
3538 3603
3706 3780
2837 3695
2320 2847
2789 3419
3209 3447
424 1908
217 1055
2938 3108
2854 3740
3741 3743
2216 2861
983 2479
1281 1880
3682 3687
2769 3351
361 2232
2096 3015
2082 3032
1700 3734
3117 3337
1474 2761
1153 2719
747 3001
1386 3485
274 758
1189 2814
2671 2781
1810 2366
2331 2631
2069 2440
2754 3241
3205 3482
278 424
3152 3660
1961 2421
98 1140
3416 3421
3798 3799
1029 1083
1325 2711
2202 3331
2403 2493
2403 3573
528 3399
3455 3679
3441 3532
757 1598
579 1267
12 1483
2715 3009
147 2286
3576 3788
341 2924
432 822
1854 3616
1456 2248
479 916
627 1917
235 403
949 2050
1923 2507
2693 3799
1099 2898
1988 3709
3521 3766
3150 3797
2439 2800
650 1572
1993 3447
877 3526
1415 2310
875 1728
1750 1927
391 2085
877 983
1447 2673
2141 3334
1693 2239
3019 3160
3064 3425
206 2304
2302 2700
695 2538
482 2447
2828 2857
404 3595
1293 1654
1131 2704
2848 3190
960 1334
1431 3760
350 1814
663 1175
310 2890
2403 3051
1866 2782
3354 3583
3291 3315
2272 2822
2551 3476
203 2912
911 2651
3299 3451
1903 3085
2625 2806
1100 1605
1996 2546
2466 2834
2215 2951
25 1459
3788 3795
1312 2674
3694 3772
343 2691
105 2329
2455 3660
811 1076
1691 2095
187 1078
2564 3119
3076 3120
2314 2785
3768 3787
1213 3428
2530 3189
3510 3606
3210 3778
403 2734
155 3141
1970 3010
1301 2751
303 2995
2563 2854
2261 2593
1816 2966
3718 3769
2650 2656
3022 3301
352 1119
3067 3245
2194 2597
3624 3631
3611 3747
761 2177
1402 1634
1476 2113
776 1264
2451 3507
3207 3678
2242 2641
176 1750
553 3777
3383 3769
2841 3601
1913 3389
754 1887
3239 3761
2948 3650
1596 2716
3780 3789
889 3086
1377 3008
3269 3406
1656 2193
2502 3763
911 1505
2461 2828
2135 3033
2740 2812
994 3789
966 3718
911 1741
1192 3127
3241 3458
2826 3503
668 1791
3214 3346
458 2077
3220 3675
953 1033
1128 2297
1279 1359
3235 3446
973 2943
2086 3486
1763 2581
2582 3688
3302 3434
3028 3456
3504 3614
409 578
3109 3680
1312 1867
2373 3321
3494 3746
3575 3601
1364 3224
3679 3699
3469 3736
2596 3321
366 1358
2178 2961
2279 3543
674 2617
1970 2622
1793 3085
2301 3718
1614 2293
3471 3556
1255 3497
2626 3119
1980 3558
3750 3751
2525 2571
385 1736
1483 3628
3795 3796
2195 2970
977 2241
3352 3379
606 1619
1093 3557
1951 3357
3096 3185
2020 2146
2076 2590
2284 2532
1070 3574
1480 2902
3588 3725
2741 3453
2296 2608
3488 3566
903 1771
1219 1278
3067 3175
2879 3654
934 1772
1144 3064
2755 3051
1869 2814
2706 3150
1385 2260
1654 2952
2529 3390
2898 3514
1972 3712
2170 2829
1570 2035
3218 3406
3705 3783
400 429
1455 1716
55 1740
251 2415
1721 3286
1746 3792
560 1945
3694 3776
716 1885
2440 3298
371 1831
2461 2587
2991 3035
1164 2365
2554 2778
2595 3571
2214 2748
1102 3623
746 2778
1305 1904
1425 3362
2587 2597
1736 2931
1299 3358
3386 3759
532 777
3147 3415
87 1979
1029 2962
1389 3391
2770 3295
1484 2965
1674 2029
697 1344
442 1860
2408 3208
336 2464
1451 3596
2185 3712
3284 3392
3564 3645
1578 3000
1750 2642
765 2785
1162 1991
211 717
2023 2419
1061 2589
1819 3136
3278 3799
953 2170
797 1016
2343 3788
1925 3201
1506 3250
1217 2710
2464 3784
2813 2918
656 2578
2837 3394
1849 3750
1928 2143
559 1554
3146 3236
1845 2520
3224 3376
1014 2895
1804 2866
1912 3174
2099 2626
3483 3596
1386 1600
3165 3310
1705 2750
2831 2882
463 2820
881 2695
3356 3358
68 706
2342 3591
844 2683
2214 2527
1795 2082
2908 3420
1950 2168
2815 3441
476 2996
952 1675
1669 2791
3394 3443
3694 3770
2 1000
1791 2542
3028 3219
1380 3024
928 2159
1508 3528
1833 3483
1285 1676
2933 3029
2077 2173
1218 2149
1901 2700
1826 2615
2978 3235
250 1125
2523 3223
156 1232
3542 3614
740 2437
694 1260
1333 2858
2008 2882
2644 3193
257 3181
1396 3128
491 3596
1277 1649
2 416
1663 2985
3400 3583
3413 3787
1235 2526
1168 2094
2024 3393
485 1630
2900 3771
744 2260
2161 2279
1967 2231
1036 1908
2776 3067
3238 3348
1138 2445
2621 2696
3576 3583
2312 2503
1236 2317
1738 2300
3761 3788
1795 2658
570 3295
606 3742
3145 3364
1456 3602
2170 3213
2900 3442
1147 1180
2727 3447
1494 2606
444 504
3348 3583
2063 3105
974 2929
939 3030
2315 2597
644 3626
2550 3667
2589 3365
2482 3350
1331 1511
3211 3673
2171 2514
3795 3799
1144 1375
2684 2937
644 3627
2713 2928
3025 3519
3611 3723
878 3115
3345 3735
347 2867
2316 2356
2474 3241
1511 2772
996 1852
1273 1515
3282 3775
3691 3716
2863 3266
3071 3365
2087 3288
627 2725
2972 3739
1760 2082
1213 2738
3649 3657
2134 2993
1611 1748
636 2317
3499 3786
3300 3332
1550 1996
572 1841
2969 3078
2989 3016
2080 3678
3122 3163
2514 3729
2626 3354
2134 3000
1897 2557
363 1734
1250 1828
332 2590
25 2249
3318 3495
1497 3709
3556 3567
1830 2594
829 3569
767 3352
3656 3732
1065 1726
3335 3552
3653 3738
1963 2926
3783 3798
3347 3588
3243 3306
2530 3657
3020 3797
2390 3036
2901 2978
1071 1928
3209 3528
1424 3718
2890 3246
2703 3168
227 1588
1021 2104
1161 2177
2491 2811
1799 2579
3622 3633
2587 2620
2704 3543
3016 3680
3282 3407
3673 3793
3020 3633
2568 3373
1873 3347
1660 2365
1463 2966
998 1736
2100 3536
915 1258
1896 2560
890 3204
747 3209
2514 2831
1362 1398
2066 2199
1931 2929
3289 3656
716 2499
1192 3095
133 3614
3351 3722
1278 3783
1503 1728
951 1051
2224 2885
2997 3429
2366 2603
1195 2633
2938 3702
867 1837
3270 3694
1064 1846
1420 2154
2750 2837
2775 2944
1368 3162
1882 3039
2246 2435
2001 2090
3699 3736
2858 3440
627 933
2244 3189
437 1543
793 2001
2850 3208
2125 3754
1634 1995
3714 3797
3112 3223
1763 3341
3008 3345
2082 2433
3737 3750
435 1017
503 1159
38 3601
2421 3643
536 1186
3788 3789
3189 3329
3211 3633
3010 3785
2105 2432
2026 3516
2869 3271
1053 2732
1723 2772
410 507
2643 3755
864 1343
741 993
1682 2483
2424 3108
485 702
932 2285
167 615
2391 3794
3491 3507
625 2343
2532 3776
23 3574
1411 3168
641 3104
2744 2877
3135 3158
2899 2921
396 2578
149 2832
131 2157
624 2207
1516 1879
3706 3742
1463 3614
454 1377
1234 2019
452 3313
292 3048
1628 3708
363 1130
131 2087
883 3732
2785 3260
3044 3113
839 881
2991 3638
1259 3570
2372 2915
3673 3751
3713 3755
1928 2599
1416 1417
3664 3792
1359 2292
3227 3426
3603 3794
1211 2767
2922 3652
2691 3029
1842 3366
2643 3481
674 1743
1717 1778
112 1412
2409 2653
553 792
3012 3177
2060 3451
2659 3657
2592 3274
298 2871
1274 2845
3240 3389
2496 2782
2003 3366
27 546
2972 3123
142 359
131 889
3237 3769
3513 3570
1401 1627
3038 3141
1940 3137
303 2267
1315 1747
358 3622
3702 3761
3728 3759
3632 3714
2685 3246
1382 3207
3532 3580
2091 2936
2475 3573
3611 3790
3649 3658
3058 3405
1170 1319
276 1214
324 894
1219 2236
3622 3679
973 3663
1294 3684
1554 3486
1935 2787
3171 3501
2811 2971
3143 3541
1199 2822
3313 3645
3130 3613
1687 2134
2728 3327
2565 2887
1052 1336
2776 3228
1649 2334
114 2736
2330 2909
2309 3494
1832 2945
1684 2924
833 3229
808 1114
3161 3201
1231 1526
534 2253
2014 3325
383 3254
55 3526
2195 3204
1498 2774
