4200 8400
2091 3341
3469 3960
378 1325
1173 2850
2212 3305
3047 3120
3408 3921
2123 3407
3429 3507
190 382
135 882
774 3062
2704 3008
4124 4184
1381 2710
1865 2481
2952 3746
1392 2875
1567 3909
3065 3083
577 908
356 3472
2792 4169
2302 4129
1822 3046
2381 3850
3116 4118
2409 2913
259 2347
1594 3064
1751 3707
2915 3916
764 3365
1956 4038
3748 3822
2600 2681
2531 3744
885 1221
815 3499
3165 4056
1957 4112
3257 3565
688 2824
2860 2927
585 1995
1102 2697
600 2558
2979 3424
2554 4052
841 1925
4191 4194
1516 2112
710 1356
272 345
3212 3682
159 1954
2243 3125
179 3212
3274 4141
553 2647
3784 3923
2902 3045
1368 2111
736 3192
4037 4043
2659 3758
1462 3600
3027 3858
633 2359
1388 2562
2568 3917
731 2366
3469 3800
916 3950
4025 4117
1970 2350
141 3188
2698 3607
190 2377
1153 2992
2031 3553
343 2321
483 3043
1105 3832
3401 3477
1228 2632
75 214
1650 4074
1033 1402
2925 3506
4084 4199
978 1984
1954 3484
3683 3937
574 4143
1462 2539
2774 3000
2301 2831
956 1062
376 3911
313 2585
1361 2325
3171 3191
3900 3922
1004 2768
2251 2459
355 1150
1689 3761
2715 2832
360 2548
788 3107
3092 4100
2953 3422
3798 3875
3913 3948
4195 4199
2490 4123
3800 4109
278 645
4138 4176
703 1661
452 656
3395 4012
350 905
883 2899
4145 4165
1438 2970
2972 4005
2711 3652
1046 2856
4135 4163
2290 3209
125 805
1016 3844
441 3394
2701 3885
2341 4174
852 3915
244 357
3229 3355
2190 3072
1336 3439
1680 2777
3189 3958
705 2136
731 3158
4075 4193
2974 4091
2935 2996
2645 2849
532 2086
4148 4157
446 3998
2013 2035
1079 1698
2691 2965
2601 4164
4078 4083
3830 4162
1720 3593
1730 2351
930 1651
149 2046
266 2966
2643 3020
2593 3875
1338 2995
2462 3014
626 3046
1455 2725
3919 3959
3518 4199
1006 2878
3448 3909
2473 3781
711 3650
3067 4114
2645 3126
3225 3777
697 1914
3285 3619
3768 3971
4195 4198
3273 4058
3792 3997
1708 2045
2046 3855
2436 4082
3517 3779
438 2935
428 3861
809 1957
986 2934
345 2196
1169 3552
3542 3623
1219 3139
62 1766
3571 3770
1330 3636
4003 4154
3074 3744
3510 3734
2719 2918
2037 2153
3699 3904
758 2831
3822 4027
3631 3960
1445 1964
1795 3084
2881 3547
1891 3478
1665 3172
3011 3970
2584 2939
1356 1606
379 3666
120 1190
1324 1811
3220 3737
2756 3591
1364 4079
3997 4034
1116 2364
1255 3544
1963 2933
2745 2932
3948 4005
3370 3905
1012 2033
1520 2487
2479 2574
3403 3566
3142 3241
1054 3052
3182 3550
3703 3853
2547 3878
1008 2644
3292 3840
2841 2878
51 3002
2019 3585
788 3476
2052 3899
1080 1215
1406 3913
4124 4135
3363 3647
4110 4139
2791 3336
832 1379
2587 3290
303 501
1557 2317
2826 4112
2415 2550
1837 3909
1686 3738
694 2875
4190 4198
3526 3907
691 1253
3861 4196
2537 2918
2312 3042
2580 2633
2272 2664
1929 2997
1907 1923
764 1016
3413 3428
3699 3794
836 1190
276 869
3921 4023
3626 3970
384 1596
2211 3649
568 1686
3358 3978
3638 3824
731 3060
24 3842
1935 3425
1995 2550
3319 4174
1863 3015
3679 3920
2440 2793
1574 2026
66 3235
2275 2867
4163 4169
1103 2916
3564 3573
1056 1425
2096 3369
1487 3281
3819 4193
1220 4050
1072 3627
2625 3093
1719 3569
1481 2832
2400 4190
2166 2984
2144 3181
2728 3605
3323 3501
580 3688
2966 3987
1260 3011
686 3633
2865 3195
1625 3981
1606 2625
1365 3876
2246 2898
2612 3570
454 904
2368 4068
473 3298
1901 3145
1845 2321
251 2080
3068 3435
3313 3788
3339 4161
2391 3686
2253 3253
846 2022
1456 2780
542 774
325 1353
3493 3660
586 2048
1575 3595
725 1324
3773 3909
3259 4093
353 1258
611 1580
1563 2058
3710 3924
1028 2518
2276 3130
613 1857
2325 2830
3109 3656
388 915
890 1556
1019 3694
2964 3748
3978 4099
241 2444
1454 3683
3832 4058
1134 1482
1530 2681
941 4195
1006 1919
2180 3424
2215 3534
778 2458
1138 3139
1083 2990
2782 3447
3728 4146
2140 3322
1684 3172
679 3403
4117 4152
3183 3918
242 1316
2921 3768
2383 3101
837 2114
3735 4182
1850 3285
2755 3483
1189 4059
1388 3410
2170 3196
1270 1827
4 3955
4114 4123
1566 3854
3342 3626
2713 3721
2273 3287
2405 2541
1529 2840
1364 2172
3541 3868
2246 2448
2111 4179
3785 3982
1499 2410
3259 3328
2717 4138
2440 3556
1658 3840
2633 3293
271 2145
1750 2186
2025 2905
2965 3611
512 3457
2069 2743
2346 3830
686 1821
2721 4106
2221 2900
762 3780
2266 2476
4124 4153
3330 3694
2142 3326
486 2639
2064 2123
4082 4108
1484 2012
4145 4185
907 1287
1962 3335
1601 2381
942 3309
535 2888
234 2020
536 3899
2362 2851
544 2019
1682 1847
141 2709
1303 1760
2581 3652
3704 3751
3957 4084
581 1686
1811 1940
1999 3778
2765 3285
2467 2593
3318 3828
2860 4036
2356 2795
97 3609
552 3427
2086 3077
2194 3897
1766 4174
1823 3192
1843 3713
2117 4196
2608 3109
3165 3619
1132 1987
546 3159
2580 3859
1961 3163
2620 2655
2694 3471
823 2005
3374 3904
3071 3312
793 1946
2489 4098
3142 3526
1071 1696
1393 3992
460 3878
2150 2226
630 2003
1604 2265
3590 4040
2151 4090
170 3484
619 1552
3154 4008
2022 4110
730 1390
905 2802
3976 4133
1320 1454
1349 2588
1959 3281
3485 4051
2338 2624
2862 4186
1051 2264
1056 4135
871 1174
184 4161
1211 3861
1488 1577
3603 3803
2894 3226
2860 4030
1461 3781
3916 4119
52 1448
2664 3338
1073 2451
1608 4008
4084 4127
1190 2727
3826 4000
2273 2425
1345 2149
2522 4151
3737 3849
2617 3285
655 2804
774 2567
1784 3212
593 1368
2272 2396
2201 4196
3674 3768
2120 2488
150 1810
3219 4199
4116 4190
1083 2903
1043 3475
94 785
1643 3480
1653 2618
1638 2144
3719 3742
2176 2717
1007 3199
3217 3993
2029 2986
2995 4017
4079 4118
3877 4065
1653 2522
418 780
2819 3990
75 3977
2714 3641
1623 2980
993 3163
2169 2792
1881 2713
3635 3914
535 1180
1901 3643
2359 2439
1375 1924
3030 3441
3927 4123
456 1333
3164 3505
3992 4055
216 2126
1961 2414
2340 3890
370 596
2717 3246
4158 4189
3109 3566
3606 4065
303 1669
2408 4114
644 2488
1223 2473
49 3640
2474 3177
837 2425
3283 3401
3473 3870
3336 3609
890 1793
706 1166
830 1887
1422 4013
861 1158
1795 3254
298 1403
2950 3378
530 1353
2348 2598
3311 4010
1277 2892
2923 3037
2036 3937
3338 4180
263 4009
2807 3538
2058 2326
1352 2358
413 3781
2630 2665
1912 2297
2834 2937
2212 2588
3616 3685
1030 2103
168 1268
2564 3953
2991 3839
3006 3952
3807 3986
2161 3859
237 3644
1512 3119
758 1760
3458 4044
877 3576
2177 3902
1482 3500
809 2974
1223 2603
1859 3883
813 2751
943 3357
936 1317
3467 3877
2672 2679
1127 3593
1799 3250
3264 3388
1357 3294
802 998
1196 2202
1584 2977
938 1553
850 1219
2836 3408
433 2632
907 3636
2245 3546
3374 3585
1673 3720
12 545
1116 1162
332 3218
2628 2659
3830 4066
1233 3047
946 1230
1834 2759
2198 4071
3968 4155
3662 3997
2357 3979
4120 4164
2856 3540
840 2733
2731 2821
411 482
2555 4130
4184 4195
2350 3326
3584 3726
536 1967
3792 3828
498 2417
1754 2791
2765 3322
1536 1693
2561 2965
885 2704
366 3154
3759 3807
1711 2845
881 2559
4065 4196
2096 3117
2872 2881
4095 4111
815 1205
1616 4011
2779 3474
1096 1452
1344 2783
3219 3628
877 888
2901 2940
1504 2393
675 3706
1454 2519
3576 3854
3272 3782
3407 3501
1387 3665
1297 2506
1286 1514
4061 4097
961 1255
1756 3332
4077 4194
286 2783
3166 3554
3648 4108
76 2845
409 1995
3372 3695
797 2311
3047 3262
1845 3075
3484 3875
67 821
427 1414
3574 3916
3567 3670
2200 2714
4075 4135
719 1988
2405 2889
3848 4113
99 2496
2378 4005
3603 4191
707 1165
3330 3762
1096 3628
3242 3384
2628 2709
704 1542
1459 2443
287 904
3781 3895
2889 4035
1541 2618
1608 3897
1582 2588
3022 3543
2956 3407
1625 2782
3535 3802
2562 3033
130 3147
1131 1770
2996 3714
1098 3886
543 3704
1767 1969
955 1662
3869 4076
3741 3967
4106 4120
3716 4063
678 3213
1373 3720
2445 3919
1698 2804
2434 2939
1684 1918
1289 3853
2039 2983
1477 3398
915 2188
2618 3889
2337 2971
3984 3990
3479 3642
1973 3846
3626 4033
1218 4109
1379 2089
1840 3956
79 2041
3676 3844
3145 3979
2913 3165
871 2103
2360 4137
872 960
2480 2486
2437 3332
3837 3928
1256 3331
3244 3884
406 3544
3633 4123
4029 4166
1335 1341
625 2815
3526 3599
526 3604
1273 3495
641 1998
464 927
985 3305
2361 3048
3588 3799
2699 3471
1617 3203
3473 3684
1147 1966
1922 4085
2919 3115
3676 3957
2907 3667
2696 3797
55 3257
1306 1893
716 856
2409 3096
1550 1716
3603 3734
261 3259
1643 3635
604 1110
319 1070
3412 3920
2480 3947
14 2602
1938 2299
2568 3024
594 1751
2486 3426
2216 2980
4141 4159
2313 2849
3214 3840
3128 3884
1008 3949
109 798
4054 4164
322 497
2795 3392
1466 2185
1170 3945
356 2437
1557 1805
62 1069
1810 2033
509 708
3897 4174
113 1250
3505 4068
1406 1479
1047 2850
3928 4112
2546 3830
2371 3343
3300 3493
590 3966
2888 3890
3592 3635
2805 3325
3674 3869
1193 1737
3546 3616
1580 3411
656 4179
3210 3521
779 1683
4174 4194
4106 4159
754 2872
250 293
1613 3300
2131 2639
4151 4166
1628 3499
3241 4083
3631 3699
3770 3863
1870 2852
1000 2039
1438 2957
3659 3691
3933 4054
2099 3403
2330 3722
2562 3483
2994 3091
2738 3089
471 3981
1022 2089
1182 1991
644 3131
1025 4120
3109 3421
4108 4133
636 4085
3916 4129
2091 3669
1078 1633
3081 3249
2186 2541
1901 2739
443 883
3630 4142
1508 3173
2168 2649
693 1172
551 1697
3561 4053
3929 4024
447 3988
2983 3088
3417 3506
587 3377
2571 3798
1182 3501
937 3796
3254 3944
2042 2568
2359 2682
1648 2677
1955 1959
1736 2852
4198 4199
3058 3558
3854 4060
1286 3385
3449 3810
918 2701
515 3067
3173 3393
1557 3787
4102 4180
19 3339
3993 4189
405 569
2257 3532
494 748
971 1169
1583 4078
2883 3767
3746 4166
2747 3465
2023 4147
1844 2631
2103 3174
133 1908
631 1055
3644 4111
3490 3947
2853 2988
1132 2163
2952 3069
3919 4073
1723 3662
145 2225
2406 4054
2587 3585
3020 3678
2867 2871
2277 4052
477 4120
3389 3689
1325 4069
2464 3469
366 477
3778 3855
563 2966
1038 2998
238 2414
216 1820
2284 2710
2890 2906
3310 3954
3550 3761
3110 3827
3371 3712
3620 3802
491 1973
774 1248
851 1955
1988 3333
3825 3972
3662 4177
1631 3428
1116 2527
3205 3273
3426 3436
3967 3995
2311 2950
2200 2816
3181 3790
1374 3551
3094 3496
122 418
3067 3934
690 4194
2788 3828
2694 3288
3597 4113
1203 3516
1225 3273
2598 2619
1016 2014
3055 3572
38 677
1561 2351
1250 3492
2544 3304
2019 2091
975 3965
1927 4006
2625 3646
279 1321
248 2236
779 1059
1959 3444
3549 3814
2499 2692
3923 4119
1382 2981
272 1832
2488 2525
8 3455
1886 3001
3286 3850
3939 4048
3520 3709
3431 3607
3129 3593
501 3637
773 3809
1315 4071
1746 2502
2401 2996
2403 3750
280 555
225 391
1842 3309
2575 2899
3566 3837
1338 2053
891 2523
751 2937
1439 3965
1726 2634
2343 3804
813 2605
3008 3301
4092 4093
20 2944
1450 2227
1613 3192
454 1228
3228 3720
1459 2092
167 2411
558 1678
43 498
1979 3528
2120 2848
4071 4112
1845 3388
1386 1792
705 1751
2720 3239
4073 4099
2925 3782
3495 3853
3049 3168
3329 3487
2804 4196
1941 2939
3536 3554
2732 3720
1086 3961
1549 3450
3121 3143
3081 4174
1355 3430
118 2697
2081 3488
1968 4132
1553 2479
991 1243
3584 4035
506 2795
20 2197
618 3021
2512 3468
2480 3602
1181 2066
228 249
2682 2899
1036 2102
3029 3244
997 4089
3641 4194
483 3887
2741 3929
583 2770
1617 2085
3359 3990
3724 3841
4150 4152
2821 3367
982 3378
3999 4133
3188 3743
1672 4000
1667 4123
4145 4161
3330 3735
1894 3332
3698 3874
1381 3762
2655 2965
2396 2541
192 2586
3399 4175
1011 2380
4140 4198
217 2069
3337 3812
76 2014
4189 4193
1388 3199
2322 2985
2011 3256
2973 3514
2605 3639
96 2597
281 3022
3527 3902
736 1775
3006 3267
2986 3367
3720 3805
1368 2397
2227 2463
2913 4163
1331 2827
358 3157
1542 2774
3149 3987
3360 4165
1917 3727
191 4112
3955 4095
594 1689
94 355
924 1060
1541 1815
1832 3900
3388 3619
2991 3218
3330 3612
4076 4084
2930 3366
853 2276
2872 3957
2083 3593
1421 2361
208 2862
2039 3646
379 3232
2352 3690
174 427
1012 1013
728 1082
2525 2970
60 4150
3459 4011
2528 2813
643 788
1898 2404
2838 3268
4122 4153
2832 3395
4100 4188
864 1765
3500 3825
885 1736
4074 4175
2335 4127
1622 2701
4057 4168
2809 3213
2426 3447
3955 4116
3712 3728
2903 3431
846 2065
1002 2302
2213 2760
3390 3654
549 1203
1372 2312
1473 2116
1112 1702
3960 4064
3506 4093
2235 3406
649 3747
3569 4179
1378 1832
1301 1332
2193 2643
560 706
1387 3053
1169 3337
1742 3033
2659 3025
2193 3590
470 2934
2364 3650
2850 2987
886 2008
1034 3411
2672 3349
3305 3334
4156 4182
3877 4112
806 848
1294 3039
3616 3722
1152 3463
901 2444
1376 1610
3252 4146
1584 1769
2644 2811
85 104
3498 3650
3030 3565
1082 1726
4068 4100
3352 3569
2585 3731
3723 4193
3620 3888
3096 3830
1354 4077
2195 2474
1503 3976
1504 2153
2798 3782
2621 3604
1485 4087
1206 4097
1386 1751
2433 4026
3017 3877
3243 3394
4026 4162
3344 3976
915 1242
2947 3892
2405 3381
3797 3893
3208 3375
804 3026
118 2432
805 1151
186 2550
2920 3146
2044 3003
298 1353
4004 4178
1908 2018
2175 2483
1119 1552
943 1488
4068 4114
1948 4091
2654 2817
2660 2898
376 3469
1722 2146
395 3777
424 2639
2225 3276
2851 4134
2345 2414
1926 3337
1059 1467
485 1178
1334 4149
2364 3929
1026 1056
3508 4172
1428 2870
2199 3133
880 1018
994 1621
2703 3366
2258 3777
3631 3956
2079 2204
1300 3609
2079 3123
2658 3375
3121 3475
1001 2781
3773 3885
3480 3541
3012 3661
4125 4141
2040 3410
3495 3628
2840 3563
357 3604
3156 4067
1526 2128
793 3177
1207 1536
2723 3425
2902 3893
3400 3744
2357 3220
437 1501
2156 3428
318 2165
1620 2051
1474 2118
3077 3263
2101 2298
786 2238
2529 3850
2963 3488
1889 2954
1833 2567
804 2543
3249 3561
1009 1234
2981 3910
2618 4046
4072 4134
3553 4131
2154 3941
50 3061
1215 3503
202 3271
721 2110
2110 3305
3994 4088
2112 2969
2249 3081
3771 3928
3663 3923
497 1578
954 1089
444 2225
2984 3052
2189 3657
1339 2361
2445 2809
3284 3761
2377 2682
3607 3775
1714 3713
2308 3667
93 554
2064 2283
749 3671
2841 3903
4066 4167
1959 2680
1635 2061
2364 2444
61 3138
3812 3969
3926 4019
2621 3294
1108 1653
3974 4042
3458 3853
2817 3868
1545 3704
3299 3506
1034 1516
796 3977
2488 4158
323 3929
3983 4014
1276 1755
392 2828
1262 2019
2198 3017
3322 3330
3153 3595
2961 3765
1317 1863
3357 3920
1838 3709
2416 3136
106 674
2567 3186
2265 3778
3981 4146
2887 3221
2552 3182
1179 3568
2887 3487
1656 2682
742 1589
4074 4129
3414 4090
1736 2366
1855 2120
1869 4168
577 1734
2844 3088
3275 3757
2215 2328
596 3438
857 4194
1538 1668
2204 3892
398 1916
3644 3690
3997 4154
548 1366
1687 2119
3604 3658
1200 1711
2980 3119
4085 4159
1973 2057
3682 4121
1290 2645
1231 3095
2516 4036
1261 4149
1437 3814
1455 3447
1710 2750
1008 4094
530 1839
998 3976
867 2969
3774 4142
2401 3911
244 1305
1162 2959
3791 4098
2825 3536
1630 2930
630 1705
3215 3907
1389 3756
2647 4003
1577 3867
883 909
4024 4128
535 3172
2463 3159
1928 3725
3884 4124
2272 2860
2536 2963
860 2078
1307 3664
924 4128
591 708
176 2393
1435 4059
658 3406
682 1823
1993 3620
210 821
3555 3677
962 3733
1789 1836
2802 3969
1666 2735
1898 2194
748 3788
1695 3127
1766 2557
3954 4135
2550 3697
150 2499
3465 4194
3 2424
459 1311
1468 3770
2914 3031
3914 3999
1893 2941
3261 3418
2226 3558
2989 3978
1775 4040
2790 3832
1528 3821
1086 1140
461 2100
430 1118
817 4040
2389 2486
4118 4153
2242 2761
1583 2927
1287 3301
3474 4122
407 2339
1800 4191
4154 4196
281 644
550 1183
213 4135
1797 1810
3014 3510
1019 1097
3555 3940
264 4134
3732 3751
1708 2652
2994 3653
633 4052
4077 4134
2315 2664
2813 3776
3196 3975
4016 4168
1653 3405
1108 1495
3671 3909
2376 3029
142 2722
3569 4108
1939 3360
96 781
782 2792
2818 2919
70 640
226 1171
317 3260
716 2556
4071 4163
9 2456
3244 3677
439 2155
2620 3499
783 4131
4001 4025
1820 3513
1985 3805
2643 3377
4185 4195
93 3847
1246 4048
2764 4063
2358 3848
408 1986
3934 4160
3329 3561
3089 4115
1675 3666
3255 4140
111 2129
2000 2891
3170 3890
1049 1818
2502 4112
1858 2430
546 1908
2109 3339
1607 4097
3919 4180
523 971
3898 4150
732 2998
2796 2805
3718 3829
951 3426
653 763
604 1493
267 2595
3401 3791
2712 3711
2459 3757
1506 2129
3620 3900
1191 3304
129 755
1418 2977
965 3877
2042 2436
2817 2991
1993 3341
4030 4080
2807 3756
408 1336
766 3143
2577 3961
2710 3493
1742 3690
38 1234
3868 4138
1872 3077
90 827
2076 4165
302 2605
3218 3589
3086 4036
1192 3235
778 1117
251 1293
2461 2966
1545 3006
3550 4090
3915 4129
2136 2360
346 1831
1048 1269
861 1139
118 2445
2234 3763
1158 3397
1747 3308
505 1881
3173 3195
985 2480
439 941
3103 4084
2058 3089
248 3486
2273 2872
1661 2354
1539 2998
1495 2380
3776 4170
1151 2839
122 1502
3103 3427
3495 3805
445 2116
3943 4111
3871 4187
2996 4155
3004 4019
2521 4079
3854 4139
3624 3883
2117 2516
1476 2324
464 1362
2784 4178
1066 1335
3852 4033
1859 2906
3760 4186
3280 3828
2762 3294
3583 3950
2042 3921
3840 3882
3392 3715
2998 4139
1667 3704
1732 2933
1950 4029
4078 4099
2335 4081
63 1558
2261 2859
2975 3960
3493 4131
3242 3699
203 4000
827 3387
3569 3808
2352 3056
644 2058
4031 4064
559 2700
1214 1394
3959 4038
3876 4151
577 1600
1136 2749
2353 3060
699 3240
3897 4125
95 2622
3271 3918
2569 3087
2008 3264
659 3964
4134 4141
2444 3111
3513 3833
1806 3200
905 1531
908 2058
4050 4077
3441 3723
2681 4106
3238 3885
904 3873
2989 3414
979 2381
125 1781
2156 2722
3812 4056
3061 4046
3241 3695
3168 3736
2478 3491
540 1298
99 1060
1462 2930
2495 3281
2236 2693
596 1707
2590 2803
2613 3365
3310 4173
825 2872
3628 3645
2576 3281
741 2467
1011 3662
938 3304
2540 2639
2858 3114
366 1935
3478 3999
3463 3825
689 2522
2245 4086
1908 3963
216 1835
1032 4172
1128 4009
2085 3963
541 1592
1478 2911
1451 3711
1273 1449
914 2014
4193 4198
381 4087
2956 4107
1774 3818
594 3783
652 4017
101 1996
677 3262
674 1229
3244 4020
1745 2646
1248 3430
2079 2554
3335 4020
499 1027
786 2595
3452 3917
950 4160
369 4017
2877 3557
921 1427
3739 3835
3050 3144
3709 4004
543 1492
2558 3015
3483 3571
1051 2720
3525 3903
1022 1578
58 1748
839 1418
2654 2853
3667 3923
39 4115
1764 3038
903 2882
4121 4174
1150 2288
249 4036
688 3979
1805 2585
3389 4155
3272 3603
1234 2525
1964 2654
2589 4023
3665 4075
395 882
2876 3629
198 4116
784 4169
2022 4057
3881 4043
3549 4175
551 3775
2668 3188
257 1067
501 1697
310 1080
1336 2429
3444 3651
528 1446
4007 4111
1374 3162
3259 3437
45 913
3184 4143
935 4140
3818 3953
2173 3094
308 986
3760 3990
3698 3980
2414 4054
1411 3180
1313 1628
2790 3678
425 427
1729 3115
3785 3847
3892 4030
1465 2375
442 4196
4039 4150
2016 2838
3564 3628
1118 1384
2003 3374
1973 2474
579 3136
3165 3306
804 1324
1255 1907
1159 1325
517 796
3637 3713
359 1864
3371 3893
2496 3360
265 2545
1423 2881
1407 4038
121 2007
3213 4047
1669 3106
3099 3108
1479 3253
2818 3316
3611 3621
2835 3398
240 1081
2061 3086
3716 3883
2521 4146
2989 3470
11 1316
1562 3432
3467 3924
3664 3790
2717 2845
3715 3857
1957 2103
2576 3639
3168 3692
3781 3964
1468 4010
1035 2728
1033 4108
1919 2195
1165 3238
1704 3294
1218 2540
3423 3850
834 2079
1768 3370
2673 3765
3403 3844
247 2478
2361 3558
1312 2572
1506 2301
1789 3877
1121 3321
2103 2922
1962 2428
222 3621
1431 3108
3101 3699
1039 2830
18 3794
256 3781
736 3336
3269 3719
739 1892
3449 3652
287 566
879 2684
3232 3624
3748 3924
207 2722
1855 2075
2634 3308
760 2533
3335 3975
3011 3516
2408 4162
1871 4117
38 637
3987 4194
4017 4019
3134 3998
2053 3580
1209 4151
2318 3896
3627 3967
4045 4058
3841 3899
542 3331
799 3025
1677 3383
425 2274
2027 3782
2257 3756
588 2850
3840 3973
1580 2857
2987 3503
2806 3790
1711 2322
1040 3918
154 3376
3646 4002
1982 3685
2922 3292
201 1524
1389 3893
816 1247
2033 3025
2091 2332
1908 2896
3950 4089
319 1290
2867 3282
2999 3759
1894 2342
2212 3681
977 4063
2304 2770
875 898
2497 3481
1629 3736
3627 3925
144 2560
1721 2736
2189 3178
3894 3985
1117 2259
4188 4189
637 2669
3101 3598
2298 3899
4096 4116
2037 2778
745 1190
2054 2970
1594 2214
665 3213
434 2045
2328 3701
3854 3908
463 541
437 2886
3989 4190
1231 1545
3113 3445
1453 2708
961 3627
3028 3340
2416 2430
287 3642
509 2814
1641 3823
2929 3679
2781 3371
1132 3414
3463 3627
1273 3089
3985 4035
789 3856
2659 3671
2420 3108
527 2993
2832 3452
3666 3930
684 1698
1925 4025
3473 4183
3707 3998
119 480
3309 3865
3780 4182
2025 3183
3106 3336
779 3319
730 2788
802 2056
1391 2595
157 2766
537 2600
322 3167
2584 3355
913 3237
3063 3918
2127 3443
2851 3362
2686 3572
68 3862
558 975
3652 3740
3347 4107
2652 3312
3479 3967
3551 4166
875 985
2540 2564
343 3985
970 3460
4089 4160
1441 3916
3419 3822
3008 3277
2605 3646
3456 4162
481 2428
2577 3934
3398 3696
3726 3739
2364 2485
2518 3479
3448 3855
3269 3629
2615 3327
3993 4021
4112 4172
2389 4105
2141 3662
1265 2621
2740 2817
748 782
1857 2746
3199 4190
226 1083
68 1855
928 3917
4100 4128
889 2877
3142 4019
476 3883
2829 3559
1631 1960
1 3521
595 3683
1101 2106
3850 4160
3076 3501
1848 3289
1761 1959
3357 3625
2244 2489
4141 4159
3258 4122
2767 3088
3321 4073
3573 3671
1077 2558
3658 3839
2670 4027
3028 3354
818 3212
2207 2310
1332 2284
1456 2216
3348 4160
4041 4093
3149 3893
3893 3994
2150 3403
753 1171
793 3544
174 4138
1340 3089
2721 3678
2928 3302
4173 4174
4072 4196
1938 3905
1878 3478
2431 3830
189 1543
3312 3699
3672 3856
955 1088
3233 3392
952 2696
1047 3342
3906 3928
3937 4027
3554 4073
3576 3673
160 3424
3227 4082
1088 3615
3654 3971
3185 3749
3490 3747
527 3463
4167 4171
3288 3320
2273 2601
3299 4028
6 1375
3153 4031
1373 2824
1239 3991
2314 4079
2147 3034
587 734
3930 3982
3511 4082
1702 2426
1541 2066
3137 4158
739 2571
3836 4159
87 2564
4053 4198
1125 2966
1607 1869
980 2363
1824 4168
1525 2097
925 1542
2372 3259
346 3357
2553 4035
3318 4190
1568 2523
324 1344
3690 4118
149 3787
2421 3633
3384 3893
3507 4116
1799 3178
444 2926
1060 2339
115 254
628 3159
244 3714
4172 4199
1257 1789
1910 2913
2081 2231
3236 3662
1089 3216
2704 3134
1637 3117
699 4153
1624 1788
4192 4195
718 3369
2314 2875
420 2724
35 1355
300 2125
667 3248
3977 4178
2053 4151
2759 3201
2042 2853
4151 4184
314 2311
1123 3715
2657 2845
1401 2685
2997 3526
2100 2714
155 1493
2193 3714
119 188
1802 2688
1654 1955
3832 4150
3701 3998
2791 3761
502 722
2486 3305
1487 1557
2999 4128
3843 3891
922 2351
900 3392
3228 3779
2252 3697
4128 4139
2100 3787
754 1545
3099 3357
2173 3594
927 2859
635 958
96 3429
263 958
2668 4025
4128 4138
2718 3360
3409 3664
3739 3936
904 3174
1844 2514
1665 2216
576 2679
3609 3980
2443 4157
1724 2102
1967 3073
1547 3875
2937 3623
3482 4139
3906 4136
2503 3040
2889 4063
3208 4062
2199 2970
2890 3335
2779 2985
3281 3417
1627 1854
3747 3818
696 1655
3226 3816
2091 2921
527 2902
1960 3598
2409 3295
3452 3845
948 2228
2636 3284
4117 4197
3091 3169
1241 4064
3552 3813
1899 3801
1607 2644
4162 4170
3006 4093
108 2195
351 700
3189 3976
2534 3956
3422 3749
2823 4138
1076 1333
1634 3148
592 2512
666 3595
3945 4117
3670 4188
1739 2966
928 1686
2897 3453
571 3174
3517 3963
2812 3003
1977 2810
1961 2060
602 4002
44 604
3809 4111
2637 3196
1360 1524
1730 3892
1061 1594
55 3996
2797 4079
3749 4140
379 1787
1474 2843
3261 3649
3311 3361
1184 3782
1229 3286
911 1513
50 1504
1798 3696
3548 4059
843 2664
839 4016
3487 3902
810 1503
473 3934
602 1197
3911 3963
2504 3429
248 3243
211 634
1516 3115
3187 4064
891 2264
1579 3700
2805 3269
2880 3424
3025 3400
1733 2963
1871 3279
3740 3884
2412 3782
1555 3907
1166 2397
3209 3526
3382 4130
821 3247
2388 3615
162 906
1801 1897
1986 2999
2123 3028
3983 4040
4080 4197
1483 4006
1580 3312
2370 3646
3452 3792
2791 2856
3868 3927
1259 3029
1382 1776
2116 3370
4074 4076
3439 3552
2346 3125
2076 3071
2744 3432
4172 4178
1359 1360
1521 2887
2970 3013
3751 3894
413 2149
3733 4164
2580 2740
3108 4068
3208 3751
2004 3893
3263 3739
10 60
2970 3124
2044 3457
3096 3876
3567 4189
3188 3832
2397 2589
3975 4089
655 1034
1936 1987
374 2904
1733 2211
3425 3491
488 2094
1155 2682
3525 4151
1588 2035
2816 3633
3244 3806
3080 3868
3019 3372
3696 4193
238 686
3452 3566
954 2990
2640 2952
1477 3864
2687 3793
2497 4122
3592 3957
3456 4073
1612 1850
4094 4148
2403 3546
1924 2431
341 1556
2497 4127
2931 3045
2174 2688
733 3614
1282 1727
2640 3306
1646 2608
724 3903
1599 3419
2216 3401
2837 3238
380 1307
778 2073
668 1161
3938 3999
4078 4157
277 3555
1309 4149
4031 4185
1078 3221
263 542
4034 4108
1631 3467
2305 2848
256 3759
3845 3935
3147 3199
3452 3898
3207 4168
1874 4101
3673 4043
383 1420
1796 2753
1485 2290
397 926
2966 3669
3867 4098
1501 3702
615 1204
2472 2832
2535 2922
1751 2336
904 1258
3746 4132
53 4143
3483 3907
3283 3883
3158 3482
825 3181
2253 2596
642 2400
3935 4076
661 730
278 315
3814 3839
1828 1970
49 4041
668 1435
1072 1254
1585 3654
111 3058
2298 3139
1176 2870
1151 2178
3871 3895
1544 1615
2555 3588
852 2814
1379 1893
1352 1724
415 2900
3896 4174
3448 4144
3153 4089
1609 2709
1588 2773
3045 3564
13 2112
1470 3947
3993 4066
828 4167
622 1296
3875 3949
1160 1435
2226 4048
1411 2303
1277 3708
1557 4144
207 2667
1506 3345
969 1423
512 2504
2342 2478
168 2008
325 4037
3694 3886
2431 3914
4034 4123
2484 3712
2516 2765
2396 3040
2073 2350
3356 3386
1879 3014
1270 3988
928 2905
3723 4004
2564 3985
1612 2151
3704 3780
738 1024
1496 2583
3762 4087
560 623
3427 3675
225 3644
1614 3250
1063 1627
3783 3797
2260 3272
2203 2901
370 780
484 3931
2990 3047
956 3325
3449 3580
3370 3749
2313 3441
3656 3847
2035 3073
316 446
853 2457
655 3407
3581 4035
3665 3874
4021 4136
2961 3293
1274 3696
530 2743
2507 2958
2567 3673
4077 4114
1559 2221
1428 1687
2226 2597
1076 3500
3891 4163
3123 3543
2028 3270
1378 2920
1078 2206
1770 3472
1794 4159
2555 3220
875 3127
2613 2838
689 1514
3231 3245
2662 2689
1767 3581
3905 4143
2604 3948
1281 2396
199 1992
3596 4182
1415 4073
2313 3766
940 3945
4111 4184
4113 4139
567 3139
649 2212
2525 3158
611 1123
712 3662
769 2629
1948 2898
1999 4168
200 381
1228 2508
1557 2262
2860 3420
2182 4027
2673 2891
3803 3975
1697 3947
2611 3478
176 3507
3321 3448
152 779
2328 3612
247 3094
3746 4157
3467 4097
497 3212
414 2767
1500 2117
218 2908
2718 2799
132 492
1340 2337
360 2697
3187 3211
3482 3829
4120 4179
1549 3163
1319 1320
2697 2875
1483 3794
3475 3906
3616 3663
3976 4106
2715 3970
1964 2846
105 2489
3428 3621
233 543
1578 3058
2072 3597
1740 2989
3846 3911
4165 4196
731 3372
2811 3934
2902 3586
2695 3920
657 1175
2123 2492
647 3008
1380 2200
2439 2997
2077 2153
4104 4138
1430 3136
2059 3753
1081 3024
3868 4037
3636 4065
2069 2922
1591 3884
2389 3443
2286 2398
1641 2973
3925 3988
3741 4172
4073 4125
3140 3979
2293 4049
3957 3989
1972 3668
1853 3663
946 1036
270 2680
909 3709
4138 4193
2253 3926
3768 3798
1839 2975
2286 4067
1277 3941
2955 3878
959 3926
1092 3650
1752 2657
3812 3956
829 1575
3989 4118
1616 1911
2919 3288
1407 3386
137 4166
1793 1935
233 1614
2659 2913
2891 3276
2473 4098
994 2491
1329 3448
1701 3533
2296 3487
1217 2935
4086 4191
2826 4077
1031 3382
3623 3642
3976 4162
2862 3060
1350 2791
897 3889
1743 4175
1687 2254
1559 2956
91 866
2092 2917
3 3117
2089 2203
1172 2959
2345 2522
940 2373
3918 4031
406 1741
1780 2252
2666 3512
3833 3980
1928 3848
3775 4029
789 1850
3069 3696
2493 3549
3674 3741
1723 3131
3832 3982
3355 3638
1048 1307
2289 2911
934 2308
344 2371
4073 4130
2191 2915
1736 1912
1750 1979
1064 2589
932 1947
961 1357
3062 3941
1596 1639
2136 2891
1649 1651
3462 3922
3121 3728
2686 3218
460 1057
1233 3675
189 3876
707 3282
3500 4034
352 1274
2612 3105
3760 4068
2909 3963
2182 2233
317 3136
1134 3437
801 3926
1424 2056
2201 3756
2384 2524
3450 3565
3854 3924
1534 3866
3120 4169
1346 2477
621 793
2577 3257
1202 2460
1227 3145
3172 3236
2789 3662
2964 3815
3473 3880
1903 3062
2072 3556
2546 4152
4122 4183
3120 3450
3961 4058
3803 4111
2826 3260
2177 2354
344 981
3510 4159
3375 3496
3150 4180
3763 3765
2679 3647
507 3772
3231 4020
3038 3293
285 2563
2572 2916
1380 3563
3778 4038
3471 3740
3872 3927
655 3987
1205 1375
586 1381
764 2443
343 1703
4189 4195
1705 3042
3147 3501
2927 3745
182 2663
2903 3657
3717 3800
1473 2447
1342 1806
53 1923
3697 4166
3769 4141
2244 3097
3153 3746
2145 3706
1534 1677
4168 4196
920 1912
2588 3473
87 3314
2361 4130
380 3680
485 2701
91 858
2827 3697
2558 3226
4047 4158
3327 4130
835 2529
437 1135
1126 1129
606 3551
171 719
1854 3643
1454 1780
3444 3894
3461 4037
3191 3248
2923 3603
2037 2088
1231 3370
2900 4193
2450 3956
3461 3932
3498 3954
1856 2275
3197 3615
1754 2180
2855 3096
2174 3894
3358 3811
134 1675
2037 3394
1519 1925
2889 3015
2054 3649
3393 4001
3569 3815
12 1932
627 1313
2734 3736
1084 3410
2858 3251
3699 3769
3663 3947
162 1983
1256 1613
731 2396
2666 3660
639 1345
1436 2552
986 3234
2639 2756
683 3350
1548 2700
1386 2352
2124 3259
1531 1885
127 930
3377 3419
4053 4139
1854 3546
368 4036
1332 2955
1034 3607
3759 3815
2816 3374
1240 2340
3353 3876
1872 2728
2556 2607
3603 3631
1812 2165
218 2253
674 3135
2638 3965
1037 1408
2726 2761
2915 3071
3366 3703
2729 4098
3862 4111
4070 4145
2184 2228
1250 3810
2146 2514
3784 4129
2935 3179
3712 3720
2013 3073
3345 4150
1641 1681
2634 3973
2315 4039
530 1580
2558 2727
3163 3372
1056 1622
4080 4183
1715 2856
3784 4005
2904 3827
1713 3452
1354 1410
1491 2809
1574 3499
3183 3503
1995 2893
2106 3496
2607 3291
759 3465
377 2812
2026 3045
446 3505
2352 3010
242 3093
2105 3503
1566 1948
801 2900
1411 1469
2817 4075
594 1832
1156 2313
3300 3763
2305 3547
1536 3288
2404 3631
544 3886
1497 3790
1861 2015
2989 3210
1656 3453
1595 4074
3347 3801
1601 2126
88 1158
304 573
354 3834
4182 4192
3588 3974
2148 2680
1382 2201
4134 4141
1175 1711
2091 3648
351 1341
827 1989
3232 3502
3104 3184
1983 3276
3051 3225
1992 3544
733 1787
1882 3979
3336 3834
3199 3882
2938 3388
3827 4171
1405 2389
3042 3369
2428 3877
3755 4030
480 2425
2705 3279
3350 3559
3576 3804
3403 3594
1853 2442
3838 4032
4067 4181
272 3601
828 1274
2080 4031
3151 3392
692 3888
65 3147
1594 2877
555 3461
1591 3489
170 3877
1381 3079
911 1820
983 3325
651 1655
4091 4157
1830 2878
85 3848
1396 1709
1527 3445
2198 3204
3568 3933
1005 2849
3822 3852
214 1869
2711 3670
3650 3801
4060 4066
993 1203
1159 2725
3685 4199
811 2594
3245 3711
329 483
3487 4134
2832 3873
3751 4151
3872 4061
4001 4017
3922 3949
3677 3964
2466 4083
1835 3803
3235 3635
1380 3240
464 4164
158 3765
1062 3461
2204 2979
3535 3970
1146 3023
3469 4127
2931 4117
932 1787
4006 4113
3543 3663
145 3108
2551 3918
120 1795
3926 4035
3743 3841
1291 2811
2820 3016
651 3373
1117 2004
3266 3487
510 3944
2435 3255
3648 4114
2358 3585
902 1672
3191 3334
2354 2895
2111 2401
259 1672
4078 4106
590 1501
374 649
2805 2980
4076 4132
896 2687
3739 4189
2923 4047
2100 4143
4182 4197
3405 4138
1086 1766
687 3967
643 1519
3246 4043
2190 2608
2662 2772
3462 3668
2821 2887
1280 3900
3268 3716
2361 3985
3719 3987
1194 3019
14 2762
943 2294
2945 3419
2070 2377
3191 3255
825 1233
1966 2695
3219 3884
2149 3022
2234 2687
3196 3640
2505 3444
2044 2290
3461 3487
2227 3855
2832 3513
1302 2860
4171 4193
3594 3925
2461 3198
2850 4150
1921 2682
1196 2203
2601 2805
723 2067
353 3850
3061 3232
2257 3455
945 3128
3745 3853
1292 3635
3444 3717
2560 3347
2994 3278
1379 4019
21 1528
1261 1542
544 3433
2549 4180
910 2118
693 3774
3020 3846
2323 3294
3974 4035
995 1119
1265 4030
1142 2378
3847 4023
525 4112
2019 3204
1558 1852
4158 4185
1752 2112
3995 4075
1637 3372
2328 3423
3275 3812
688 2072
3476 3793
3402 3901
3937 4193
2613 2824
1622 4003
85 1378
4157 4190
2220 2317
3844 3874
413 2372
118 2548
2032 2126
1634 2334
824 2196
2797 3012
3751 3951
607 3247
968 2711
3622 4164
1058 1059
2793 3194
1186 1357
2664 3866
3020 4055
2837 3893
4106 4126
3608 3746
1882 3619
2659 3757
3601 4014
7 347
1162 1986
3976 4153
3674 3796
3337 3356
2217 2739
3377 3466
3001 4157
4072 4157
729 3849
4085 4166
1291 2352
1374 3896
2680 3618
3541 3707
2409 3966
1381 2975
3838 4171
2275 4122
1753 2751
2423 4073
3559 3766
2578 3460
4082 4150
2042 2570
1426 1998
3258 3799
1613 3393
2624 3603
3694 3741
1248 3382
3098 3722
1428 4021
250 414
4191 4194
2917 3032
2959 3421
2137 3697
579 3015
2818 2984
4041 4078
1657 2554
2785 3707
231 277
1855 3008
1530 1955
124 3220
2991 4161
1340 3088
1845 2798
3353 4104
2730 4004
4198 4199
1521 3654
3223 4132
3078 4196
274 1325
2076 3223
3376 4004
3816 4085
3425 4063
2726 3460
2912 3579
3048 3372
631 3054
3970 4005
720 1472
3295 4052
1108 1602
3224 3484
254 3492
176 1331
3273 4014
2316 3947
2769 2980
38 3006
946 2404
3389 3544
621 3477
1391 3263
1551 1589
3055 3181
3311 3361
2571 3474
103 2295
4098 4099
3944 4143
605 1928
3879 4150
1090 1560
2106 4039
2898 3167
4190 4199
1890 3541
3792 3975
2332 3514
3300 3504
3236 3738
1394 1859
2538 3358
1887 2130
1766 3887
2504 3677
1098 1171
2047 2810
1889 2050
228 3255
1211 3151
2377 3084
487 2377
3809 4189
57 2191
628 2908
2789 3005
972 3143
3145 3518
2314 3766
902 4191
4146 4150
1412 2781
271 1012
368 857
3157 3397
1428 1616
1018 3065
2155 3477
2395 4062
2108 3003
4151 4196
199 3758
1966 3605
3354 3852
2401 3758
733 3845
95 2491
1679 2030
3807 3976
894 2039
2177 3140
3002 4143
2685 4137
3911 3984
1440 1829
2400 3232
366 2205
1930 1984
1500 3495
1380 3174
2743 2871
3553 3950
2296 3231
3215 4165
299 2152
3814 4168
2382 3930
3433 3766
49 3795
3858 3926
572 2289
4068 4119
1415 3297
1967 3593
2463 3144
1219 3960
2850 3110
3559 3622
934 3408
4015 4199
1592 4085
1739 2679
1320 2883
2192 3115
1808 3865
489 3393
1180 2638
238 3746
2659 2983
1624 3946
2668 3232
695 4002
888 2934
3478 4078
3367 3391
2686 3063
376 988
332 3111
2194 2614
2385 2755
2093 3015
4025 4196
2260 2274
2178 2233
3930 3993
2860 3937
3606 3911
104 535
842 3613
3934 3958
3744 4062
1306 2337
696 2516
1878 2265
3151 3794
1287 2251
2883 3337
3104 3111
2737 3348
86 3875
4130 4160
701 3517
1439 1814
2446 3650
3283 3953
1273 3727
1344 1637
4133 4157
1937 3267
4152 4155
1001 2839
1226 4137
2568 2718
1414 2982
3126 3171
3221 3682
694 3766
393 3037
103 906
670 1494
2731 3286
2684 3942
791 2439
91 4053
3810 4140
2347 3435
398 2087
980 2292
2259 3436
2967 3553
3611 3702
1772 4135
3564 4083
55 3530
790 1060
3505 3878
520 2924
3533 4025
1373 4186
3261 3786
3374 3528
3817 3978
1341 2457
774 2080
911 3629
978 1278
2297 3964
475 3585
1968 3069
1441 1725
961 2838
2138 2188
4114 4154
1355 1484
1833 2006
1571 3729
3896 3911
513 4063
2236 2723
2915 3005
1498 2394
1874 3493
1661 1953
2512 3756
3647 3899
2159 2624
1605 3921
2387 4150
751 2966
588 2598
143 2439
1309 3556
2263 2292
404 905
1402 1457
1710 1887
1774 2449
2548 3694
858 4128
2219 3587
3364 4095
2557 3929
537 3167
994 1584
4080 4110
1885 3590
1187 1600
3282 3364
1665 1811
4044 4122
3253 3374
35 3164
1134 2802
178 2872
1287 3471
1112 2901
3715 4165
1606 3906
3195 3576
2292 3622
1204 2091
1533 3626
1767 4180
1799 1873
1177 4143
3959 4002
2740 3936
3467 3701
3836 3903
1512 3627
3900 4153
800 1104
2192 2954
755 1832
1811 2674
2497 3070
1247 3955
1424 3780
3749 4115
951 1092
535 2376
1425 1554
517 4113
3275 3314
3034 3161
898 1298
2965 3159
2452 3304
2779 3872
3505 3648
4021 4108
42 3207
2820 3178
3985 4091
249 3330
3289 3998
1934 4125
2420 3950
1396 2749
4135 4190
2304 3710
3946 4000
2641 4149
1571 3489
3098 4037
262 3659
2105 2657
2177 2911
1720 3815
2516 3878
65 3376
1556 2538
3528 4126
1536 2581
4080 4112
3785 4078
3741 3892
3997 4071
2293 4182
1984 2731
1884 3678
146 597
1779 3278
1267 3275
3183 3418
1002 2097
1653 3398
1579 3227
49 128
3857 3896
2718 3499
585 588
3306 4054
1691 3282
1270 1934
2427 4182
1261 1587
3565 4123
2512 3225
1969 3489
2945 4104
3307 3787
1989 2334
3747 3882
1115 3820
1228 2615
3240 3364
2556 3665
604 866
2531 4020
958 3065
1524 2698
27 3845
2448 3734
434 3254
2203 3298
1471 2663
3290 3607
1133 2493
3856 4030
2108 3594
2431 3642
1168 3490
2234 2645
4141 4198
3001 3422
3658 3731
3878 4100
1863 2677
3502 4154
4107 4149
532 2088
405 460
2244 3630
3895 3950
2073 2086
1270 1964
1797 3928
175 3570
4149 4196
1500 3571
1658 3199
1144 3461
1759 2276
3648 3747
3592 3755
641 3537
1960 4096
3613 3843
2050 2758
2144 2644
3610 3907
470 3920
3403 4149
2281 3522
538 1797
2231 2509
3844 4116
3701 4151
3271 4174
350 3347
3243 4044
2692 2823
3069 3983
2979 3864
3010 3795
1150 3275
606 3447
3453 4150
2191 2706
941 945
3891 4159
2834 4097
131 714
2642 3636
1634 2524
1968 2031
3334 3504
475 4063
2388 3259
4094 4143
3388 4085
3978 4069
1119 1320
1123 2842
2999 3549
362 1778
2486 3290
3475 3721
3050 3505
136 2534
1904 3306
1513 3105
2944 4063
533 1037
1983 3759
3932 4144
3672 3943
1252 2515
758 889
2209 3888
2453 3832
4175 4192
517 2827
3874 4126
1319 2912
3569 3947
3888 3994
3781 4069
3115 3756
1406 2744
1407 1678
4164 4182
2452 3992
3767 3874
2247 2431
521 3794
3709 3874
34 985
3013 3267
2254 3882
18 836
4113 4196
3903 4177
1810 2334
817 2380
3199 3484
3935 4052
1736 2286
351 2432
750 2889
3599 3821
3583 4183
4078 4168
1782 1850
571 3691
3654 4060
135 3899
1265 2759
588 4162
614 864
3098 3426
192 3699
29 3945
1606 3038
2332 2511
379 3810
3250 3590
1234 3241
468 1390
2738 3915
2130 3488
1112 2744
3574 3964
3216 4004
2733 3192
3842 3917
372 2698
4018 4100
3361 3442
1721 2346
322 2863
2698 4018
3958 4044
2255 3601
2108 3943
3315 3856
2918 3231
607 656
3746 3796
1797 2903
1745 3927
579 3140
2736 3327
321 2579
1159 1951
961 2440
1226 3492
2732 3015
1782 2254
2640 3798
3960 4133
1005 1117
2119 3850
418 2549
4100 4108
1339 1393
3182 3553
3302 3414
2673 3463
3170 3929
3217 3244
2034 3730
37 1571
2378 2583
1549 3534
870 1467
1868 3903
956 2184
2733 3271
3324 3925
439 1870
1142 1677
1135 1785
3691 4020
742 4034
3487 3514
2755 3027
2902 3009
2489 4022
2182 2367
3082 3119
2745 2845
3667 4025
1486 2044
1558 2406
1674 3666
3773 4153
785 3713
4088 4179
3871 4023
2219 3428
2630 3948
3187 3496
4125 4166
2879 3439
2644 3444
3063 3814
2736 3898
572 1575
2735 3259
1616 4012
377 1962
3415 3846
162 3313
3636 3847
895 2821
1955 2364
451 995
2082 2099
1409 2621
3081 3845
1425 1474
1180 1794
3557 3908
1688 3084
314 1217
2173 3855
2635 3417
1705 2462
3921 3994
581 1847
377 2722
1486 4036
1329 2967
714 941
2452 3600
1799 2064
3437 3634
3484 3981
2189 2196
1105 3418
2950 4061
1927 3174
2570 3627
749 1508
1295 3063
1555 1677
1030 1341
2612 3454
1571 3979
3567 3570
1294 2744
1525 2014
2439 4035
614 3742
2394 3046
2240 2561
3198 3871
2452 3464
1871 4140
2798 3761
734 1802
4198 4199
2503 3314
1320 4190
1456 1822
3967 4079
3816 4028
829 1456
2436 2522
2867 3349
358 3463
2459 4178
4066 4137
2190 3551
588 1398
2989 3813
3813 4144
1548 3147
2552 3553
2681 3314
2052 3634
4165 4175
2363 3774
2698 3195
3007 3455
1424 1445
1050 3759
1378 3753
3745 4158
3236 3957
1033 4182
2444 2613
316 2748
194 4119
4111 4182
1645 1661
1482 2338
1392 2478
2364 3421
662 2569
2615 4070
2363 4176
1836 3482
1333 3365
151 2785
2806 3121
944 1975
1933 3164
931 3911
2196 3665
4116 4167
1624 3596
3648 3983
798 1337
564 3606
1050 1610
3595 3655
1132 3070
1734 2749
1296 3734
595 3318
899 1709
2275 2741
4197 4198
1188 3406
2485 2582
636 669
663 2847
2899 3700
1957 2922
2688 3375
3802 4175
3253 3254
2086 3348
3164 3396
3147 3449
864 4087
155 2315
842 3158
2668 4192
2352 2404
2882 3983
3600 4126
2760 3183
491 1579
1311 1618
3626 4172
1756 1848
1760 2713
2825 2942
3205 4164
443 1462
3870 3871
1764 2322
857 1344
2382 2396
3879 3899
1328 3130
3343 3924
180 4019
3686 3871
3447 3718
1153 3502
3101 3227
1182 2980
2605 3261
838 1319
542 3650
1029 3412
3663 3876
1882 2011
3774 4004
736 904
2772 3873
1557 3684
2720 3859
3750 4168
2124 2377
3251 4142
1825 2123
3641 3779
4122 4123
2994 3632
684 3238
688 4189
1457 2491
2306 3885
1026 3468
176 2920
1878 3365
42 392
190 3694
405 1069
2074 2520
1820 2725
3229 4065
682 800
2395 3419
2872 4006
774 1218
861 1928
1774 3439
2960 3504
1242 2613
2209 3520
3392 3903
3173 3828
2097 2253
2662 3420
2127 2237
1240 2706
1611 2808
2857 2912
3991 4168
4077 4081
3727 4089
2314 3228
3885 4089
2854 3020
2760 3059
1220 3911
4195 4199
827 3369
1265 1861
2227 3770
3998 4112
3259 4130
3792 4007
63 3232
2263 3944
282 461
1274 2430
322 1281
2101 3947
1812 3800
151 364
2493 3996
1319 3206
3658 3698
2915 3497
3046 3401
2562 2769
3938 4058
613 2675
4132 4177
3910 4093
687 1136
2751 3317
1709 2388
197 1815
1116 2063
1290 2332
1972 2863
3603 3860
1729 3777
3752 4123
1576 3483
938 3815
3983 4125
1919 2855
1956 3458
3218 3500
1751 2596
665 3134
413 659
1203 3657
2605 3292
2223 2641
3557 3647
3783 3791
2371 2657
364 2255
2217 4075
2889 3399
2613 3302
2696 3889
1809 3794
817 1136
1371 2922
1912 3181
3478 4169
4174 4190
3310 3828
2654 3903
3868 3896
3849 3893
646 3319
3872 3974
308 442
3946 4193
3098 3771
115 3260
2828 2918
3757 3840
1329 3795
1623 4060
496 1869
4115 4136
264 2151
3628 4153
2782 3011
763 1292
1263 3492
1656 1887
1871 2498
1903 2935
205 3993
530 1235
2210 3719
429 3810
118 2578
3365 3891
2800 3458
3835 4169
2625 3315
2132 3083
2397 3722
3627 3762
2574 3981
37 2702
2595 2615
2636 3726
2801 4047
61 2029
2036 2847
2371 3246
910 3491
464 1174
19 2690
1299 2755
3599 3887
3141 3544
2444 2551
2842 3695
2597 3569
3948 4119
3554 3619
1609 4119
3060 3208
1399 1701
36 3863
2240 3850
3175 3623
311 3068
715 2571
638 3690
1628 2360
1746 2178
46 2783
3428 3638
2364 3615
1148 4016
3773 4112
2745 2814
3565 4179
1629 2856
149 3074
1945 3700
3568 3831
514 3037
1273 3976
1190 1683
3250 3845
352 1397
3524 4053
1988 3517
3606 4188
166 3548
168 1372
1181 2770
2735 3736
3674 3738
320 3918
1502 4030
617 1326
2220 2927
1090 3283
2659 3211
1298 2775
1002 1319
2737 3724
45 539
2106 2758
3939 4119
3777 4121
892 1579
2880 3055
2149 3778
2547 4138
99 4093
3678 3996
435 756
614 1321
838 3715
3649 3992
3374 3691
3003 3333
2256 3887
3066 3205
3532 4056
1243 3336
2921 4138
2605 3315
2041 3365
1110 2751
671 3674
2797 3954
1451 3691
296 773
2053 3041
1191 2438
2230 3470
2113 3428
2240 2327
1895 3768
4185 4188
3957 4123
737 1290
1769 2517
2580 3133
1357 2300
2405 3639
3355 3632
456 1230
3423 3603
3761 4132
1453 2161
2337 3316
2354 2636
1147 2630
526 1092
1729 2582
3835 4084
4160 4163
908 1402
3854 4003
3262 3600
40 3425
601 4009
3909 4191
2233 3200
583 2014
636 3311
3438 3451
1764 3811
3814 4166
4188 4192
3899 4026
3305 3320
4097 4123
2245 3505
2965 3341
1306 1873
3065 3729
493 2965
3710 4045
621 3020
1904 2072
1963 2944
153 1397
3604 4185
2253 2839
1662 1885
345 4166
3991 4194
3599 4139
3494 4012
2029 3860
1109 2896
2894 4195
3143 4011
3651 4177
854 2680
88 2519
3517 3759
665 2980
3341 3573
2259 3500
2451 2599
3611 4152
3276 4155
1495 1853
4191 4198
2321 2822
3774 3958
1085 3372
565 2473
2738 4128
4188 4192
4029 4104
2179 3128
701 1782
1440 3200
2078 2540
1121 3493
1815 3219
2474 3038
3726 4123
603 3492
3587 3980
3562 3897
4052 4198
3477 3925
534 1026
1515 2014
4063 4097
2280 3039
3144 3225
3757 3880
1607 3576
3603 4051
2448 4091
3557 4060
4033 4045
725 929
2075 2206
1988 4011
669 1760
3401 3748
1400 2126
3969 4123
2959 3809
928 3793
3083 3452
3200 3469
1417 2407
2543 3886
539 3241
3196 3218
3294 3475
151 4115
3807 3965
853 4193
466 2087
2457 4024
3774 3957
3064 3204
3534 3544
3248 4171
1624 3220
3582 3799
3783 4108
1956 2396
3429 3479
2276 4057
1561 3490
3195 3805
3845 3869
2431 2805
1782 3470
1978 3733
3468 3683
2754 3502
1854 4154
1649 3629
1141 1633
403 902
3518 4036
2709 3807
80 3712
83 1616
1001 3534
4101 4116
907 3124
3714 3831
2039 3359
2558 3277
1323 2726
2813 3462
47 1617
997 4121
4089 4147
1303 3455
2663 2771
2064 2881
3858 3922
1455 4028
3408 3585
856 3347
2386 3174
3676 3757
132 985
2378 4118
3062 3287
2065 2984
2047 4009
270 1783
2477 4135
920 2650
4050 4178
3556 3943
1969 2363
1088 1747
153 729
1862 3325
2533 3129
1283 1471
3150 4100
251 1148
803 3416
1707 4024
2030 3667
754 3286
1998 4121
1290 1570
182 838
4004 4102
1079 2685
57 3532
3688 4161
3081 3299
3110 3699
3937 4101
1666 2537
3668 4013
1366 2092
4063 4151
2861 3251
1000 2448
2359 3555
92 4078
597 2855
938 3564
3144 4019
377 3880
3506 3667
835 2446
2209 3809
4052 4179
1453 1921
1239 2704
968 2788
3878 3904
1176 3141
685 3714
1389 3961
935 3214
3335 3517
642 3116
79 1655
4052 4158
1422 2640
3669 4039
321 1549
2982 3418
3641 4044
4000 4026
3357 4027
1113 3966
2470 3118
440 3171
654 2488
718 3590
2365 3739
1295 1311
318 1919
1926 3232
2401 2489
2585 4134
3082 3181
2228 3019
3436 3963
663 774
3664 3859
1215 2766
1141 2798
1339 2227
2125 3348
3213 3741
402 1433
2767 3579
1984 2731
3959 3987
4077 4130
2475 2519
2717 3500
1728 3746
1164 3913
1928 2800
3041 3860
1625 3740
2315 2811
2945 3740
2168 2515
3053 3432
2294 2722
1563 2309
1273 1478
3039 3698
3106 3336
205 3425
637 1759
2350 3011
2466 4181
432 2231
4194 4195
3547 3737
3583 3598
938 2872
3401 3827
3432 4118
3703 4165
2353 2951
379 3636
415 4123
1931 2766
2875 4086
1145 3140
2040 3912
590 3460
1238 4074
2431 2669
3237 4086
3372 4191
1794 3017
419 1842
893 2800
2324 3748
1228 2646
2773 3388
3243 3542
2942 3859
1959 2262
151 2448
354 3188
3251 4134
1591 2687
2040 3032
3522 4047
332 3837
160 3071
3540 4154
2176 3865
2741 3684
2328 4015
2957 4173
3149 3490
571 3225
2760 2805
386 3385
1711 2413
1278 1347
1734 3313
552 1152
3146 3607
1731 3868
37 1913
2764 4137
527 1968
3538 3547
3664 3962
574 2580
1661 1703
220 932
3022 4057
676 3217
987 2800
2832 4149
258 2434
4193 4195
2991 3659
1833 3351
1271 1924
890 999
3419 4156
2341 3320
2071 3989
2206 2504
2383 3527
2390 3684
818 2811
4120 4185
1403 2474
1859 2287
3707 3991
1108 2178
227 3723
2079 2161
1280 2032
3636 3857
436 1155
1628 4115
62 3045
535 1599
3820 4126
1042 1935
3658 4130
2830 3577
505 2531
2853 3255
3930 4001
1063 3331
1810 2295
2031 3956
2373 3924
2455 3343
3537 3660
557 4008
1593 1861
3374 3491
3478 3583
887 2942
3058 3985
109 113
37 3298
872 1244
3302 3682
199 3877
4116 4181
1963 2615
4095 4168
3409 3979
2289 2782
140 2324
2222 2447
3027 3805
118 3893
3609 4106
2392 2934
762 1426
2348 3869
3583 3957
2616 4187
3821 4194
3667 3876
3030 3417
2838 3555
3362 3799
731 1939
352 3164
1702 2746
1462 3640
1324 3891
2889 3054
963 2957
1861 2944
2167 3988
2643 4168
757 4170
299 1389
2508 3623
1465 2308
819 3519
3039 3193
3648 3731
457 3116
899 1028
3509 3729
4132 4178
1265 3028
1982 4063
1261 1283
2730 3128
2314 3513
702 2215
3069 3105
250 4156
538 3106
3876 4047
106 1471
1295 3598
3059 3981
3569 3677
2881 3388
2757 3718
591 4066
1942 3031
630 1967
2866 4149
2365 3538
1273 2018
3435 4015
3369 4052
3872 4009
2569 4170
3179 3513
1829 3475
3733 4094
707 1358
2564 3556
436 2433
1651 2556
3046 3590
3579 3920
46 433
2111 3353
2784 2927
4100 4115
2705 3317
1415 3799
909 2365
2362 3130
1711 2684
3684 3711
102 2302
2854 4008
1377 3279
3444 3918
2877 3888
4126 4185
1388 2192
2459 2987
3475 3740
2904 3253
992 2264
3067 3777
3189 3932
3475 3835
1293 1588
436 2690
3196 3702
1042 3311
941 1541
4097 4121
2032 3755
2135 3133
3551 3723
2194 2330
588 3410
2778 2958
2700 3467
3648 3661
3915 4095
1286 1575
2903 3269
4073 4108
2777 3038
792 2603
1256 3722
1380 2642
816 1364
2394 2537
1603 3399
1469 3388
719 1585
2914 4119
157 1211
588 617
3045 3591
3743 3818
3667 3812
2944 3754
1057 1409
3764 3780
2393 2825
1618 2134
1225 1311
3717 4048
3711 3942
2086 3123
386 2217
2755 3214
89 1827
3400 3413
2503 3032
1084 1718
2837 4002
1952 2231
1527 1599
4149 4174
2220 2848
2988 3049
3917 4023
1909 3898
58 4029
737 3847
1053 2556
3987 4107
242 4017
1001 1558
1086 3427
3684 3822
2108 2649
1924 2229
1924 2572
2496 3611
1991 2825
683 806
427 2755
2900 3838
1461 3564
825 2258
2767 3914
2668 3945
3907 4008
2263 3774
1764 3469
320 765
1121 2098
308 2259
3759 4101
2217 2644
3844 3899
2526 2865
574 3808
3599 3867
1924 2623
3804 3910
1202 3488
2042 3210
2171 4191
4175 4183
1404 4172
317 3907
1126 2358
173 3468
319 858
241 1419
3135 3220
3475 4154
1486 3665
3017 3450
4169 4175
4023 4084
3608 3841
2875 3671
2465 2633
2166 3183
2078 2748
2881 4068
1262 3048
1868 2572
526 4192
1472 3042
2896 4155
3385 3749
2660 4014
1279 3989
3593 4060
1683 3554
1110 3695
1081 3647
2993 3583
1097 3004
1529 2914
4055 4081
487 542
3852 3958
2722 3509
1350 2163
2111 3293
384 680
431 1994
1234 3535
4089 4155
850 1609
3647 4008
1455 1684
45 1903
2102 2980
938 3133
3117 3715
3905 3927
442 3192
1787 4086
645 1011
1119 4030
2339 2665
814 3589
2928 4066
4037 4162
2888 3807
1836 2706
2609 3847
1615 2435
2649 3368
3630 3763
1261 2055
1976 2798
2168 2641
774 1870
1783 1948
1802 2784
1367 3285
2465 3974
1556 3717
3283 4095
2570 2655
663 2849
2208 2570
3402 3712
1017 1665
884 1177
3071 3223
3658 4000
2685 3148
2140 2172
2115 3156
3933 4042
3346 3593
558 1262
2640 4012
3766 3947
4023 4036
1185 1622
287 906
1335 3441
1419 2618
2370 2496
1852 1976
2140 2692
168 1751
1786 2889
4002 4058
1306 3453
1179 3500
2766 4075
321 3309
1758 1829
643 1004
271 3199
1019 3855
1738 1985
3373 3951
3348 3591
3076 4095
2060 2249
1388 1498
3895 4010
2538 3673
3442 3857
2208 3092
3188 3236
1494 2277
1475 3596
2603 3811
2142 3145
4184 4193
2548 2782
3439 3912
3221 3915
3940 4030
2834 3489
1359 1843
1553 2731
2644 3882
2517 3149
3580 3790
3610 4054
2116 2687
2628 4139
622 3321
136 1634
2647 2833
4029 4057
1428 3614
3598 4001
2631 2921
622 2556
1041 3076
3418 3556
2957 3317
1913 3056
3315 3901
1155 3242
933 2474
1842 3742
2493 3230
3016 3115
3102 3296
2366 2887
1304 2503
2381 3934
3210 4037
3525 4139
2318 3394
1826 2466
2301 3692
1828 3120
421 2975
2268 3308
683 2471
3217 4135
3367 3394
1228 2532
4154 4177
937 1592
2259 3662
91 1144
2307 2428
2456 3585
3264 3758
3691 3729
1539 1973
1920 3113
1364 2363
3893 3913
524 4068
2512 3144
1931 2248
1259 2189
3527 3644
1157 3146
3828 4187
2148 3456
4192 4199
532 1903
48 4148
2865 3802
285 1371
3042 4141
2988 3820
3537 3891
1972 3389
608 2878
1561 3042
4152 4191
1223 1925
32 1947
1182 1733
4108 4114
1706 1856
710 2339
2565 3692
3571 3803
1598 3319
844 4050
2739 3728
3390 3481
1007 3319
629 4004
2773 4024
1674 3563
4125 4186
78 2000
3699 3863
3830 3956
2349 3123
3235 3939
1296 4142
349 1161
3992 4140
1073 3674
1355 3676
3022 3426
3781 4026
2499 3176
2498 3934
689 1976
3877 3946
1583 4060
1659 2171
3373 3496
3461 4170
4126 4134
775 2244
3237 3864
3897 3955
1595 2501
1747 2493
3776 4169
3309 3823
2087 3122
3974 4155
1323 3874
684 3510
3003 3674
3346 3534
3383 3415
2463 2603
2661 2952
3477 3851
1835 2818
2306 3305
3664 3671
2039 4001
1738 2723
1583 3931
428 1436
3197 3708
2485 3848
417 1278
2250 2977
2583 3775
3148 4023
1531 1764
1516 2206
674 2593
1435 4033
4181 4198
2507 3040
2430 2819
4132 4199
2756 3974
1575 1729
2831 3732
4046 4171
1358 3967
170 3595
1530 4105
724 2417
316 3746
4100 4168
1028 1766
1440 2244
1050 4154
2102 2299
1185 2864
1595 1989
1341 1469
1185 2879
979 3411
1911 3901
2123 3610
2408 3122
1775 3530
1206 1824
736 4129
1212 3802
4057 4172
3835 4121
1845 2376
3417 4012
1094 1343
2467 3315
1979 3034
1531 1643
667 2657
2432 4155
1763 3713
793 2094
2778 2842
4163 4190
3179 3871
276 1568
3716 3827
908 1404
2348 2856
50 2949
1668 2600
268 751
3103 3317
2993 3554
1784 3816
2011 2180
3375 4193
3525 3765
2200 3707
1627 3227
3814 3859
995 2171
1584 3362
3922 4142
1249 2202
202 3014
156 3958
1589 2852
3838 3882
985 1089
289 1019
1150 3869
3177 3671
2847 3631
1062 1175
4032 4062
1840 3647
1881 3762
1412 2853
4026 4132
3525 3760
1490 3668
3484 3984
519 3980
4130 4137
1300 3905
2617 3246
1323 2451
4125 4191
4129 4150
1583 1656
1103 3668
275 2371
1912 2879
671 3750
161 1269
2352 2934
1340 1891
2831 3051
91 2886
411 2646
4001 4194
2839 3481
2703 3217
671 3903
3397 3410
2262 3253
224 1471
3250 3462
2781 2986
1303 1764
3687 4107
1297 1796
508 1997
2791 3153
2126 2923
1404 3694
2329 3384
1931 1942
694 877
2354 4112
3520 3747
2430 3503
642 2648
3434 3822
3822 3859
629 934
4190 4191
3267 4019
191 811
2227 3022
339 2683
4132 4175
2248 4065
4009 4013
931 1283
3370 3684
3266 4062
692 4026
2255 3250
2139 2900
15 2128
3158 3379
1909 4117
2805 3508
3216 3694
1213 2418
725 2166
1889 3831
4091 4171
2674 3497
309 1561
997 1610
3998 4179
3715 3753
2369 3004
3591 4162
2024 2858
805 1967
3817 4058
1377 3565
2068 2114
3310 3884
2346 3581
224 570
638 2677
1384 2306
799 3145
2880 3152
3501 3531
2821 3777
1804 2796
676 2244
3957 4168
2531 3127
4040 4090
3355 4048
2895 3106
1917 2147
318 2703
2779 3518
3649 3724
2945 3424
197 3014
3348 3502
1589 1966
411 3018
662 3303
2096 3504
3354 3579
3046 3639
2690 3270
3904 4012
3650 3972
3166 3867
2143 2946
940 1377
2004 4036
1989 3803
3907 4137
682 4018
382 3778
2538 3944
77 4028
1443 3236
3311 3522
1732 3342
3943 3980
409 2375
1464 3682
1733 2116
3278 4101
3027 3944
1215 2220
277 2676
194 2402
2749 3031
440 4194
3332 3541
1189 1635
1931 2887
543 2344
3454 3686
528 2413
19 1768
3676 3901
829 3516
1193 2873
962 1409
405 3543
2347 3197
2673 2791
1314 1559
772 3376
1111 1830
58 3714
2366 3664
32 682
2494 3194
1258 3901
1128 3094
979 2133
2738 3636
2281 2729
2496 3576
2804 3458
3721 3987
2561 3316
3622 3743
2275 4005
3788 4193
2408 3874
180 3711
3890 4167
1143 3094
3807 3955
411 4004
2936 3152
2297 4031
1775 3424
3484 3895
2339 2505
644 3012
2373 3437
2416 4013
2442 2733
3007 3963
4096 4114
1020 1225
778 3446
1439 3954
2150 3925
1515 1999
1217 3204
596 1092
985 4140
456 1082
391 1573
757 2597
3945 4197
1527 2280
232 878
3083 3857
3248 3752
39 611
2584 3181
1325 3410
1385 2763
569 3909
2783 3470
537 681
1760 2713
2895 3723
1986 2291
3239 3325
617 2551
3442 3936
2282 4143
1852 3845
2362 2909
1700 2638
200 2244
822 1775
3411 3676
241 2839
4163 4182
2472 3822
1328 2706
2698 3008
178 3874
1704 3054
1821 4029
1207 2328
3155 3419
1132 2620
989 4051
3696 3742
2670 3102
136 3322
792 3690
1440 2868
3858 3917
231 2754
1307 2433
395 2407
3685 4089
1127 1718
580 2983
318 1621
1385 2043
180 4105
1896 2849
884 3275
2183 4151
992 1404
2823 3068
1744 3507
255 2643
2335 3639
276 2726
340 1967
4013 4076
346 1604
1093 3957
3806 4031
2146 3946
3671 4193
1904 2543
2090 3862
3075 4154
756 3881
65 3143
3391 3992
845 1793
761 1037
3078 3153
2195 3680
1785 3279
3755 3891
978 2166
3814 4083
3627 3936
851 1067
2101 2233
574 1809
3569 3738
697 1753
3040 3283
3599 4108
1008 3416
2645 3150
1049 3411
2531 3304
2805 3157
1106 3584
5 532
157 1386
315 3844
2070 3565
210 2798
2664 3367
2071 2519
2843 4143
965 2252
2908 4088
925 2822
2857 3739
1745 4160
276 3606
1889 3605
796 3707
2999 3270
198 1622
2685 3071
3700 3834
662 1253
2567 3031
4060 4165
853 2970
2191 2690
857 3187
2173 2286
156 4162
216 3393
2221 2929
1187 3225
260 3877
502 864
376 2210
3270 3372
2819 2948
2588 3759
2719 2855
3131 4103
3102 3884
3061 3285
3796 3990
451 2127
412 1939
3939 4114
414 885
1941 3241
3084 3464
2363 3638
3610 3847
2004 3675
4110 4185
3896 4062
1257 2957
433 2477
243 3502
4055 4064
1566 2567
4174 4176
2993 4148
3548 3839
1749 2393
2974 3547
3471 3594
2949 3807
2398 2820
3088 3291
1835 3982
3354 3459
785 4162
2482 3083
2796 3729
2236 4118
842 946
2164 3483
2688 4005
1380 2988
3362 3921
2958 3770
622 2999
908 921
2858 3943
600 1187
997 1685
3705 3708
123 1557
1074 2968
3069 3702
2397 3952
2131 3800
880 2997
73 2589
935 2251
1725 2768
2630 2906
2342 3487
3511 3790
160 447
305 854
2660 3949
3514 3669
4022 4165
2947 3082
332 3153
3688 4182
3195 3763
1524 2213
3003 4194
2979 4025
1363 1610
4028 4116
1403 1723
4071 4100
788 3512
3345 3828
3323 3562
3470 3791
2439 2742
438 4181
4116 4140
1602 3077
730 995
474 1745
2965 4162
275 771
961 1135
1368 2036
790 2227
3530 4036
2086 2319
2582 3087
3751 4106
1470 3351
2197 2955
242 2984
2531 3242
1526 2475
830 2083
147 1090
1369 2887
2531 4001
2604 2787
3332 3784
2457 2460
989 3879
1800 3126
2986 3579
768 2402
438 1217
3854 3879
743 892
991 1836
1458 2614
1669 3521
2042 2081
600 3639
3668 3672
3435 3931
1611 1747
2127 2818
1468 2907
1072 3217
84 3801
1150 2206
2416 2884
4057 4163
3097 3557
3384 3910
2272 2698
3454 3497
113 470
2165 3527
3687 4045
1260 1659
302 367
3887 3973
2733 3061
418 1820
1779 2938
859 4033
2802 3084
1964 2181
1111 3139
2321 3678
568 934
646 4054
886 3679
4069 4199
3932 4051
1014 1574
2460 3531
3036 4066
174 3668
952 3870
677 1157
2249 3147
1078 2619
2501 3658
1519 4004
3304 3810
681 1170
657 2678
178 3391
3593 3911
649 1176
2381 3162
3779 4090
476 2254
3498 3655
1119 1730
2329 3243
896 2092
782 987
246 3889
3734 3854
958 3421
3373 3904
3792 4118
3359 3942
2619 3669
681 3625
1799 3725
3835 3924
1280 2551
934 2320
2844 3351
2371 2723
1134 3435
4126 4183
2120 3231
1603 3847
3390 3862
1128 2959
415 4087
3111 3581
4159 4187
1037 1406
3263 3819
2668 3531
1208 4138
3286 4100
3981 4130
240 1170
3702 4094
1737 2294
2951 4188
1750 4175
2769 3314
486 1936
3299 3393
4030 4114
1288 3993
2317 2893
4066 4137
2362 4161
2689 3694
1911 2177
985 4035
2911 4014
331 2754
2402 3489
3268 4024
928 2849
2428 2554
3957 3988
3946 4061
3922 4180
969 2154
2822 3290
1113 1229
3945 3975
1964 2644
620 3350
586 4108
1408 2786
13 4199
1656 2489
3455 3686
3463 3593
1921 3936
3012 3359
1075 2975
80 1399
1665 3388
3034 3843
2351 3981
971 1451
1538 2777
3545 3847
2229 2971
330 840
887 3931
2989 3251
4001 4050
3632 3776
1683 2346
3745 3828
3454 3934
2661 4191
1644 4138
3326 3529
2570 3907
3680 3962
2112 2747
3866 3960
1223 1608
1667 2438
1452 2008
3067 3839
2277 2693
1346 1604
2555 3961
3128 3721
2422 3031
1666 3420
514 927
2869 4030
2093 2222
1021 2594
591 3069
689 3686
2155 3205
3817 4118
984 2747
3556 3745
2183 3272
3799 3881
2291 3177
2952 3513
1096 3230
2302 2476
2907 3778
1768 2957
712 2244
3665 3700
283 1616
1696 1903
128 276
3643 3693
667 3670
1232 2094
76 1997
2512 3237
1171 2678
2116 3689
3167 3748
1373 2219
318 3510
264 4077
967 2020
1367 2125
1971 2035
3544 4030
1625 3663
1946 3872
702 1009
491 3556
1236 3654
944 3224
2916 3700
3900 4187
2110 3802
2641 3813
387 738
1978 2353
3467 4117
2162 2570
2996 3904
36 3364
605 1626
206 903
2222 4081
4145 4146
3426 3489
2381 3933
2884 2889
3279 4113
1380 2551
3481 3621
4118 4147
1610 3928
3959 4198
164 392
4090 4128
807 2422
3471 3486
804 1020
1098 2196
2278 3685
1706 3161
606 1781
947 1686
139 1504
3950 4162
1136 1155
1189 3576
3582 4050
956 3394
2547 3036
2382 3795
2167 2580
1698 3295
2642 3361
3286 3409
3194 3495
1482 3890
2972 3130
1690 1819
3437 4176
2578 3598
554 1262
470 3028
768 3247
2566 3284
1076 2561
3878 3994
2891 4011
79 4019
3598 4123
2655 3743
2795 4056
1580 4089
882 1726
1450 3226
4158 4168
3279 3983
643 3610
1411 3037
3478 3685
1065 2924
301 4143
3689 3905
2445 3835
1855 3773
995 2043
3944 3967
291 4167
4090 4104
1224 3771
2170 4030
3903 4055
789 791
3121 3509
665 2136
4175 4177
2928 4005
1218 1247
2507 3041
443 3133
4077 4139
2159 2907
1402 3477
3508 3665
2566 4032
3502 3702
3700 3835
497 3682
3181 3784
1441 2167
3327 3544
32 3693
1396 2592
2958 3297
2594 3070
2078 3244
2833 3359
1097 1683
3444 3906
2472 3923
2888 3263
3550 3602
2735 3249
695 3937
2646 3059
727 2409
3133 3819
710 4119
366 721
1125 2766
3023 3274
1247 3263
1089 2146
604 2389
3746 4142
3125 3954
3215 3492
2475 4013
469 3538
4137 4153
3749 4000
163 1027
3373 4183
3361 3627
890 3108
743 2506
3049 3337
1590 1906
3726 3962
2946 3940
3373 4164
747 3907
3154 3653
1974 3854
3422 3643
2695 4176
2133 3631
454 1925
849 3083
2326 3645
2082 2728
4058 4119
1368 3404
2621 2666
3484 3842
1449 3934
359 2132
2605 3016
2321 2562
1451 2520
2749 2990
3127 4168
2162 2746
2376 3476
3035 3905
2180 3877
1603 3754
2050 3367
1748 2518
1910 3102
3581 4014
3704 3810
2621 2753
1226 3635
1244 1769
2527 3210
2178 3169
3782 3848
3470 3531
956 1343
715 2783
885 2949
2130 4009
2886 2992
373 1811
176 3763
1061 3745
2765 3752
1566 3306
2775 2874
1 2979
1932 2877
874 2577
1390 3900
2177 2516
1803 2947
1495 4183
1363 3210
1446 3185
1144 3678
2170 3097
595 834
1742 3496
3409 3979
2660 3353
3538 3681
86 944
137 229
587 3552
1396 2454
1270 1634
345 2765
3713 4055
3353 3752
3654 3974
4128 4192
2906 3257
1787 2037
945 2810
1506 3579
3248 3992
1350 2890
2331 3102
2618 3925
3053 3752
2131 3788
2872 3094
2541 2933
3537 3573
1801 2439
3075 3333
3980 4063
1980 3343
3438 4197
875 2012
1636 1672
1275 2588
477 1040
3842 4124
1566 3785
3046 3993
180 2813
3012 3917
1736 3724
1173 3509
820 2861
3548 3821
1000 3144
1916 3501
1490 4127
3853 4168
368 2550
1677 2736
1066 1570
1047 4189
3135 4144
1963 2454
1486 3486
2683 3017
3740 3790
2534 3108
609 2648
1189 2375
2188 2655
805 1775
950 2614
2701 4022
1972 3406
758 1988
2189 2775
2725 3468
2389 3441
1934 2528
4093 4096
2935 3876
3874 3924
2360 2775
2412 3919
1680 2550
413 3442
864 3122
622 3756
3282 3326
582 1296
1814 3838
1231 4145
2935 3441
1267 1570
292 2975
67 2662
2824 4005
2944 3429
3936 4189
4136 4168
1913 3873
2707 2959
1477 2438
1373 2805
3037 3207
1537 2206
2049 2432
2645 3548
20 2036
1121 2256
4089 4144
311 2326
1524 4161
416 674
960 2613
3890 4198
3588 3928
3965 4159
1676 4156
575 2733
4184 4198
4144 4196
641 2368
2927 3165
4072 4176
3840 3856
1234 1573
3771 3806
4189 4190
3845 4148
1067 1900
3421 4053
2952 3227
2156 2947
573 2772
3386 3416
2234 3832
903 3441
4143 4184
892 1994
2331 3506
2654 3309
426 2924
2992 3336
1690 3810
365 3933
548 3246
2683 2969
4098 4118
105 3454
1266 1722
1699 4091
742 2271
340 1684
949 1465
2650 3704
2857 3125
854 2115
3382 3443
3790 4077
2815 3998
3248 3399
3253 3988
205 2353
820 1813
936 3808
1866 3445
2682 3362
3983 4156
1620 3187
1994 3892
679 3703
3380 3778
3395 3703
1268 1958
1475 2608
2623 3858
1718 3643
2488 2689
1346 3361
525 2733
1820 3594
25 3453
3198 3241
1333 2223
1157 4104
2624 3693
2139 4130
681 2680
2819 2970
2586 2797
555 2916
2315 3353
106 2777
1138 1347
2127 2181
4123 4168
4076 4106
2231 2369
346 3692
2671 3224
2250 2888
1457 4139
1077 2348
3207 3640
3547 3950
454 2250
3633 3797
604 2882
2269 3761
3271 3740
306 1556
1055 2315
3928 4137
1282 2707
767 4082
3368 4111
2977 3173
59 3150
1586 3874
1954 3721
204 3275
3198 3951
2631 4006
1330 1861
3045 4161
1917 2619
2130 4122
933 2814
2139 4194
3830 4115
2283 3552
2771 2777
1360 2057
1654 3243
1567 2290
2479 3331
1880 2761
2714 3652
2981 3238
2597 3928
3060 4003
3843 4195
2602 2941
3938 4022
1877 2673
1778 2106
2023 2411
2717 3376
2307 3589
741 3148
655 3042
936 2109
3683 4197
2722 3865
660 3558
1379 3429
2022 3410
1813 3624
1766 3378
1052 3516
2743 3598
460 953
3706 3870
705 2911
711 1444
2786 4010
618 3433
1109 3081
3397 3541
1655 4059
3091 3840
3951 4122
2798 4117
3984 4072
331 1636
1255 4090
3213 3696
2440 2903
2735 4184
1734 3476
2396 3083
2931 4126
2198 3881
1471 1717
676 1589
1803 3852
2006 2224
1444 3899
4000 4095
729 1302
1135 3957
399 771
1781 3755
1896 2835
2374 3541
3005 4093
2768 3461
1506 2398
1194 3401
3896 4004
1101 2555
805 3388
285 1530
1580 3991
50 2500
2825 2912
2490 3676
2195 4184
604 3349
2624 3417
989 2428
2296 3636
789 1256
3743 4067
242 3085
1713 3490
203 2422
3554 3882
1715 4039
355 2612
3327 3951
333 3370
1604 3858
2744 4148
3636 3818
3853 4112
1993 3688
2711 3880
3403 4006
839 3412
3065 3114
2790 3299
1716 1835
3802 3954
3420 3732
646 2783
1538 3710
1213 1234
1663 1890
2813 3584
513 1218
2919 3574
1555 3692
4165 4181
2301 3955
1601 3070
1763 1893
43 3326
3262 4086
2167 3749
4151 4156
3546 3623
1047 3343
3201 4092
3714 3825
1300 2907
359 3559
2698 3438
1542 2807
2990 3846
4114 4192
1775 2821
1152 1930
1389 2190
292 2076
2242 2582
167 3531
2105 2454
1206 2702
113 2292
3975 4093
3847 3854
1712 3362
653 1350
3593 4141
3494 4191
234 1246
561 3135
4188 4199
1182 1611
1105 3213
1097 2020
1112 1973
674 941
1737 3516
362 623
1084 2428
23 2997
696 3427
262 1009
1562 3304
1502 3693
1765 2908
3525 3663
1753 4003
1038 4141
2169 3991
1567 2236
2451 2702
3109 3498
4073 4160
3415 3625
2090 2215
3560 3949
2498 4105
3212 3719
3755 3874
2520 2564
3216 3569
1383 1681
4132 4181
2371 3305
2287 3049
435 3404
2255 3435
1352 3968
1310 2695
1950 3943
577 3818
1510 3443
478 1615
473 3001
2344 2632
1005 1565
2917 3008
1425 1873
3721 3851
495 3667
2213 3646
952 1716
3071 4134
82 2736
3208 3797
4126 4155
532 2294
2566 3921
1484 4179
409 412
3653 4148
3460 3868
1730 3288
2115 2993
1362 1401
752 3072
294 4033
3758 3838
1906 2341
3095 3364
1090 2465
2520 2718
2341 3909
1023 1766
1966 3927
2003 4150
3083 3536
882 2747
3065 4184
2704 3329
4159 4197
117 1856
3798 3847
287 554
1385 1755
1308 3829
2281 4119
3580 3624
864 2142
2116 2136
1058 1169
89 3805
3274 4160
2666 3831
1237 3663
496 2115
418 1682
3476 4007
3521 3692
3387 4033
643 3656
3141 3302
2724 3409
334 1298
2772 3098
2491 3513
1447 2418
368 1023
1274 2844
2258 2277
1397 2863
2999 3396
1007 2648
1959 2018
2701 3768
3143 3334
3184 3450
2698 3623
3090 4086
1422 3489
3904 4176
936 4113
2663 2925
1761 2694
3837 4029
2562 3470
1744 3158
4183 4192
4042 4142
1080 2901
4168 4177
2777 3864
1087 3292
3744 3900
2548 3617
1731 1832
159 825
2049 3964
3991 4175
1979 2215
2427 3511
795 1521
2290 2476
1693 2757
1693 3648
52 1794
3120 3153
678 1481
3966 3996
797 2757
4154 4168
1758 3338
2063 2497
1495 2953
3168 3756
4041 4060
2471 2775
2881 3239
2770 3705
1670 3215
2644 3998
4052 4156
1083 4174
1359 2666
3884 3894
2597 3453
2034 2777
3041 3171
3104 3821
1953 3306
1370 1611
2311 3971
2209 3984
1489 3371
3591 3872
684 2630
1794 3080
2811 3236
2011 3936
3575 4154
1848 3478
75 3425
1233 3273
227 326
446 3833
1411 2564
3131 3301
570 2278
2228 3698
2094 3293
3492 3537
643 3608
906 2057
1496 1940
154 4133
567 1539
3052 3132
3582 3898
2542 3719
431 3379
2998 3075
402 3279
1515 2533
1217 2022
3292 3579
81 3438
1074 2397
4186 4188
4170 4193
203 1457
2992 3078
324 2061
3079 4016
1953 2265
4021 4171
1482 2598
352 3856
1780 2361
1088 2838
2143 4010
3779 4177
3333 3760
3958 4002
1016 2448
91 1892
2315 2450
3956 4025
1672 1905
27 3466
3404 4064
3636 3913
4133 4137
3015 3876
4198 4199
3499 3942
826 3028
2154 3317
2518 3091
1504 2035
1121 1151
2233 4080
1667 1921
1090 3836
1345 2846
3440 3441
3312 3972
941 1821
3331 3468
4044 4095
1543 3060
1399 2935
271 2183
2446 2626
305 4066
589 1308
1778 2112
4084 4189
206 736
1658 2403
3848 4085
3646 4035
1934 2406
742 1554
9 604
1094 1822
2177 3863
521 2060
1130 2825
2945 3132
1725 3040
2281 3519
619 2443
2878 3799
3719 3861
3810 4101
1048 2695
1766 2793
1049 2590
3993 4182
356 3860
2835 3818
355 812
3054 3714
692 1970
2147 2625
2105 2963
2079 3966
1312 2048
3818 3957
2633 3829
2791 3197
2411 2929
2608 3489
3524 3973
703 1892
1158 3756
3386 3607
2680 3204
4053 4145
4166 4172
3045 3197
2528 3570
3275 3764
553 4188
3452 3788
1435 3363
321 1389
3055 3781
1911 2477
1899 3814
512 668
2904 4065
1588 2030
3434 3636
2931 3300
4120 4171
1071 4094
220 766
3513 4116
3003 3298
2172 2873
2964 3157
654 977
1599 3957
2818 4161
2593 3333
3050 3222
1474 2536
97 1261
4020 4068
3555 4022
4162 4166
3999 4023
1363 3916
1174 2018
3279 4148
832 3163
966 1796
3957 4075
1168 2079
655 2011
1408 2875
1808 2240
2489 3491
2219 4122
1376 2975
2633 3258
2374 2913
2714 3824
2999 3013
157 3513
2548 3175
1358 2698
1479 1611
644 3597
628 4052
1134 1896
2152 3360
850 1581
1665 3339
2033 2059
3800 3945
2784 2935
3886 4073
3359 4099
1540 1833
2555 3222
583 3152
706 2048
2886 3018
2497 2973
3326 3639
2686 3803
38 2853
2906 3628
1284 3626
1691 2349
562 4004
3790 4126
733 2445
266 3016
598 3909
2283 2794
1500 4162
538 3718
3959 3961
3396 3639
159 2888
1277 2017
1475 1543
205 1655
195 1758
919 2307
1757 2807
106 3861
1851 2663
1852 3011
3458 3774
180 2652
2427 3552
2734 2878
849 2228
2773 3910
1216 1755
518 2557
204 2170
1354 4080
3999 4115
3695 3725
3429 4050
185 241
1854 3735
3201 4106
2337 2638
1546 2588
1761 2212
3766 3802
278 3543
2454 3937
562 3489
2264 2746
789 1829
514 985
2045 3365
1305 2863
3592 4138
1705 3298
703 2660
3195 4013
963 1964
3296 3727
3816 4119
171 1284
1490 4003
4039 4123
3913 4144
2507 3731
3469 3684
1919 2140
4085 4124
2786 2938
656 1823
2859 4053
3370 3983
2763 3761
407 3293
1326 1330
1051 2761
3753 3908
3711 4035
2294 3414
2051 2174
2180 2775
2787 4085
3492 3553
1713 2781
1464 2661
1563 3575
2309 2988
3215 3248
1517 1943
549 838
69 2418
558 896
3232 3697
3323 3711
998 2577
356 1152
1435 2735
3815 3928
1363 3583
413 1368
3999 4174
2255 3650
1611 3106
716 3867
4013 4038
941 3321
1990 2581
1252 2156
3660 4109
3944 4011
2087 4025
3380 4051
1274 3325
3474 3923
541 1499
3293 3601
3896 4109
3092 3368
3031 3326
2636 2992
1762 2743
1325 3436
2575 4021
2729 3296
3867 4076
3634 3970
2972 3166
2621 4050
3761 4086
2053 2315
276 1039
4052 4141
3251 3352
4128 4166
2260 3667
1909 3901
976 3467
4077 4155
599 1111
1790 4027
2980 3411
2574 2769
4105 4192
745 3104
2790 2834
4167 4180
4051 4186
3058 3397
834 902
2548 3159
1733 3015
2623 4164
2504 3169
2882 3998
419 480
2139 3360
2904 3902
1312 2765
373 412
3791 4194
322 805
2027 3951
886 2869
761 2901
3168 3646
2776 3417
2854 3062
575 2382
704 1182
2705 3792
952 1251
3350 3439
2949 3964
3498 3683
404 2702
1965 2901
558 2245
2759 3075
739 3857
4102 4151
2808 3485
1021 3258
2906 3835
2975 3315
3309 3603
1649 3325
266 4117
502 3606
3805 3905
807 3068
1088 1739
2342 2441
3566 3894
1093 3579
830 3796
2713 2872
3121 4115
3452 3487
3628 4082
1253 3417
3054 4180
4104 4138
1935 1994
11 1135
2906 3151
138 3721
3483 3806
646 3025
2882 4000
1953 3754
1863 2779
140 2310
3565 3598
2883 3471
894 2153
4005 4046
562 924
1689 3600
2567 3015
2506 3620
3263 3959
1942 1989
3257 4039
2413 3818
3542 3698
1858 3404
1433 2760
498 4002
1223 3216
1674 2997
2942 4189
3718 4127
803 2817
2230 2578
3780 4060
1003 2560
1947 2718
3177 4017
662 3278
3378 3696
2942 3489
87 3470
1169 2573
3202 4052
677 884
4082 4181
1941 2863
2789 4173
1162 1749
3902 4005
335 2738
3261 4139
3008 3307
3445 3956
1849 3865
4170 4193
527 1581
2242 3670
3633 3958
2646 3300
3245 3410
209 4186
133 4069
2697 3142
3519 3808
1447 2997
1068 3438
1430 3828
747 1164
508 3330
1074 3888
1784 1820
2252 2607
4009 4042
2849 3859
2658 3037
2012 3308
21 2555
276 2027
2995 3419
1949 2204
485 2311
4177 4194
272 1003
2545 4072
3266 3962
2151 3816
1158 4100
1740 3150
3437 3488
1526 1863
659 2796
4055 4177
1069 3763
233 682
2848 3652
1153 3418
1844 3843
2807 3382
1940 3709
251 4174
2180 4026
2256 2966
154 744
2466 3970
992 3711
2595 3728
2546 4048
3936 4005
1172 1927
592 3062
3997 4111
454 3677
3157 3341
2036 2238
3122 3699
2099 3792
844 3334
4106 4139
1322 3540
645 1316
3752 3861
3904 4181
3924 4026
2822 3700
267 1912
2142 2308
3746 3993
3445 4073
710 4194
2372 3116
1683 2906
1409 3944
2455 3050
3110 3713
481 1164
1579 1927
586 1603
4195 4199
350 960
3251 4099
1031 3970
2952 3099
3569 4052
806 4036
2748 2977
3912 3999
3043 3678
815 2767
367 1969
3642 3834
2901 4167
3472 3821
258 1779
514 571
1781 4049
811 1768
3718 4056
2934 3163
3569 4039
2246 3829
3459 3761
494 1379
1617 2816
104 3875
800 2831
3669 3867
1162 2074
2066 2462
228 2996
1879 3460
3752 4170
2675 3334
3096 3299
3829 3974
2506 3135
510 1276
408 2345
3734 3998
1502 3520
1838 3179
26 2433
1746 2647
3317 3792
1380 2604
3226 3247
2504 2989
3926 4111
3606 3803
1437 3676
707 2991
1276 2713
2944 3154
1169 2875
1662 3452
2933 3838
2399 2479
2171 3076
3383 3731
66 746
4152 4155
1488 2971
3194 3758
3945 4024
547 1924
1824 2461
1614 2830
2735 3116
1004 3384
349 4090
155 1881
2012 2777
4176 4177
4083 4113
2852 3447
672 2359
3294 3802
1230 1972
2373 3409
364 2681
1670 2729
1499 1746
2680 3498
702 2200
3174 3741
2922 3070
1451 3733
674 2459
2252 3600
4001 4044
2942 2982
2047 2865
961 3013
1301 1533
848 2244
371 2648
1745 3446
2479 2597
580 633
3099 3752
731 2838
2828 3399
2499 3412
2209 2262
650 2004
2470 4191
2559 2990
527 3709
1755 3530
3722 3945
3904 4128
1377 2439
1545 2202
424 2382
1592 4017
3950 4010
1153 3038
3698 4199
2613 3245
1092 3496
555 3844
3593 4165
494 1836
3983 4195
3263 4036
210 720
1891 2045
2992 3873
3629 3632
828 3373
853 3441
2100 2373
1906 2550
2374 2594
1578 2163
345 3253
2107 3336
90 2322
2330 3305
3541 4111
1968 1969
679 1602
201 1679
1287 1959
108 2937
4179 4187
174 1414
1600 1603
1674 3785
2839 3519
1162 1895
1381 2610
55 1850
3195 3219
2289 3411
1845 3198
605 2944
3287 3386
1671 3378
3722 4167
3995 4097
44 915
2804 3041
1651 4195
652 811
477 1292
2950 4190
3731 3865
2188 3397
2672 3487
1016 2113
2609 3776
3215 4014
3082 3580
4009 4176
1188 1861
3606 4198
2300 2497
1386 2404
1810 2727
1336 2970
1773 1807
2058 3078
753 3490
3831 3996
158 2898
1662 2530
3869 4083
2433 3951
209 1985
1658 2671
1787 2122
2581 4038
68 74
793 2117
1830 2042
904 2460
907 3977
1518 2915
396 4009
2786 4120
2872 3271
2425 3670
1988 3858
3118 3689
2129 2321
2688 3876
1673 1763
3152 3480
3576 3704
3107 3497
2463 3715
23 451
1062 2943
2351 3470
2425 2566
538 1899
1668 1822
1853 3299
3621 4050
3006 3907
218 844
3978 4104
4110 4137
1882 4154
2329 2337
590 3219
1719 2845
778 2904
1817 3016
3431 3454
2380 2884
3614 4192
2635 3414
2207 3633
550 3827
2962 3124
2578 2971
4050 4126
2498 3323
2595 2920
3087 3988
2209 2709
1362 1506
821 1843
2720 3584
3906 4150
3261 3361
1107 3439
225 3407
2985 3031
3679 4135
2795 3084
858 3238
2787 3823
721 1625
645 2491
365 2938
1758 2540
2121 2186
1846 1966
4050 4180
1119 1170
171 3698
1185 2160
555 2007
59 2594
2140 3939
1496 1870
2548 3585
989 2176
1602 4168
1997 3967
3153 3324
2259 3144
3255 3783
1733 3179
1002 2662
2858 3893
2924 3190
1734 1916
532 3063
122 714
861 1431
676 3305
2327 3831
2756 3339
4191 4195
1023 1294
78 3191
2919 4053
934 2333
2637 2998
3702 3831
2331 2669
528 1397
661 874
379 601
3820 3899
2575 2890
665 1977
398 987
110 196
1885 3181
705 1378
106 3740
399 4101
1872 3615
3610 3735
225 3377
2769 3118
3151 4177
2518 4183
3809 3977
853 3012
238 1666
636 3207
198 3465
4114 4148
1116 2872
1631 4090
718 3880
1342 1393
2184 4002
3302 3431
3362 3587
3905 4118
1525 3731
947 3185
3829 3972
95 3952
2936 3414
656 3205
1835 1890
219 3889
3956 4057
604 3597
1477 2709
492 1108
3340 3889
3129 3312
3471 3717
1955 2817
3070 3818
262 3452
3179 3346
3646 4051
2483 2790
1865 1969
1832 2882
3094 3289
2034 3626
3435 3695
2932 3796
3672 3880
3411 3973
1222 3874
873 1644
3575 3830
3896 4075
1934 1980
2742 3160
2457 2941
372 4038
189 2205
315 2644
1215 1726
1559 2349
1155 1767
580 2605
415 1800
227 810
1111 3966
603 3423
2051 2536
3087 4089
1669 3885
3659 3920
2418 3760
3172 4046
846 2593
217 2784
1763 1915
3392 3755
4075 4132
254 3443
1582 3912
913 1624
2792 4058
1849 3017
1075 1473
765 4102
3471 3553
6 3917
4010 4149
2641 3496
2046 3289
3059 3567
1447 2821
2453 3546
1438 2097
3365 3908
3119 3221
2123 3873
2659 3367
1873 2471
1622 3179
2292 4198
1436 3050
2885 3166
1420 1502
2410 3165
3701 3924
1735 3678
1305 3005
137 1163
818 3429
2689 3113
3916 4120
244 1961
3515 3837
458 1392
2779 2898
3724 3759
1229 2142
2133 3887
807 2175
848 4080
3731 3987
3494 3762
362 2081
2450 3906
1473 3421
888 3775
1826 3888
1672 3216
1544 2714
356 1436
1797 3050
1930 3062
3413 3947
1426 3703
896 1013
2004 2795
982 3778
1223 3066
3890 3916
2656 2736
1256 2260
3451 4168
1003 3021
3396 3930
2697 4017
2421 3155
2225 3318
2726 3578
2924 3950
290 2140
1117 3934
366 3989
861 893
1776 3843
2123 2564
4162 4191
3828 3925
1645 3813
2406 3319
1391 1717
903 2882
915 3608
290 2453
3244 3794
4177 4191
4083 4128
3989 4107
401 2260
2293 4166
2623 2883
2172 3716
3592 3961
3159 4103
428 3321
583 1661
1240 2132
3303 3941
1207 1323
1988 3410
1806 4045
1907 2192
256 1299
2214 4136
2395 2726
3457 4027
2871 4075
3555 4127
2374 3441
1105 1141
2763 2956
3968 4033
3658 3971
2256 2764
3222 3433
3340 3602
1269 2068
3689 4001
2899 3997
2006 2839
2891 3181
3075 3649
3727 3986
3411 3949
3642 3967
2237 2565
1951 2671
3462 3967
3961 4120
2716 3970
3098 3484
3016 3795
2104 3276
3893 3990
1361 3437
1756 2222
1724 1771
306 2024
2220 2660
4092 4147
3251 3968
3977 4049
2597 2649
665 4033
103 3791
1429 3090
899 1926
835 912
725 894
195 594
4093 4121
3559 3800
1843 3243
2015 3446
2074 3449
2595 2642
580 795
1796 2746
2535 3728
3731 3781
316 1276
1382 1592
2141 3454
1724 4109
1880 2541
3485 3750
2489 3772
3555 4154
2287 4141
3356 3625
2701 3224
2512 2970
24 722
3096 3394
1751 3868
500 3712
701 2681
2349 2468
2759 3686
3024 3584
1024 3832
2151 2999
1407 3935
3448 3466
4113 4133
1865 3071
3669 4083
267 793
1225 3019
2466 3890
2476 3768
1800 3322
1934 2944
3252 3510
2282 3816
2427 3272
1772 2202
1249 1398
1599 2876
798 2110
3577 3797
3273 3544
3260 3488
598 3740
165 1147
41 619
1817 2952
1497 1896
53 2649
1606 3285
2138 2353
958 1616
1637 1717
2566 2698
3450 3500
2161 2168
4145 4156
3742 3924
4106 4112
3785 3980
1650 4053
1348 1395
2482 2567
2529 3747
2158 3253
1345 1953
3626 3859
2260 3177
222 3921
3340 3824
2991 3067
3254 3726
687 3061
800 2085
313 1868
305 2347
2355 3071
3228 3787
3432 4139
2542 3090
1846 3373
1015 1894
1060 2000
2744 4114
1801 2834
1382 2165
2439 3203
371 2146
68 1296
807 4103
3566 3929
3568 3761
2061 2769
3151 3844
3561 3749
958 3049
2284 3873
2096 3217
664 2566
670 3821
3347 3354
2026 4176
1290 4004
2434 3792
3051 3339
561 3895
2004 2672
1094 3074
1399 2076
2212 3402
3784 4090
968 1001
687 1277
159 2744
1845 3024
1170 2608
2130 3559
2103 3065
2778 3847
3720 3920
1601 3917
706 3078
3480 3521
3337 3504
3418 3479
452 1277
2883 3759
168 1777
3588 3603
2935 3456
1708 1800
716 3631
1431 1826
2620 3466
48 1233
3406 3993
2987 3357
3350 3804
2308 2564
2580 4000
880 959
2623 3382
3477 3904
1304 2200
1085 4068
2619 3294
1442 3307
1122 2605
2184 2331
3521 3659
1181 2070
113 2732
3776 4194
2857 3747
3493 3696
2649 3872
3403 4091
1194 4129
4183 4194
2473 3622
359 2954
1979 3657
645 2132
3010 3600
1954 2426
1912 3285
1195 1807
475 2634
1570 3074
2019 3606
2421 2440
3125 3138
2536 2563
1708 3693
2772 4134
677 3509
2242 2944
579 3793
1096 3291
1895 3877
16 3456
954 2999
3871 4074
3556 3829
300 3087
1183 3768
1882 2164
1527 2619
3528 4078
3514 4131
614 2568
5 2403
930 3438
361 1820
3505 3694
1576 2551
1423 2442
3749 3754
1376 2108
1826 2709
1980 3385
1922 3333
1270 2516
1207 2610
881 1403
208 687
3846 3986
1325 2375
4021 4126
2437 2557
269 4060
702 2311
1903 2697
2754 2934
412 1961
3311 4069
2184 3794
3780 3849
3861 4163
2756 2978
3016 3758
127 2058
2333 3149
3253 3558
979 3583
2240 2296
2346 2677
1720 2617
340 920
1250 2112
1962 2016
621 4139
1325 3545
2945 4198
2999 3662
3692 3748
4036 4074
1828 4149
3243 4178
630 3637
3908 4063
1056 3949
2523 2647
565 2797
3831 3852
2565 3782
671 1447
604 1167
1998 4032
4171 4193
1441 2225
103 2731
2119 2700
2281 2718
2169 3062
994 2205
747 3388
3323 3875
3893 3901
1187 3305
2367 3103
368 1732
3328 3543
2561 3023
368 3335
3563 3723
1211 2623
748 2064
3598 3811
2840 3563
2119 4170
4073 4135
3385 3554
2634 4087
3151 3496
3344 3787
819 2483
2142 3576
1483 4052
1010 3873
3841 4114
3082 3589
3117 4144
348 2338
640 3476
69 1110
1947 2704
1871 2469
3149 4027
504 2000
3855 3887
1740 2943
287 438
2524 2802
3498 3683
1610 2521
1689 3456
2609 3516
3669 3857
551 2514
103 683
384 3486
2457 4167
3057 4105
2801 3183
2914 3827
499 2927
3788 4081
4080 4153
791 3540
3886 3992
3730 3948
1429 3359
1931 2851
2440 2616
188 3052
812 2634
1061 1182
391 1754
2301 3982
334 2297
2627 3482
2555 4028
2479 4139
777 2608
2558 3766
392 3108
400 3952
479 785
3763 4194
1001 1794
2956 2965
999 3416
1801 3562
1797 2693
3393 3522
1468 3558
2224 3596
2504 2938
2275 2841
1244 3052
182 3760
369 2475
1962 3507
100 3110
4046 4066
522 2861
289 1835
356 1558
1958 2421
1410 1866
2407 2974
1576 2051
2789 4000
3156 3573
109 439
733 3099
3694 3915
1848 2813
2361 3560
3281 3660
917 3297
3559 3602
1879 2510
3716 3861
610 1521
769 2758
1913 3675
3841 3971
3917 3958
3186 3307
1801 2371
1623 2164
899 1420
2585 3744
3636 3748
369 3789
165 2173
2740 3981
2745 2813
2525 3673
4137 4183
1566 1845
1250 2989
2654 3424
416 2903
859 2823
290 2544
1553 3971
4133 4148
3892 3950
2303 4153
4105 4187
1590 1601
3843 3929
3869 3906
2465 3799
3895 4197
2455 3256
3571 3861
4095 4194
3806 4022
2995 3332
1006 2924
226 790
1789 4144
1323 3672
2852 3080
3546 4124
1164 2664
2230 3004
373 1098
3674 3707
840 2693
3001 3527
3951 4154
2404 4076
2547 3317
3382 3918
2377 3802
2654 3732
1556 3871
2046 2295
2447 3175
1880 3284
1790 3921
3719 3973
4054 4083
1937 4129
3648 4075
2710 2902
1843 1902
1952 3160
4157 4162
3390 4176
806 2986
1613 4008
1979 3879
531 4157
1850 1935
3277 3481
424 2584
3856 3868
2304 2378
3741 3965
4055 4141
3834 4028
3019 3208
208 3122
2654 2671
408 2268
1129 3633
218 2820
273 742
3599 3709
967 2617
1375 2170
1418 3746
2405 3702
107 677
2704 4083
3767 3951
842 3650
2988 3457
3637 4153
3520 4021
750 3458
353 1193
267 3318
2332 2338
3700 3743
1338 3439
3324 3401
1146 3171
565 1804
3518 4018
105 3072
197 2398
3930 3932
223 2097
386 2947
2514 2751
3817 4179
385 2900
3812 3981
1019 2350
1543 2296
2515 2573
1667 2060
1430 3277
653 3165
3019 4049
3580 4154
184 422
2962 3549
960 2005
3697 3840
1907 2454
3161 4136
4100 4175
691 2042
1156 2425
2998 3671
248 3338
1140 1817
3472 3738
3663 3790
4178 4194
2698 3566
2625 3162
4136 4180
64 1925
870 2764
2360 2535
1597 3234
107 1778
309 372
996 3678
4072 4123
477 3228
831 4121
1166 1530
3393 3467
2789 3374
2548 3239
1577 2886
2010 2947
436 3446
3172 3450
1982 3753
424 1166
1384 3707
1562 4129
1117 3069
3014 4016
3224 3656
1043 1604
1128 1298
269 3609
565 1265
1413 1711
1032 3162
4085 4116
162 1894
3040 3520
2999 3431
2671 3871
402 1406
1962 3282
1696 2569
1361 1584
1382 3625
1636 3945
120 3100
4188 4194
3130 3431
3766 3892
4043 4047
1688 2337
536 1831
3594 3962
358 1612
571 765
1618 2676
272 2914
342 2938
215 2329
3198 3500
2377 2973
3441 3861
2494 4040
3960 3987
923 2637
59 2239
144 3918
1962 2897
3355 4067
2292 3360
1337 3909
4073 4109
4016 4132
1809 1993
545 2430
4167 4176
679 3949
4104 4136
1756 2861
165 2864
3759 3786
1316 2932
2769 4057
3140 3296
3729 3922
2642 2812
287 1654
1692 3168
1863 2852
567 2298
2937 3860
2733 3032
3895 4069
3806 4175
2786 3668
966 1318
1968 2228
1906 2367
433 3110
2356 2763
3599 4191
1041 3361
661 2355
79 710
1348 3747
2959 4100
3816 4109
682 798
2090 3652
3913 4084
3288 3397
1628 3437
3906 4058
1844 3112
3104 3679
3773 4130
4081 4154
3426 3929
3392 3860
602 1236
1312 1756
375 856
3694 3993
3714 4089
4087 4103
465 3851
871 4009
522 3923
1326 3515
2 2665
3909 4130
3133 3205
3757 3873
1554 3880
5 2877
1795 2595
204 1888
3026 3529
996 3369
4109 4163
352 1739
2916 3249
3611 3683
1748 2767
3774 4119
3309 4040
2835 3870
1157 3719
3227 3403
1719 2746
2571 2713
13 3314
448 3567
3735 3774
2102 3163
3952 3956
947 2888
1499 3481
635 3116
2165 3892
2902 4050
3167 3181
2349 2528
3034 3971
968 4068
2217 2942
2910 3865
639 1422
2487 3453
622 1807
979 3271
287 1477
300 1635
316 3630
696 2281
2558 3110
1417 3140
3414 3890
3114 3986
1130 2554
2731 3688
691 2767
799 3680
0 2895
2422 2800
1901 2307
1966 3653
4067 4176
1113 3801
687 969
3928 4027
2358 3486
2166 3591
2019 3091
145 3427
3413 3628
3764 4086
654 3026
3354 3531
547 2267
337 3950
1414 1989
355 1397
1762 2784
1195 2034
1552 2356
2949 3386
1795 2061
3095 3310
2531 3645
859 1872
3093 4199
1364 4141
1680 3796
1076 1282
1723 2165
476 3877
38 3754
205 2564
2826 2871
2425 3647
2223 3532
1137 2707
1788 3978
180 2848
1934 4038
1621 2638
711 1667
1241 3529
2177 2547
2429 3207
604 2115
267 608
376 1094
1815 3134
403 805
3719 4133
294 2307
2290 3651
369 1078
2987 3064
2333 3184
2980 3638
1838 4081
2988 3180
996 3337
3894 4183
2710 3342
2234 3615
3707 4033
2819 3116
2788 3646
129 2791
344 2064
4021 4044
332 4175
216 935
3304 4162
1849 3677
2622 2843
1226 3603
2365 3858
84 131
3036 3163
2210 3482
3642 3688
880 2877
4189 4191
360 2827
163 3244
357 4097
3274 3666
901 1034
3780 3999
3078 3628
2127 4077
259 2713
2005 2586
3265 4143
3337 3867
414 3740
3085 3399
1631 2787
1008 4081
2588 3096
308 319
3147 3484
2292 2535
3731 3823
2187 3505
