600 1200
365 457
404 593
389 492
263 505
567 573
109 511
297 583
592 597
160 459
277 294
112 419
516 547
63 179
585 588
235 585
96 384
380 512
465 581
492 543
178 543
446 490
535 544
587 591
549 551
437 498
321 542
188 311
520 561
95 416
548 578
593 595
469 516
348 472
194 547
34 264
77 346
160 598
388 418
226 318
390 549
220 350
10 15
218 516
106 406
193 494
391 536
46 432
356 434
30 450
130 246
329 501
584 587
503 553
97 256
501 565
414 580
482 595
264 417
184 297
389 465
9 204
71 273
379 554
20 21
493 497
95 205
19 159
528 591
108 570
184 406
529 548
311 465
166 541
52 172
460 466
577 599
112 545
198 229
476 553
283 335
487 561
427 542
468 558
263 293
187 378
64 402
218 536
33 314
194 282
145 187
595 599
28 504
355 546
382 531
443 586
359 465
13 258
187 479
79 485
248 559
490 502
65 187
27 424
172 474
567 594
290 337
490 558
31 296
362 436
380 537
198 374
402 544
151 552
303 488
121 564
259 501
135 382
478 518
437 519
288 470
350 401
258 503
404 525
134 404
10 268
93 410
267 316
339 418
273 460
576 597
544 566
195 399
530 586
513 557
253 367
218 546
225 485
540 566
207 588
178 249
242 284
325 419
507 583
298 534
134 391
542 588
353 506
547 568
104 164
368 379
349 486
555 588
477 496
109 412
109 269
454 515
376 549
581 589
368 498
557 562
68 533
319 361
195 509
526 539
258 320
444 592
160 472
229 352
251 330
164 249
281 468
534 585
218 469
519 584
149 397
344 459
555 559
505 515
417 531
297 441
340 549
559 569
315 329
180 530
128 502
153 561
38 190
275 435
545 549
350 463
575 589
104 144
501 517
493 571
595 597
114 535
509 561
408 488
539 581
590 595
245 448
260 413
202 325
569 599
278 564
104 568
511 553
223 411
369 573
538 553
407 442
1 237
88 313
590 592
127 286
208 463
523 579
114 563
507 573
286 523
407 558
228 395
145 290
459 514
223 402
548 555
427 495
45 325
82 349
581 594
224 229
516 551
145 326
135 210
292 542
51 484
253 471
467 579
426 535
257 583
330 509
575 584
310 461
493 574
345 531
377 505
88 296
487 506
5 226
425 456
321 343
375 565
552 566
65 448
528 579
395 478
260 455
576 581
127 592
453 531
459 599
306 487
321 541
135 549
545 558
258 314
40 586
182 477
375 564
334 550
437 476
580 581
464 514
548 561
298 304
570 573
511 552
425 484
171 187
40 402
189 252
131 595
92 260
226 577
414 434
264 412
381 497
47 61
374 418
143 292
347 415
488 585
57 113
219 250
487 575
89 269
54 340
476 531
550 562
186 280
465 543
23 305
72 181
128 440
586 598
16 228
578 579
395 425
483 526
75 371
418 523
320 448
157 455
58 470
568 573
301 522
269 492
238 491
455 475
202 443
116 126
244 572
543 576
474 498
59 536
295 330
333 382
572 597
343 401
261 561
67 344
273 495
442 494
194 197
244 420
437 493
596 597
567 570
534 553
248 335
246 483
66 438
416 523
493 554
139 499
294 329
501 511
90 118
268 533
455 576
208 209
55 518
291 587
275 494
485 548
137 155
408 462
105 162
319 566
372 554
325 329
345 503
416 528
590 591
395 596
527 569
582 597
479 492
80 405
100 499
198 217
155 477
214 222
581 590
123 333
401 408
566 597
202 280
304 442
120 594
342 399
250 412
478 585
168 434
465 506
308 528
355 430
229 323
330 476
419 551
103 405
418 560
432 452
288 314
439 561
273 587
81 556
85 202
234 520
423 474
468 501
558 559
411 579
152 299
300 447
293 431
582 589
457 460
73 320
366 535
221 418
145 309
20 240
298 578
278 463
528 561
19 309
499 502
512 595
581 589
344 556
271 337
213 502
126 543
89 135
502 521
587 588
174 320
140 567
497 500
25 415
592 596
280 283
475 546
520 552
312 472
556 559
570 571
379 383
579 593
107 113
533 552
335 474
247 403
425 427
224 428
8 166
82 211
151 523
550 574
450 459
219 534
227 532
537 599
221 285
274 592
246 341
144 463
361 583
431 533
443 477
383 401
99 513
360 560
431 533
142 510
518 519
2 251
407 420
510 543
29 280
522 528
354 362
418 428
105 251
535 551
559 596
556 559
110 426
14 395
182 362
147 460
550 551
280 468
366 453
350 454
579 589
267 317
199 341
28 82
459 491
124 530
408 562
29 376
574 589
192 447
154 182
434 596
471 552
372 441
435 496
13 307
150 193
550 573
184 416
77 301
111 182
140 405
72 265
499 531
497 588
459 532
352 470
513 522
488 522
461 462
263 557
261 309
403 523
95 281
536 595
213 524
19 491
414 480
301 469
561 595
90 421
343 386
449 493
14 212
211 371
54 572
368 588
382 527
41 52
248 330
125 154
76 242
106 310
212 220
534 564
441 501
120 210
252 389
337 392
581 589
91 271
325 351
298 398
499 521
59 95
59 83
507 510
477 500
34 64
559 567
519 591
278 553
353 504
197 510
291 582
327 531
134 445
375 487
77 279
268 592
2 360
480 584
241 290
486 494
577 599
111 469
220 410
26 552
155 296
284 572
310 560
414 495
323 477
371 380
536 589
126 484
332 394
520 538
423 450
103 198
428 566
266 363
552 581
593 594
425 527
406 498
395 599
465 504
355 582
27 599
125 366
276 288
86 483
332 420
241 459
269 558
363 377
202 346
244 432
225 467
408 482
318 439
235 298
448 463
130 242
148 364
164 483
34 565
536 557
117 241
44 518
337 421
153 521
77 267
257 308
528 562
498 505
221 322
550 562
309 581
257 554
212 227
339 457
66 298
313 382
557 578
190 540
161 373
213 399
159 302
125 190
532 565
400 492
376 560
145 524
155 533
473 495
236 465
173 203
468 527
356 588
17 91
324 401
396 433
205 573
197 332
424 549
540 555
67 189
305 430
218 227
126 362
449 530
102 204
515 599
374 525
449 491
235 440
317 370
442 560
456 584
377 567
254 578
475 493
30 361
482 550
459 570
226 318
525 552
175 230
115 389
25 308
67 77
513 552
541 563
117 462
554 599
88 571
396 552
82 447
460 506
18 568
471 525
541 589
213 227
593 595
490 555
524 594
282 471
153 336
111 556
58 592
536 570
454 475
168 500
481 546
472 584
71 553
528 586
111 188
554 576
29 507
485 498
60 250
519 597
419 521
91 413
332 588
335 425
482 534
33 146
42 474
190 274
257 494
588 599
502 539
506 571
202 220
324 393
518 566
539 555
359 426
462 463
183 393
117 455
316 528
471 474
207 540
223 296
547 588
319 393
125 269
342 512
530 563
130 280
143 279
293 488
198 286
127 351
415 522
471 575
154 565
479 491
128 481
171 280
230 407
281 599
76 424
491 595
429 524
170 521
291 313
573 579
130 513
60 209
421 549
339 477
173 406
338 523
423 516
513 517
452 479
229 345
12 197
336 372
506 556
244 573
269 350
310 475
100 251
127 265
524 581
332 444
397 507
327 574
183 227
97 371
111 587
189 386
36 377
113 194
26 590
532 582
52 547
74 362
501 566
357 374
25 394
308 413
43 443
446 563
90 257
436 591
107 567
425 576
43 266
361 462
448 576
529 581
423 541
320 467
8 385
82 318
415 532
174 470
288 376
529 573
475 478
488 509
491 575
98 382
42 127
61 71
321 569
153 499
436 507
53 164
218 311
109 379
504 534
581 590
135 521
56 496
566 581
503 549
316 321
233 518
223 538
591 592
107 260
497 499
222 348
95 188
123 149
598 599
168 374
23 112
514 559
126 313
226 475
319 321
449 538
323 324
320 322
199 557
376 544
286 421
524 587
521 561
121 385
33 179
203 257
437 591
172 528
251 415
127 441
481 540
484 571
440 472
498 514
314 469
214 224
355 549
481 511
418 597
294 407
224 510
502 593
366 555
13 54
393 554
578 580
446 513
37 531
473 505
20 156
313 580
80 583
368 517
559 588
466 559
115 539
52 594
556 564
203 346
563 588
2 499
367 411
353 429
253 490
77 82
27 29
301 397
13 425
330 478
244 587
20 584
49 238
291 424
339 486
139 585
331 348
496 551
77 396
94 201
335 475
286 442
405 572
34 363
299 551
309 517
507 541
390 480
149 191
160 209
138 235
397 478
473 499
294 529
558 581
33 186
193 355
106 381
545 581
300 491
111 342
296 402
338 545
99 144
347 482
383 475
525 596
246 499
299 523
27 187
458 554
111 256
486 521
266 493
266 503
9 117
156 320
184 424
317 563
301 526
106 426
151 379
358 496
526 568
250 534
504 599
521 583
375 500
27 149
44 196
210 242
265 330
86 356
247 452
121 492
366 452
116 429
369 559
257 320
30 124
80 530
591 599
377 560
229 335
437 566
411 555
129 298
88 292
470 525
66 346
220 562
393 472
373 544
411 510
310 502
428 589
271 516
533 581
408 442
307 514
348 444
246 279
6 69
548 595
187 336
214 246
3 225
19 543
78 560
102 391
138 243
500 553
463 576
374 583
68 266
337 364
96 286
545 583
485 568
308 366
132 458
13 351
215 341
418 475
478 484
132 249
122 507
343 426
424 539
494 509
62 151
195 434
406 462
34 337
38 264
557 590
203 411
317 572
164 535
452 499
68 193
466 590
346 423
157 575
387 491
467 475
286 527
566 581
302 372
439 566
546 548
468 484
570 582
328 493
58 199
311 353
540 585
466 495
182 324
511 539
476 491
152 278
536 592
89 425
378 515
170 599
270 594
435 542
155 492
33 290
396 548
289 509
408 559
473 567
527 530
174 564
593 594
197 253
321 403
464 581
268 523
70 455
256 272
446 461
390 417
285 478
253 589
88 473
583 598
43 130
588 599
459 592
440 468
569 570
145 436
55 574
531 586
435 570
204 400
512 565
407 481
459 543
308 494
67 240
3 442
181 251
43 128
297 486
137 144
531 590
96 453
461 580
43 92
404 530
535 570
193 400
19 377
476 513
64 291
59 420
1 311
199 263
314 533
350 386
151 529
141 435
131 281
34 145
434 598
246 497
295 342
158 183
506 566
155 278
307 494
223 577
169 585
597 598
321 437
492 496
594 598
421 599
539 549
368 556
403 486
372 527
439 485
352 452
355 389
292 497
480 526
318 552
532 577
448 548
329 530
442 574
82 109
140 268
48 267
575 588
457 508
257 585
24 225
407 470
431 433
123 480
555 570
542 588
153 184
554 574
388 579
248 550
331 364
24 338
338 584
443 556
359 535
447 545
586 598
43 142
159 188
573 582
492 595
160 310
23 63
303 418
407 418
211 535
594 598
93 551
502 572
140 401
566 589
392 486
59 124
128 307
344 558
538 561
81 315
368 558
433 530
269 342
95 328
294 451
577 578
354 442
567 590
546 570
445 526
