200 400
68 138
62 143
73 100
195 199
112 126
93 108
83 124
168 193
38 88
19 159
117 145
83 135
34 195
123 196
87 131
123 193
16 43
146 167
111 112
1 125
148 190
105 126
124 152
167 191
153 167
25 77
98 192
176 193
191 192
147 199
89 94
165 169
11 102
43 142
63 72
177 189
51 98
31 195
22 136
175 178
55 137
140 153
160 189
72 109
155 166
31 147
11 78
151 169
100 105
149 175
14 28
0 133
65 147
43 135
106 108
38 60
130 176
88 127
175 188
2 189
73 175
49 131
88 124
65 116
123 144
125 152
30 68
33 81
180 184
94 150
145 178
175 184
184 190
103 120
89 153
174 178
103 111
126 137
34 187
82 199
58 154
190 195
129 157
147 156
129 199
85 167
34 119
49 90
3 84
34 138
162 191
186 196
114 192
29 58
70 156
148 190
84 175
0 135
96 109
157 171
121 131
30 139
99 156
110 180
124 176
87 135
129 188
130 160
132 154
69 73
25 139
58 151
173 189
80 180
64 162
12 195
10 51
88 152
54 80
59 105
80 138
185 195
142 164
53 187
129 191
105 106
173 181
35 188
95 155
80 175
139 176
11 176
107 119
65 133
2 163
96 146
63 182
45 124
189 197
195 199
2 12
125 134
168 178
54 174
13 82
54 57
69 133
24 143
188 190
135 177
176 189
195 198
54 62
66 194
184 199
183 199
42 89
13 40
36 145
9 147
4 185
92 178
183 196
126 128
6 178
31 166
165 197
5 73
189 191
140 160
81 150
77 136
30 184
18 29
65 98
68 150
169 195
46 121
60 177
177 186
124 194
172 178
34 95
31 124
54 84
151 165
65 95
154 160
59 143
118 132
128 173
31 78
14 199
79 82
28 164
149 190
164 195
30 197
99 175
78 193
173 199
5 112
133 142
9 20
37 94
173 183
56 189
37 183
104 161
78 140
87 118
185 193
71 137
79 167
17 54
51 120
29 159
76 132
160 182
48 162
34 70
140 175
31 83
121 133
166 171
158 176
124 130
141 165
33 43
161 169
196 197
65 198
54 181
121 191
86 148
147 193
90 101
118 198
64 191
112 117
142 154
35 116
169 199
22 187
56 147
141 192
32 59
74 154
83 131
140 189
41 111
194 198
147 153
66 117
25 102
198 199
26 88
82 161
114 196
133 176
139 188
166 186
144 194
65 119
71 154
115 139
106 111
9 51
139 153
56 72
89 154
167 179
68 85
157 181
162 173
138 173
81 146
106 169
81 158
48 86
109 122
117 138
26 90
110 156
137 143
3 22
108 165
129 178
72 120
32 121
158 197
135 152
26 41
195 198
76 98
121 141
2 68
23 53
3 90
44 133
71 140
28 137
95 195
67 77
95 135
150 154
158 198
19 84
58 98
143 194
93 108
77 121
33 171
161 182
154 174
165 185
45 84
187 190
32 180
5 102
7 25
5 37
42 143
152 178
183 184
13 95
69 187
159 188
146 183
25 64
146 154
175 196
75 115
83 160
24 45
53 105
151 190
127 168
8 171
187 188
137 164
114 142
32 177
78 151
111 195
101 174
37 55
123 136
141 181
14 162
0 27
108 111
124 129
185 189
175 189
115 197
156 169
48 193
161 171
116 123
89 131
47 130
100 162
31 36
101 125
168 177
27 67
75 129
73 97
21 145
152 189
94 170
45 148
167 181
31 122
56 117
73 109
172 179
62 107
34 101
152 175
151 168
110 140
170 180
3 94
137 152
78 169
28 51
64 192
49 167
8 67
71 94
123 172
187 196
158 198
161 164
180 182
115 157
16 128
123 196
