1600 3200
608 911
1349 1519
442 456
752 1575
167 860
1142 1345
1349 1588
991 1039
1225 1514
1258 1587
177 338
1552 1573
1048 1517
1134 1204
1181 1239
1284 1359
1067 1195
852 1090
708 720
739 875
525 1244
91 598
193 1349
364 814
1264 1393
1374 1384
6 1127
1369 1469
281 1290
587 1345
529 1377
103 1357
1568 1595
1011 1123
1135 1466
329 1491
703 1378
1532 1573
1274 1339
1555 1559
1041 1472
627 825
1297 1551
780 1095
1035 1140
194 365
649 1520
975 1510
598 1512
268 1396
836 914
1591 1598
756 1073
1223 1462
87 527
771 862
1173 1591
1556 1557
180 939
1564 1580
371 651
962 994
754 960
291 908
1123 1156
465 582
926 1593
89 828
530 548
955 1378
275 714
981 1289
1012 1456
452 575
386 795
37 1578
321 920
324 1524
1517 1558
970 1157
231 451
630 1082
19 564
1448 1549
108 1032
147 385
708 1050
777 1120
482 1092
1214 1392
52 1464
385 1085
598 709
387 1494
837 1407
574 1201
1160 1496
97 966
708 913
1202 1404
1460 1551
1197 1294
1118 1507
535 1240
37 109
1485 1555
1493 1545
1168 1353
762 1469
1438 1540
1498 1516
712 1535
792 1418
847 1103
905 1462
469 1020
1149 1483
321 871
202 533
257 1354
333 1275
145 1375
761 1373
824 1348
132 477
925 1014
1439 1490
390 1482
41 285
557 1286
974 1157
906 1256
206 1522
1206 1235
1115 1204
302 1115
577 1263
551 1509
1274 1330
350 778
1246 1291
1117 1347
743 927
515 707
1467 1562
848 1273
493 1150
289 1432
268 1181
284 851
342 374
736 1238
297 1492
480 663
813 1269
978 981
1474 1516
1466 1585
788 1252
1426 1505
445 851
893 1509
1237 1470
1515 1577
387 1198
710 1546
1030 1062
903 1380
1398 1500
739 1508
1523 1584
1166 1583
464 668
715 1010
424 971
387 1296
1399 1478
393 593
323 1499
361 929
867 1116
1137 1434
638 1032
294 633
844 1405
1017 1294
1289 1584
324 505
1057 1386
753 1232
1373 1568
733 1529
966 1256
145 571
225 881
1576 1592
837 1172
926 1342
375 1499
1209 1315
1214 1588
540 1103
111 1481
1292 1511
985 1540
1050 1247
1032 1160
223 930
466 1090
1327 1436
1493 1562
436 1304
1269 1547
983 1319
700 901
1012 1203
179 290
357 411
651 1153
932 1061
414 1030
140 227
928 1205
1162 1263
233 1036
264 546
85 522
73 852
138 1550
189 890
1525 1527
578 1360
477 1525
841 1441
855 937
237 1053
821 1016
1037 1516
1489 1587
1316 1498
1406 1424
523 1353
991 1288
118 554
1001 1173
1354 1457
758 1400
698 870
979 1599
1352 1562
1543 1567
956 1286
1056 1208
1295 1427
205 1023
226 935
227 438
1331 1376
1265 1412
373 1240
396 503
504 698
220 261
849 970
234 692
985 1543
730 1502
425 593
713 1050
855 1074
647 1257
1207 1512
1540 1596
1192 1546
573 1000
803 1467
1475 1539
1115 1446
822 1104
314 556
308 650
923 1172
803 1353
627 818
706 1071
428 447
334 1029
1064 1503
807 1184
201 347
846 1174
51 573
578 968
1591 1594
331 818
578 792
711 1049
443 1597
1339 1417
1073 1510
1551 1581
1106 1556
126 1354
522 928
765 1525
1569 1590
423 504
1489 1574
1093 1567
745 1456
654 793
1569 1579
73 174
1437 1528
1061 1086
558 901
446 1018
391 936
1003 1520
772 1019
364 777
1181 1279
210 1067
1226 1389
816 974
505 1556
1174 1338
227 1348
1244 1594
1264 1439
1441 1519
347 444
466 620
648 1129
1026 1391
1027 1588
199 1005
1431 1529
42 865
736 1462
189 1387
1580 1597
549 1168
1569 1586
683 1462
1048 1387
1285 1360
798 1425
1472 1524
1170 1587
1031 1448
836 1300
1014 1546
816 1001
181 606
912 1393
1086 1177
1141 1227
1080 1425
133 556
996 1565
157 1479
446 1331
965 1452
1040 1366
550 705
361 1502
743 1134
1113 1486
887 1541
438 1129
1534 1593
383 1309
1046 1429
229 1332
1056 1599
1364 1548
1357 1441
914 1484
1269 1290
1058 1370
250 1482
802 850
1317 1326
709 1344
153 1067
1239 1573
1365 1597
166 1536
520 756
1226 1412
1435 1573
1005 1474
1067 1080
1590 1595
85 255
885 1341
1405 1540
27 1104
1584 1588
379 453
1062 1385
1273 1461
1527 1528
481 1022
408 1558
1222 1378
1186 1583
221 1523
413 513
534 1285
302 840
1026 1393
183 294
704 967
100 828
574 1036
219 437
249 1335
433 1149
722 1591
1495 1507
152 903
841 1384
1183 1365
324 874
502 1104
1308 1419
1306 1386
348 1054
1117 1596
217 494
63 950
741 1503
930 1154
1077 1447
88 101
12 1279
972 1177
55 987
954 1254
368 958
138 604
1447 1533
1591 1592
409 523
375 1409
1470 1542
214 1250
394 421
799 1533
820 825
1338 1562
1182 1423
253 1305
89 414
1304 1569
1358 1432
1192 1305
307 1453
1274 1349
1155 1361
84 777
1025 1471
743 1340
1308 1521
1124 1128
965 1298
834 1204
115 222
1593 1599
1192 1493
116 1158
489 1358
885 1283
1359 1368
1301 1356
32 247
1395 1584
429 566
1311 1442
829 1295
346 756
1527 1592
1061 1079
448 1228
165 1464
180 1462
1183 1245
380 1062
1391 1552
1093 1172
703 1419
71 944
1185 1221
1106 1431
438 1141
746 1289
571 1278
323 1353
921 1298
371 1067
1326 1583
1036 1071
240 413
2 285
691 1368
349 1085
1528 1535
837 1440
140 482
1410 1419
812 820
1370 1546
1077 1338
707 1027
496 1207
1417 1441
194 912
165 614
610 1473
21 188
566 1345
571 1503
1347 1416
717 1461
915 1338
1105 1123
187 370
1222 1450
1185 1239
183 1530
95 315
676 1173
1171 1276
1154 1550
283 880
702 878
233 1453
917 1209
562 936
995 1588
602 1494
453 1019
1451 1558
214 1187
262 603
431 1155
1022 1236
1496 1590
1090 1407
1528 1582
61 1381
1421 1428
1243 1470
548 1534
1550 1563
1510 1559
983 1144
335 874
841 1537
1500 1550
169 1446
1432 1581
584 1024
124 994
586 746
1566 1588
223 292
1284 1561
164 859
713 1205
223 1334
1296 1391
315 1412
1254 1396
663 1390
313 392
44 778
482 842
25 319
1001 1155
420 1499
26 1215
1165 1580
811 1029
501 586
1349 1454
1404 1541
963 1403
218 411
1224 1364
128 156
788 1356
1532 1569
882 1176
324 1498
501 1370
1471 1515
198 1588
1111 1474
465 1466
708 1536
1209 1458
1029 1375
1502 1512
1576 1595
549 1574
586 1256
572 616
1524 1566
1521 1584
771 1066
934 1500
1466 1483
1273 1283
477 1315
777 898
1416 1553
1565 1577
1236 1432
581 1044
67 1052
1225 1553
620 742
751 820
1243 1296
956 1070
324 1513
989 1263
132 499
1115 1198
66 831
917 933
1009 1504
117 1284
1340 1558
718 1423
28 874
1487 1549
707 767
108 779
159 949
489 1496
1242 1294
1526 1596
1084 1126
322 878
83 1348
998 1082
827 1482
732 1114
897 1023
561 1263
772 1266
464 1161
947 1217
294 1184
1432 1508
432 798
14 548
54 55
1381 1570
1182 1459
1515 1528
140 1192
857 1247
66 1309
520 842
157 1404
693 885
1151 1484
384 1326
117 545
96 368
692 1349
820 983
558 1391
182 1044
976 1049
309 884
432 884
1318 1428
143 1192
918 1374
19 150
1547 1590
587 1555
1098 1255
1297 1544
857 1207
396 1128
325 1072
288 575
927 1331
1503 1550
998 1530
774 1495
42 324
1549 1561
753 1521
1363 1589
1210 1301
733 759
573 638
665 1273
523 988
807 1364
1367 1489
969 1224
113 153
1234 1297
720 1284
861 1476
41 416
728 1183
727 970
153 924
1538 1572
145 431
1090 1328
752 1371
50 190
1379 1473
661 1347
1225 1298
522 1339
1534 1577
1215 1492
947 1408
607 1497
1472 1531
1140 1380
1516 1526
1483 1546
1044 1274
1011 1534
1495 1525
931 1078
1243 1467
63 611
634 1453
365 831
338 721
298 827
6 1445
1244 1253
671 1503
884 1589
213 572
1074 1418
363 1460
947 1459
1283 1578
312 957
779 1523
379 1500
455 1266
487 986
1470 1557
616 1548
328 723
874 1217
503 878
579 791
1253 1340
1303 1394
976 1355
341 1338
1486 1491
793 1444
1141 1408
78 1139
1055 1302
1349 1550
225 461
1103 1299
397 962
813 919
225 1589
1281 1599
656 1479
492 1211
1065 1487
1494 1557
617 946
1398 1599
137 252
540 1501
1365 1525
476 1217
1146 1591
387 606
593 1407
894 1275
545 991
924 1421
511 849
1469 1598
1529 1576
238 1581
1042 1219
1094 1397
994 1406
740 1327
1396 1580
1022 1224
832 1016
1001 1426
373 1141
1478 1597
380 1344
724 1018
183 300
856 1498
1115 1507
1145 1156
1040 1337
515 1020
951 1261
72 722
1464 1591
1048 1507
1364 1543
1045 1124
824 1486
744 990
1418 1584
1340 1441
476 1158
352 1230
544 1373
1248 1407
1031 1299
277 882
727 1022
215 497
237 731
1401 1528
1019 1255
1038 1550
277 1113
18 605
1297 1556
996 1099
1026 1180
654 1195
735 1390
956 1177
1002 1205
1194 1439
1292 1317
724 898
653 892
1237 1389
1201 1534
887 1423
102 348
104 1564
484 1132
396 1524
1558 1579
329 472
1531 1547
4 471
916 1078
42 892
176 655
72 890
280 379
1470 1562
274 1313
842 912
1444 1445
327 941
1499 1576
31 70
1193 1530
1302 1474
880 972
1417 1485
1377 1389
1089 1140
148 291
1082 1287
1272 1344
1198 1508
921 943
48 1263
376 910
287 511
1039 1101
540 874
551 1481
104 1000
1464 1536
1048 1119
880 1252
1292 1307
899 1259
1020 1562
509 1254
1006 1596
697 1562
668 1315
149 1090
628 905
38 943
792 1018
287 1282
1193 1511
1281 1571
1104 1561
258 313
1399 1436
434 1055
1528 1574
924 1574
299 908
357 1430
1084 1124
1053 1413
1162 1467
754 1405
608 1139
1388 1451
596 768
1223 1507
718 1229
1560 1569
1397 1468
1330 1506
22 529
885 1599
967 1083
182 1195
527 920
985 1198
677 872
1556 1572
697 1592
1339 1489
1188 1298
1440 1549
934 947
823 1358
1591 1597
553 1024
934 1017
1039 1370
840 1079
223 617
244 829
802 1438
502 997
589 750
1357 1444
56 533
452 1327
837 1088
1114 1160
843 1294
811 970
1250 1373
1492 1593
386 1314
922 1064
1324 1436
109 887
141 1084
1226 1412
1385 1501
509 1596
1172 1461
797 832
1330 1550
693 1428
1330 1573
278 1073
593 1172
539 548
1307 1446
819 1581
1028 1568
301 1119
1212 1223
1047 1513
175 997
1170 1496
1209 1255
355 872
867 1029
897 1376
1593 1595
858 1008
143 1263
539 750
1154 1369
1555 1568
882 1444
25 675
924 1554
44 956
748 1202
1215 1593
767 1388
1017 1133
1314 1475
1145 1192
853 1593
1157 1410
282 1468
649 1580
774 783
302 672
1196 1328
759 1592
60 155
780 979
865 930
1075 1224
407 1304
659 1341
1391 1419
740 980
451 559
755 1265
604 1076
35 1547
139 1424
505 775
267 1425
683 1195
762 826
432 1139
370 747
666 1388
952 1491
1564 1596
726 868
570 1583
1534 1567
547 1211
1467 1521
1313 1557
263 875
594 1454
765 960
36 1356
301 596
1075 1275
33 324
956 1584
745 1515
889 1207
1240 1488
1587 1594
368 1179
745 748
1353 1534
783 1209
1256 1272
1277 1545
343 793
325 1383
858 926
857 1231
768 1513
580 586
1580 1598
1057 1259
982 1443
74 163
461 1260
261 719
1261 1307
1162 1521
287 675
1020 1184
586 1406
582 1593
1205 1270
146 892
1071 1502
856 1236
1480 1496
593 1458
1261 1363
504 600
1527 1555
1229 1340
116 431
1005 1506
85 651
3 1430
202 1229
1356 1377
1197 1211
1333 1349
130 1185
1042 1443
938 1391
1175 1277
957 1201
648 844
983 1302
482 1122
393 398
1281 1440
1336 1447
222 946
683 1482
943 1516
421 1546
1211 1524
228 283
390 1026
1332 1499
434 597
347 413
140 1111
549 648
584 1247
1573 1580
360 1170
1364 1508
758 1332
471 906
407 830
70 675
1573 1575
983 1485
54 346
801 1336
974 1394
110 132
1024 1584
854 1063
1424 1539
1145 1184
1370 1503
172 256
1462 1475
520 1106
1402 1471
567 1286
84 1226
857 1327
1104 1481
1511 1570
1431 1485
1356 1433
838 1072
83 613
1219 1354
504 974
1031 1408
1559 1596
191 1047
1034 1496
1035 1108
1342 1421
989 1505
92 188
292 1005
1579 1589
1588 1595
1319 1458
64 1048
888 1110
1549 1577
780 1107
975 1293
270 331
604 676
563 1130
1385 1505
634 1133
239 791
1327 1465
1096 1401
488 1392
1275 1276
767 1042
1041 1284
1074 1263
465 1117
931 1084
24 1502
489 799
701 1475
613 1282
75 737
112 1025
564 640
988 1355
662 1563
416 1088
533 1329
668 694
1544 1552
27 183
304 1435
141 750
1492 1508
1165 1569
1538 1577
1470 1549
837 1423
1511 1555
971 1554
745 1212
1103 1290
743 882
1552 1598
1513 1542
65 372
1158 1527
364 1335
1410 1453
1435 1482
953 1312
404 576
334 980
332 968
1174 1386
728 1234
132 325
924 1380
226 1462
680 1075
955 1441
19 73
796 1442
1110 1570
276 1306
1535 1578
1433 1522
438 1351
877 1323
280 953
1119 1458
180 1233
187 500
188 953
347 348
1395 1477
1570 1574
620 1546
1325 1347
1216 1323
300 892
1305 1324
638 1405
980 1005
122 269
124 1297
1489 1594
558 812
1580 1582
172 1157
854 1079
295 1568
413 1498
1595 1599
648 758
797 804
1440 1446
560 869
843 960
646 1221
30 635
606 933
1006 1589
118 359
1499 1542
236 704
1308 1528
979 1327
939 1269
417 1446
1115 1376
1248 1380
779 1473
1472 1577
805 1576
304 452
1210 1566
664 942
113 655
1519 1580
476 1592
400 1158
1173 1354
941 1011
351 1067
737 1115
617 739
47 1398
260 1329
606 1498
657 1515
1196 1230
1105 1528
457 750
411 935
601 1045
520 934
572 1574
1151 1452
1566 1599
1417 1427
3 152
1022 1113
824 1360
1198 1596
286 1345
857 1308
1355 1394
923 1493
1441 1486
381 744
1338 1530
391 1071
1246 1343
912 1291
1254 1494
1333 1427
1047 1511
1447 1570
817 1225
1528 1535
335 1530
1527 1548
1036 1338
533 563
1357 1379
1257 1463
465 1343
1359 1592
309 1278
204 1537
1004 1393
783 905
223 975
876 1571
1577 1598
85 1308
622 1352
105 470
1117 1274
1578 1599
157 755
657 1278
935 1319
1069 1178
894 1544
623 1314
577 980
699 1331
1113 1409
527 1144
802 1062
1491 1539
1038 1486
1127 1200
350 729
689 1314
828 983
627 1190
387 728
6 77
447 1130
96 258
1242 1566
578 660
1017 1453
1189 1190
1016 1079
893 1062
560 1033
859 1416
1088 1190
484 853
1433 1447
1317 1340
440 614
317 921
416 1451
304 1541
1266 1310
476 966
1446 1482
1358 1496
979 1401
206 593
1199 1414
1114 1293
512 1448
1098 1550
178 769
1075 1078
77 917
743 1068
890 1156
1458 1499
94 1437
1356 1445
1526 1553
1546 1591
204 1163
490 964
361 1385
1128 1237
988 997
969 1423
745 1153
819 1309
1316 1532
939 1218
404 1461
974 1543
70 1531
613 994
993 1031
870 932
610 1251
1331 1337
918 1331
492 1514
73 325
1596 1597
290 1297
1507 1544
29 249
1369 1450
938 1578
287 1132
875 1244
1386 1429
498 1554
1397 1546
1550 1559
830 1245
1134 1436
389 1308
1254 1355
1310 1547
1133 1408
29 1198
253 1343
1424 1521
515 746
1162 1450
1088 1482
1047 1385
323 1168
1036 1184
1042 1450
1030 1185
189 837
977 1006
58 522
1526 1596
878 941
37 477
316 1334
539 1440
1100 1450
567 948
1518 1535
1507 1596
125 1411
63 1396
1564 1594
98 421
1137 1401
269 1491
1026 1281
437 662
337 1397
1486 1502
877 1185
1292 1545
1439 1587
1139 1277
1286 1406
273 1490
289 655
456 880
724 965
1106 1486
670 1450
1425 1592
1009 1582
770 1130
549 1150
314 1177
1268 1397
41 190
1462 1485
1577 1583
1001 1105
648 798
581 726
724 1440
1447 1468
665 1299
860 1045
730 1122
1175 1509
183 423
1100 1361
1471 1517
1252 1403
311 822
708 1401
1015 1096
1336 1462
585 767
945 1157
1156 1544
1137 1241
550 921
226 1507
1598 1599
1349 1410
1070 1263
841 1458
1591 1595
143 1440
1481 1587
300 1360
382 1291
725 1520
658 746
1199 1451
1353 1529
910 931
765 1370
1450 1566
208 493
1206 1570
328 664
979 1176
1528 1599
1332 1434
1161 1248
1596 1597
167 709
1243 1403
807 1572
206 1161
1257 1595
201 1078
689 1226
559 887
328 694
1367 1538
1208 1373
964 1125
260 1135
1392 1557
35 1545
965 1235
1002 1321
282 952
769 1446
1405 1510
318 1358
766 989
839 1402
1271 1380
1397 1452
708 1552
853 1335
1044 1584
534 1473
39 1240
142 348
931 1041
1208 1522
1064 1584
455 721
763 1403
168 963
344 494
1529 1598
1225 1422
340 478
509 984
456 1110
779 1163
695 1367
1076 1344
313 597
388 1361
1428 1573
430 1556
294 425
290 1555
102 579
1545 1551
550 994
177 459
739 1268
1053 1182
711 1456
492 1182
360 412
1135 1220
490 772
125 739
878 915
268 1192
458 1007
746 1234
848 1157
843 1473
1581 1589
855 1530
1094 1135
828 1203
679 1506
846 1245
277 821
329 1170
1058 1211
215 578
1209 1248
999 1489
29 715
745 1181
1171 1572
230 1184
333 746
1414 1564
580 1115
966 1178
614 1442
538 1223
598 896
1228 1369
415 824
452 782
412 1330
1117 1561
411 1204
638 735
1142 1487
571 595
59 180
254 1497
937 1292
548 1459
1264 1335
633 1031
1301 1448
433 800
881 916
644 1210
722 1242
1190 1331
1207 1238
514 1445
912 946
58 267
537 1018
442 1402
277 455
1427 1487
743 1134
1170 1283
1566 1577
1511 1568
1104 1557
1286 1585
699 1063
1103 1246
341 481
337 1159
837 1498
454 1065
966 1337
934 1343
1143 1156
1238 1414
683 1002
151 263
786 1229
288 616
1081 1198
905 1577
229 997
159 1004
1567 1599
48 968
1350 1497
328 1357
310 774
151 1572
891 1589
192 306
332 954
777 1119
105 920
562 1497
68 727
173 285
916 1494
1110 1288
104 1531
1273 1377
999 1272
881 1336
1445 1485
233 311
602 1311
859 893
1020 1212
1349 1582
269 299
557 946
715 1145
21 820
746 1189
1036 1597
1255 1540
1551 1570
1154 1222
1411 1493
1542 1567
748 1536
21 1541
945 1431
708 1516
352 713
1091 1543
757 1160
1285 1391
1198 1300
627 1574
1070 1348
1149 1578
1336 1534
1429 1521
1518 1530
122 1297
1041 1182
388 1303
384 1299
480 754
1246 1390
1463 1536
594 663
492 1105
490 1458
434 949
855 1325
1007 1281
326 459
696 896
1483 1556
1348 1492
585 957
223 1592
882 1011
1144 1510
1542 1572
459 509
0 363
1094 1267
130 1207
3 1457
120 218
47 1371
188 270
538 1314
1371 1579
387 1432
1574 1580
1122 1551
56 602
36 181
1302 1483
594 1510
1524 1565
1045 1469
1049 1311
276 1073
438 1004
66 1102
331 640
450 1336
997 1522
277 393
981 1281
653 1427
948 1184
1376 1387
1244 1370
1511 1533
802 1530
995 1370
791 1103
332 542
777 1058
922 1378
1127 1188
262 318
1258 1541
1139 1487
1392 1500
602 1245
147 711
1268 1399
1089 1553
600 1107
1046 1365
945 1274
884 1131
983 1087
709 1219
1291 1379
1263 1268
1253 1510
1020 1137
1200 1259
106 1205
696 1353
874 891
101 540
846 1295
62 335
952 1158
998 1471
196 952
1573 1574
53 151
1513 1588
1472 1558
609 1491
150 1250
68 682
1279 1522
763 1511
1471 1494
229 1261
735 1235
646 1343
239 1265
849 1513
933 1475
157 1115
866 922
6 793
264 1492
45 848
778 1341
983 1322
1002 1237
115 1036
1411 1522
707 1141
298 1241
222 1424
1518 1522
179 760
119 915
195 903
1075 1406
1342 1490
822 1222
309 465
310 315
1470 1565
1278 1539
1051 1221
1350 1585
207 510
449 488
878 1345
1026 1281
450 655
94 1293
1447 1486
24 78
311 1376
1382 1561
780 1597
258 1233
572 1579
678 755
565 781
1510 1577
183 285
1485 1494
1140 1494
191 1287
680 1428
241 624
1121 1469
482 1045
1102 1563
503 1037
1482 1532
1498 1572
1392 1585
1101 1294
568 1181
521 1077
1311 1507
1381 1443
462 1503
1262 1563
1014 1195
789 818
1592 1593
708 1240
738 1114
1286 1331
1112 1498
943 1335
1465 1489
262 670
951 1437
1095 1553
156 1004
702 1582
528 1536
1413 1432
799 1206
1180 1341
1191 1526
34 227
170 1525
1163 1526
706 980
242 1416
248 1396
827 1143
526 1020
1247 1330
453 582
1408 1517
198 1444
192 442
740 1450
1450 1490
1176 1537
900 1563
416 475
336 1231
640 782
953 1417
1406 1423
482 1491
1588 1599
888 895
617 1329
1086 1251
1121 1357
1200 1227
604 770
303 1400
1094 1467
410 838
244 1241
626 1184
1137 1495
40 462
225 1113
249 317
1053 1160
1409 1535
131 553
249 1256
45 545
461 511
1029 1369
1539 1588
189 1015
1279 1445
1266 1559
553 1505
915 1394
57 595
1521 1556
1174 1402
1171 1537
1459 1571
294 985
288 1264
1412 1448
996 1140
871 1550
1159 1359
547 1363
1099 1499
1273 1297
549 998
388 1340
1039 1320
1373 1572
102 118
1511 1583
1162 1307
397 1465
67 604
1181 1360
251 1249
243 611
977 1132
267 398
989 1517
1370 1498
1221 1236
1434 1455
1198 1359
1468 1544
1547 1549
1463 1588
1467 1551
1035 1212
257 1074
1053 1388
1025 1095
708 1377
760 849
125 571
39 844
824 878
1071 1132
1574 1595
104 166
78 976
886 906
1580 1585
758 1333
190 1587
444 1211
340 593
88 208
501 1461
1419 1546
246 258
76 1108
1429 1520
70 1065
173 681
1108 1210
182 1586
755 1193
532 953
1490 1494
1254 1548
760 1002
106 1434
817 1086
760 850
1130 1464
1218 1272
1532 1584
135 789
1078 1206
125 370
221 1214
1147 1430
878 1034
487 723
1323 1487
495 698
576 1253
935 1365
849 1159
379 1518
1424 1468
534 888
1132 1200
1329 1404
65 1590
1308 1470
378 1289
94 272
1375 1455
646 729
665 1477
1377 1556
106 460
1250 1312
1093 1129
1359 1588
881 913
406 1076
1469 1513
1359 1572
844 1540
707 1016
1500 1510
1354 1571
1366 1588
251 848
1103 1578
872 1076
1198 1204
1527 1563
963 1016
639 1285
1468 1532
797 957
1062 1182
201 836
995 1188
297 1417
463 647
1472 1538
378 1347
1503 1543
1597 1598
492 1408
1463 1518
513 548
29 586
408 604
1411 1489
73 132
579 1522
282 885
172 496
1355 1572
459 975
448 1066
1462 1557
626 860
1023 1393
1031 1570
900 1501
555 975
284 597
655 1248
170 548
68 413
194 553
993 1062
933 1171
652 1094
1483 1574
1307 1448
59 392
1199 1374
1133 1365
723 1160
258 910
658 1316
990 1244
1123 1134
78 821
651 723
861 997
1161 1334
1563 1584
1333 1387
742 1020
710 1450
131 632
746 963
937 1550
1075 1136
181 299
260 877
1032 1310
426 822
373 762
1367 1435
445 1398
389 530
1145 1365
90 694
1370 1414
450 896
82 1383
649 687
589 1047
1215 1309
81 1090
323 700
285 345
850 1286
1206 1494
1111 1241
163 1525
1447 1492
1417 1526
1274 1361
1215 1454
1424 1570
1138 1530
489 841
924 1498
958 1445
982 1127
1286 1589
1532 1533
181 392
578 1425
76 281
1097 1267
1386 1418
94 1502
1453 1546
69 77
371 1196
426 510
821 1268
268 1508
920 1494
630 701
1543 1586
1284 1322
940 1118
726 734
1330 1567
1411 1432
763 1354
1221 1356
1432 1433
1353 1510
27 226
677 1333
1558 1599
204 560
715 1500
1127 1198
1287 1371
1411 1491
261 1532
493 1125
287 1220
1235 1514
541 813
1016 1424
1510 1597
267 1530
164 668
1404 1430
241 510
626 944
562 1549
809 844
1563 1564
1113 1271
902 1083
373 1249
980 1147
790 1034
546 828
1395 1503
221 1456
1048 1324
457 1545
1389 1566
868 1172
562 702
458 563
787 960
702 848
147 209
213 1298
1514 1566
511 530
317 878
17 455
585 858
284 760
1486 1550
764 953
760 1019
210 1203
1579 1588
631 1350
1598 1599
343 1423
1571 1574
1342 1585
867 1215
301 1589
710 751
233 835
226 1008
467 562
161 1509
434 1414
520 993
152 858
467 1107
83 751
1198 1256
302 1008
1202 1551
247 1380
564 1312
1507 1590
616 1436
702 1354
760 1373
1044 1327
269 1178
895 1237
78 956
710 1020
1005 1539
154 1404
1177 1581
910 1382
80 1442
1324 1365
1182 1542
58 1325
114 546
104 892
1046 1518
490 1098
1505 1509
870 1441
1273 1585
947 1540
633 856
312 736
990 1397
584 906
1495 1505
339 1443
165 1186
507 1206
1387 1576
1448 1502
648 805
450 805
1327 1470
1277 1316
818 1150
298 978
1520 1528
19 323
964 1462
348 1197
1158 1331
767 1515
779 1304
177 510
513 1212
1194 1282
495 1265
349 634
273 659
620 1123
1500 1566
1403 1497
1335 1552
287 969
1295 1371
1432 1466
874 913
94 250
1200 1436
119 220
1312 1573
191 1210
1414 1563
266 1110
1210 1345
53 1043
1130 1533
1070 1432
978 1155
140 410
1292 1429
1319 1431
1484 1545
1002 1194
1024 1528
235 949
34 1317
152 976
1571 1597
383 1326
358 724
559 1273
255 1378
335 1321
1572 1573
733 1288
486 1471
447 1234
1188 1405
1039 1358
738 971
946 1125
1197 1456
1191 1195
1357 1517
169 880
1044 1359
718 1387
1476 1550
1088 1580
851 1414
121 1236
1048 1157
947 977
312 1287
783 899
478 1456
1293 1457
512 943
868 1032
1355 1442
1071 1482
569 631
1528 1536
880 1479
1497 1594
1178 1379
1021 1383
1412 1479
1143 1161
292 572
1158 1225
255 1359
369 1530
1085 1225
1223 1428
807 1550
1473 1572
1405 1434
614 1198
390 1001
948 1098
990 1275
689 1077
269 1016
190 521
1069 1101
35 86
577 1182
1598 1599
468 1171
1340 1561
869 1145
1029 1556
304 408
1485 1558
502 603
1103 1285
1054 1487
201 984
280 438
82 119
716 1278
917 1204
1312 1447
92 1349
1357 1455
14 832
397 510
466 985
659 1174
468 815
622 1484
1013 1541
542 1458
84 388
862 1081
194 1456
1489 1531
1194 1313
937 1070
9 81
88 689
1568 1595
783 1178
1144 1373
140 1253
386 1463
44 1395
99 117
479 1334
989 1245
813 1385
400 732
1012 1283
1000 1447
458 810
110 479
373 611
1358 1572
1179 1535
127 304
492 1227
345 1438
110 1072
496 1467
183 867
1362 1398
659 758
1000 1403
1105 1175
703 1582
231 347
1287 1397
579 1085
556 1421
628 1087
430 1354
595 1465
1590 1596
651 959
214 501
1081 1476
686 713
997 1519
6 1391
682 1430
1403 1529
1445 1575
949 1297
1439 1534
101 534
214 835
269 1026
1590 1594
1190 1219
787 988
576 1469
348 1453
1324 1521
10 1379
1099 1217
961 1423
1537 1539
541 1590
871 1519
624 833
470 870
1429 1591
164 226
580 903
215 816
924 1358
242 663
409 1006
479 1324
323 339
1374 1578
59 1241
228 532
519 733
284 799
1382 1416
850 1511
826 1236
202 1080
1181 1489
247 926
611 1059
281 666
287 511
1545 1548
628 1015
407 1300
976 1244
441 834
261 1093
1366 1528
544 1019
1499 1523
1173 1240
279 293
948 1210
544 766
783 1236
1155 1524
163 1516
99 1225
377 1292
819 1599
437 548
1316 1537
766 949
509 679
195 1564
158 611
197 1468
1122 1312
429 1100
64 895
253 616
120 250
556 618
1035 1411
452 672
872 1142
725 1544
1519 1562
570 702
1580 1588
1403 1482
703 1031
1188 1353
834 1132
295 438
1181 1537
316 509
779 1282
318 646
194 917
900 1569
1475 1490
751 1494
1318 1513
83 1541
33 1296
264 296
1494 1564
1202 1581
775 1269
1444 1557
712 1573
1510 1545
1186 1418
995 1378
1410 1435
1038 1061
1475 1539
1597 1598
1330 1423
996 1306
748 766
121 582
1250 1522
547 1062
537 751
632 1382
193 1480
982 1335
1574 1582
409 1564
713 1576
906 1346
445 798
1440 1590
1041 1589
1254 1512
843 1128
1074 1242
638 860
31 383
134 372
292 878
272 777
676 1486
247 735
36 1510
1146 1204
275 1357
417 888
125 445
905 940
37 219
364 1443
1369 1420
69 1437
302 495
350 1484
1063 1303
1582 1584
704 1343
1064 1347
49 181
1149 1246
71 1393
182 963
598 778
530 571
976 1093
332 435
66 973
1183 1390
674 1523
710 885
527 744
367 1257
286 1093
580 1338
133 995
220 1297
1370 1429
789 878
791 1438
943 1368
846 989
945 1483
418 1167
296 861
1093 1253
405 1454
1311 1428
717 934
432 1203
1185 1461
1295 1551
1595 1598
921 1178
426 1216
1032 1474
813 879
486 854
467 1575
646 949
987 1130
942 1381
30 427
332 625
1320 1347
334 1488
135 1004
139 423
761 1471
1317 1410
1565 1587
301 1176
505 1007
1193 1520
1200 1552
898 1149
1587 1593
456 1538
1483 1598
1273 1313
399 591
287 1238
1399 1486
627 1063
845 1404
92 297
539 618
545 1031
591 1312
436 1021
1216 1449
784 1574
1283 1577
31 974
1224 1579
197 998
765 1065
979 1198
1288 1402
211 991
1562 1576
403 1224
71 1256
387 981
1290 1428
211 485
646 658
1386 1399
836 925
1084 1595
872 1125
1340 1448
543 1032
1325 1430
52 651
373 469
119 907
109 398
1558 1578
1133 1493
634 854
1395 1399
113 1589
1568 1588
66 1597
526 1494
501 1274
174 474
1055 1114
147 1416
89 526
1115 1422
329 1357
277 1378
44 533
1142 1376
986 1207
1156 1173
1457 1485
896 976
612 1394
1213 1431
759 999
886 927
931 1022
92 227
1331 1339
694 986
1162 1349
116 1439
533 1204
331 566
1541 1571
867 878
87 871
587 1224
661 761
1048 1302
998 1424
634 1140
422 1474
499 1371
279 1060
602 1294
983 1433
127 549
1290 1318
1040 1119
1276 1561
564 645
943 1391
931 1013
815 1351
213 458
1434 1575
198 235
1023 1080
498 699
637 1470
354 1509
913 1061
199 1040
56 1201
407 638
1220 1237
1242 1297
1559 1565
491 1239
1386 1541
915 1252
254 482
598 739
373 1376
646 1399
923 1384
171 892
993 1304
78 185
837 1244
1457 1483
658 1023
608 860
327 1540
837 1546
1251 1385
713 1532
617 1438
1076 1214
570 793
1462 1534
610 1533
414 1059
263 1423
1166 1245
987 1268
783 813
630 724
958 1236
675 1141
244 1388
387 1378
255 345
336 1364
73 1024
1118 1200
511 1159
845 988
913 1540
811 1183
1106 1257
699 819
822 1573
853 1303
376 1327
967 1591
1464 1531
753 1116
311 804
518 802
253 464
491 1008
784 1338
229 1495
222 734
1380 1596
879 1133
790 1171
831 1360
1259 1312
1380 1384
596 1480
484 1576
750 1085
1471 1519
632 1578
527 1560
445 685
1078 1274
1182 1276
146 398
1317 1395
434 674
1033 1182
212 978
157 485
1302 1304
857 961
1588 1596
813 1315
1174 1464
776 876
120 1436
292 1084
1436 1598
702 1271
1100 1124
1022 1058
965 998
1192 1225
804 1227
747 774
635 910
140 716
101 194
1495 1561
1363 1496
1593 1596
828 1413
863 942
152 952
225 846
1131 1453
1006 1165
1043 1474
1523 1599
1235 1302
1452 1571
589 1190
1522 1527
1553 1580
1514 1515
161 1085
1249 1530
536 1519
14 235
1589 1594
1506 1528
732 1142
1181 1435
477 1539
116 1145
393 600
1021 1397
490 814
1333 1528
7 1526
1076 1100
1106 1347
1251 1558
914 1364
1556 1589
1172 1537
777 1572
629 986
897 1081
678 1527
379 648
958 1452
1290 1535
893 1237
251 337
784 1568
1429 1575
1596 1599
1344 1480
1569 1587
300 332
901 1554
944 1279
1118 1325
1331 1473
492 602
410 1437
1249 1382
723 1077
704 1488
179 923
1306 1339
630 715
1044 1233
557 1148
1464 1487
1262 1538
450 1058
715 1455
1284 1592
1179 1419
818 966
1065 1196
989 1348
30 1159
541 729
719 895
1411 1508
1542 1582
479 1404
1217 1353
101 1263
1161 1495
132 505
1242 1513
1367 1541
1077 1319
1476 1532
1242 1397
197 233
141 752
70 691
622 1425
1073 1323
568 1107
20 969
973 1196
641 1096
878 1002
769 1416
359 687
1318 1376
1333 1374
1540 1551
644 821
1335 1394
1595 1597
1097 1118
1496 1507
456 944
359 670
1121 1396
572 638
557 1558
444 1094
1035 1343
586 1474
1387 1429
399 1390
967 1094
439 1042
303 631
33 1449
1412 1483
1576 1579
1186 1288
1136 1142
816 1200
203 963
163 531
1016 1040
762 1367
494 1418
517 1011
502 1155
377 1469
748 1098
1491 1541
686 1406
1311 1503
1336 1544
1461 1490
1555 1592
343 1593
384 1379
323 1229
44 1361
123 1530
340 1419
1590 1592
166 1578
1072 1268
267 861
888 925
706 1030
1422 1581
762 1392
895 1083
614 1068
422 708
464 1516
1498 1540
352 773
1053 1172
142 456
587 819
809 1144
501 1025
731 1081
169 992
115 992
939 1295
477 1290
1330 1541
559 1115
798 1307
632 652
1014 1356
132 239
806 1337
1354 1473
207 1200
781 1560
272 984
714 1099
54 858
827 1247
1545 1588
389 1555
1402 1577
1221 1425
818 1425
466 1571
223 849
624 799
548 1598
1520 1598
1539 1562
801 1293
1049 1247
1194 1214
632 1179
1238 1478
569 1159
597 668
909 1434
187 1354
1089 1461
968 1332
808 1211
545 1059
756 1085
524 1277
988 1530
1099 1302
406 1113
472 485
162 1176
768 1363
1002 1595
867 915
1096 1521
894 1587
829 1577
497 889
1402 1552
734 1271
459 1586
344 847
986 1004
904 1461
1573 1592
840 1224
1373 1424
1553 1572
639 956
791 1535
873 1388
441 1135
27 434
42 965
1456 1565
361 1598
865 1109
1484 1576
1434 1508
811 1308
56 229
876 1122
774 1111
363 482
1273 1363
1165 1333
657 699
1336 1361
