1400 2800
66 1064
948 1311
403 692
1100 1263
1078 1348
198 244
1336 1340
784 1022
144 607
1222 1304
350 878
1237 1373
727 982
209 1079
384 583
612 712
381 1237
851 1093
669 710
769 1357
1070 1105
1 173
115 767
42 823
1078 1235
1054 1287
248 535
500 1067
150 841
204 1172
132 994
336 394
388 1035
1222 1250
264 788
999 1016
705 935
79 649
1269 1323
992 1202
496 1309
717 1113
161 639
987 1110
612 1242
416 578
1147 1347
801 1101
254 1031
938 1364
1227 1379
34 870
703 908
1177 1258
943 1327
1299 1371
246 1239
354 1123
406 650
179 922
114 1178
1108 1358
1033 1123
1039 1320
1238 1384
923 1087
921 1019
1120 1304
578 1018
401 635
400 906
70 709
979 1160
1394 1397
64 556
277 1142
458 1046
649 758
1087 1308
858 1294
202 1216
520 595
1178 1245
852 1075
997 1053
777 841
85 685
631 1081
433 1043
140 1196
872 1387
11 165
1291 1358
1365 1383
679 689
619 981
1068 1270
1349 1381
880 1279
798 1259
261 314
750 1254
870 887
1149 1373
369 1289
1391 1394
617 985
891 995
411 1143
368 1387
1207 1209
1357 1379
353 907
847 1305
869 1031
384 731
1221 1250
1345 1391
850 1182
146 599
581 828
1233 1390
220 1353
1253 1324
345 444
484 804
1320 1332
286 513
926 1241
1163 1337
189 479
578 1035
720 1349
1212 1220
269 1370
133 480
179 528
1065 1391
1260 1371
153 720
213 446
583 1133
1287 1365
200 1081
770 1322
1261 1311
472 1305
1384 1385
1134 1295
1 965
594 625
915 1214
426 891
1079 1380
893 1355
665 1297
1302 1331
365 406
17 704
1198 1246
1054 1179
626 1140
1167 1221
293 915
1144 1390
801 981
960 1294
366 1299
1261 1386
695 1180
978 1070
659 1142
734 805
1359 1366
319 936
237 942
439 515
633 671
168 589
30 1366
201 1047
401 1276
23 604
767 1114
381 1073
1295 1394
592 633
1182 1199
263 1117
941 1326
741 973
16 783
299 854
271 1223
1110 1171
845 945
0 1157
996 1076
729 1175
166 1028
1351 1354
1020 1307
893 1116
411 564
1265 1299
242 552
730 1126
112 306
834 940
697 758
393 1339
764 1242
10 536
1331 1340
418 1340
1008 1202
957 1313
1167 1251
1332 1355
159 436
904 1202
1383 1389
383 472
1146 1240
642 1370
5 63
36 252
1349 1388
734 857
422 989
1176 1259
17 504
70 1310
935 1190
257 719
1143 1379
578 1287
1367 1394
1338 1341
493 938
1157 1313
957 1220
674 978
862 1077
1108 1159
759 985
1262 1347
44 130
1203 1216
971 1186
835 982
79 434
1074 1332
1326 1375
866 1318
141 878
572 1120
102 979
400 554
1 676
1166 1232
1231 1360
1193 1359
847 1150
1137 1142
836 1319
902 1123
1257 1375
735 932
392 789
642 643
498 525
545 733
1065 1109
1221 1357
128 743
806 857
760 1290
252 1308
109 450
967 1235
640 1241
1139 1335
516 1293
335 879
685 1375
760 1267
1140 1154
70 133
786 1239
821 1134
1007 1176
562 857
480 819
1130 1379
28 1023
1052 1055
1242 1336
455 912
1381 1398
235 685
161 216
995 1236
1140 1146
1188 1337
423 1136
855 1253
1319 1353
734 807
803 849
1222 1352
383 1104
262 647
716 734
1347 1383
882 896
1036 1238
392 756
1305 1340
683 1298
950 1059
1342 1398
496 1231
71 1227
252 1316
1179 1272
18 740
378 1153
174 1037
65 1318
978 1078
60 612
646 737
246 693
684 935
1305 1353
1240 1304
89 320
950 1086
1221 1328
1348 1377
1314 1391
1064 1132
952 1055
94 1063
100 374
693 1365
1318 1392
11 1045
366 1043
854 1037
490 1267
1158 1185
180 786
344 346
1090 1166
909 1036
419 627
1127 1186
1008 1233
1180 1365
585 1237
1238 1283
257 812
157 599
977 1248
1362 1396
688 1013
733 1148
962 1313
54 897
362 652
1132 1281
1149 1322
1397 1399
589 789
4 987
758 1307
573 723
251 866
361 780
255 356
873 1105
617 715
1159 1283
939 1089
461 1380
1206 1384
813 1125
408 935
1260 1293
1237 1330
1020 1192
1237 1320
216 1115
893 1013
728 849
465 978
598 619
1393 1397
73 515
1034 1116
670 1392
1076 1382
393 967
1155 1330
606 1278
703 1311
1210 1343
1231 1295
175 510
424 1187
342 859
193 1110
389 532
1043 1227
562 913
871 1255
1246 1255
488 991
145 1275
1287 1310
522 1058
1199 1306
604 647
341 1172
1061 1321
935 1175
693 1110
930 1315
261 475
608 1046
823 874
579 1246
1060 1125
8 1282
493 1319
249 1198
871 1156
1258 1294
1344 1359
1357 1368
1301 1347
904 961
503 835
141 763
616 755
1358 1365
308 450
718 1168
1338 1379
513 981
166 691
930 1038
458 774
166 457
1372 1379
1266 1333
1054 1132
1263 1395
965 1135
148 1211
437 1042
131 165
21 1180
1258 1260
1077 1326
601 1387
1115 1127
827 945
178 770
52 818
873 1127
473 1222
730 1302
1188 1193
512 1092
648 1078
747 901
467 559
237 385
57 144
1052 1150
989 1373
64 512
854 1087
1236 1397
1377 1399
560 1064
349 770
695 1348
1279 1395
467 594
575 1263
371 882
1376 1398
1212 1234
597 1125
1001 1218
464 1028
390 1295
664 684
291 1014
1253 1325
1093 1314
233 630
645 1214
1159 1300
671 961
1263 1373
1233 1368
19 1017
824 1107
647 974
791 846
671 861
334 1068
411 1204
244 646
529 1070
1288 1335
510 769
194 1020
269 496
1367 1394
322 411
787 945
448 964
354 660
867 1381
819 1030
160 987
619 1139
659 974
653 987
183 558
285 1131
955 1300
47 623
1015 1163
155 836
1288 1313
511 932
384 602
706 1166
400 1119
1243 1278
518 929
545 1350
359 916
962 1038
1357 1393
1281 1345
987 1104
180 1215
147 517
1276 1355
424 744
1078 1157
856 1378
154 955
1230 1272
925 1222
1278 1325
1345 1354
449 763
1179 1347
1216 1292
124 524
256 1063
994 1347
1202 1295
391 661
59 341
1022 1290
816 967
780 839
440 894
339 1333
395 948
1309 1327
811 954
805 1310
403 1026
650 1308
695 839
495 879
700 1015
336 1250
455 1023
1163 1347
668 768
123 323
583 1056
472 524
291 790
442 967
90 894
857 1235
213 1362
1340 1386
102 819
29 376
953 1151
32 125
501 683
396 838
92 937
796 921
482 1277
41 1028
835 957
1152 1202
1027 1198
1371 1397
693 1121
362 1257
1066 1139
467 1206
927 1250
867 1342
698 824
85 1180
105 222
223 243
1339 1371
1351 1354
638 982
1186 1387
831 1282
1006 1141
1014 1199
1277 1345
1272 1274
460 1397
85 152
1138 1384
1013 1375
1188 1272
393 464
1116 1310
745 815
458 619
1165 1256
792 1241
1145 1232
1010 1345
1217 1392
1223 1313
955 1261
14 1282
854 1276
491 561
74 1160
1132 1274
804 891
708 1279
145 149
913 1220
519 524
726 750
239 265
1061 1289
219 1291
766 1346
603 1170
523 1219
318 1384
873 1287
1349 1370
191 1366
968 1136
234 666
154 1100
114 1360
307 500
8 47
1023 1211
1302 1324
778 1361
1371 1378
1370 1385
1309 1370
57 799
157 1148
642 1299
1112 1308
830 909
1090 1217
67 541
643 802
752 1217
1361 1376
413 1222
914 1079
1347 1349
1193 1293
1302 1394
91 543
113 878
965 1305
1042 1351
518 694
625 1239
276 456
1033 1116
339 986
27 230
47 659
71 820
553 1324
533 1397
398 932
382 1287
608 775
865 1122
60 97
1335 1372
124 203
927 1358
944 1115
1312 1388
747 1214
54 879
424 982
373 1006
885 1196
77 490
1117 1198
402 850
467 974
643 799
1272 1329
148 1111
415 689
688 1395
321 501
1250 1346
391 676
647 1221
53 1224
1284 1373
1232 1328
402 985
116 761
1107 1170
114 798
1292 1389
207 676
137 693
158 1090
478 1115
1163 1353
343 746
1320 1338
120 991
621 773
960 1229
341 708
267 815
804 937
943 1283
1326 1397
1064 1317
825 1025
456 1324
721 1014
497 1067
967 1267
302 717
923 977
69 1005
855 875
765 1065
1096 1293
1114 1250
734 946
1045 1344
1224 1362
114 538
1010 1092
399 498
1357 1375
4 554
134 302
191 219
1198 1278
849 1310
369 723
505 573
930 1293
147 1111
253 650
1297 1387
14 1045
335 1194
730 803
201 1171
197 336
396 933
921 1142
806 1057
969 1379
673 743
1384 1398
634 1018
1140 1353
657 1136
712 1246
511 982
1018 1121
59 1171
1047 1316
1352 1369
1092 1159
1335 1351
125 253
708 954
470 1127
329 1197
873 1282
676 1324
58 724
398 1176
448 1039
1280 1360
161 292
855 1187
1029 1185
842 1240
161 840
953 1360
1076 1326
1039 1251
943 958
873 1060
1087 1354
897 1336
436 730
939 1082
1320 1362
811 1286
1345 1371
747 838
912 1377
717 1180
1389 1393
1246 1387
170 658
971 1296
753 1060
337 1268
1143 1342
231 1035
1143 1384
599 836
456 1215
1269 1327
730 1195
960 1156
804 829
1328 1329
315 586
1257 1364
670 1026
1102 1310
556 1084
201 887
56 184
668 1112
780 784
50 295
910 1111
119 953
659 807
490 957
992 1324
118 865
537 1373
493 544
1067 1100
238 877
257 552
217 1238
863 1376
0 978
530 1325
786 1262
94 548
858 954
1360 1397
906 1297
600 902
1129 1392
580 1379
495 529
414 493
1060 1356
420 703
1074 1106
529 1158
1262 1318
1132 1374
840 1000
1308 1375
973 1368
782 939
889 1042
165 577
1151 1197
1022 1330
708 820
148 1026
334 959
1011 1215
1018 1064
1002 1240
791 1283
112 1099
690 941
1190 1332
771 866
1190 1234
950 1364
1155 1290
1025 1226
170 550
916 1311
38 288
1026 1074
424 899
1276 1351
1395 1398
400 597
820 940
784 960
708 1233
1020 1293
1033 1315
715 783
1053 1169
584 1149
185 1259
364 1356
1373 1380
1064 1332
699 1344
1221 1383
153 385
930 1002
751 1284
379 1099
959 1288
112 254
42 1234
337 432
720 1143
587 1333
374 887
1007 1372
499 1023
264 390
421 1165
445 745
1124 1144
430 530
507 1146
590 1326
94 1205
491 572
836 850
495 704
1273 1384
388 1214
1393 1397
554 1052
332 1081
235 1341
813 1381
414 950
288 463
1151 1398
441 689
411 1170
1186 1228
615 1387
938 1365
977 1272
257 633
1227 1246
348 1121
1243 1359
1066 1306
981 1105
914 1205
1366 1375
178 820
681 910
285 1380
603 879
271 769
1354 1386
832 1090
1056 1344
66 960
1043 1044
59 155
18 436
878 1133
259 543
354 471
620 1357
753 1284
726 887
345 952
608 1281
180 244
649 899
105 1329
834 1298
800 1223
477 777
855 1231
997 1200
118 1362
1355 1397
37 434
617 1066
210 641
82 1283
630 799
54 1286
395 607
351 1253
334 1011
176 548
728 849
907 1383
1361 1385
1377 1390
85 213
1184 1221
1169 1393
1105 1318
275 506
64 340
594 679
1172 1187
1043 1091
367 938
704 957
887 1238
725 1312
611 1173
977 982
1051 1154
625 825
301 1340
747 1341
140 222
1370 1391
1168 1229
49 647
950 1393
608 1146
265 1018
351 1182
19 708
20 867
194 515
623 1058
112 1142
718 1094
1233 1281
750 1116
646 1135
1273 1303
994 1041
738 901
954 1198
819 896
851 1386
936 987
840 902
560 945
564 921
1383 1394
484 1206
220 1319
1192 1305
342 617
185 859
539 1359
1064 1288
1127 1309
793 1146
1006 1099
137 183
66 1136
27 556
1319 1357
1295 1326
577 997
569 639
393 1107
114 1075
1285 1374
716 902
1075 1209
58 923
228 764
1382 1396
627 1218
1353 1354
801 909
453 621
1201 1241
1347 1398
1046 1234
1031 1032
893 1150
1240 1355
31 959
171 694
309 828
582 1086
278 513
1137 1305
98 1004
484 770
807 1092
1089 1197
1203 1313
1107 1137
172 945
301 644
757 843
1391 1395
108 427
767 806
1385 1391
1389 1397
1182 1379
1031 1313
1358 1364
1214 1225
907 1122
1366 1399
289 853
253 801
986 1186
758 1328
1370 1381
827 1188
910 1014
971 1069
1173 1277
822 1080
785 929
284 954
285 945
1002 1150
669 1084
1267 1358
1217 1374
202 541
1088 1374
470 599
858 1204
897 1049
656 717
502 729
452 984
1131 1194
1394 1396
891 1068
1190 1352
1311 1369
388 902
486 948
271 1227
490 821
498 1173
1176 1259
754 1149
1253 1341
987 1192
1097 1240
1150 1242
630 1295
202 543
923 1191
292 698
617 624
1281 1324
837 994
58 178
284 850
1197 1333
1357 1371
281 899
281 554
555 751
731 850
633 1127
321 877
393 552
843 1360
161 856
384 690
852 1096
1120 1133
101 1375
257 882
1381 1394
443 455
1163 1352
590 954
18 409
1306 1375
1027 1181
628 852
1066 1133
503 1171
138 333
1271 1377
80 1243
405 657
231 285
771 1182
1070 1224
675 757
1341 1382
1031 1285
245 1000
41 685
1064 1385
510 1361
357 690
1195 1289
3 990
678 1148
541 591
313 685
937 1136
944 1030
1377 1393
528 833
1115 1244
716 1118
241 1111
1271 1343
739 848
1154 1226
1122 1369
260 558
111 710
49 277
1296 1348
325 914
1117 1164
463 900
278 1062
720 1134
576 597
765 1031
889 1383
326 408
542 1107
788 1165
985 1294
74 688
341 1269
62 105
1081 1330
451 722
1138 1219
457 615
232 440
1303 1307
984 1391
832 960
972 1278
433 1103
1361 1381
217 959
1209 1375
1190 1274
633 1259
875 1062
752 1311
673 1250
69 1380
154 1065
152 1361
148 488
758 1159
290 1092
379 1074
212 1146
1376 1380
372 1070
886 1038
562 1155
841 1292
29 1345
1195 1329
785 1366
560 1162
935 1377
1098 1103
717 814
67 441
797 1188
249 1289
1222 1290
1000 1341
1250 1291
619 1390
11 228
265 456
1053 1286
113 283
685 848
883 1295
601 1133
983 1255
209 554
487 853
860 1174
1031 1311
87 132
1107 1114
335 1316
833 1167
1107 1194
216 393
579 1306
1105 1229
1110 1152
1137 1173
1109 1117
701 781
559 1309
200 384
1165 1361
661 721
131 1208
961 1225
343 1196
786 1282
536 850
722 1253
165 1210
561 1379
123 155
844 1056
460 914
1087 1125
710 1300
1077 1265
946 1212
496 1376
205 1304
1006 1150
587 804
504 1074
1248 1325
1176 1248
783 1326
447 1301
775 1138
440 840
806 1148
573 1032
1025 1167
57 1301
913 956
683 1125
209 1086
757 1020
952 1105
198 388
301 1238
685 874
138 571
242 1182
105 119
193 576
1238 1252
527 890
651 1043
379 1174
505 942
370 978
590 720
120 486
639 779
786 1193
1351 1357
1006 1059
1116 1383
350 986
454 1296
227 543
260 1296
16 778
901 980
583 1377
1214 1222
525 727
316 1234
977 1306
691 910
877 1142
1013 1342
793 1234
1087 1120
55 778
1200 1328
1275 1344
1057 1206
1098 1329
726 1372
1015 1327
542 785
353 1326
992 1059
48 625
827 1201
514 643
410 1081
305 978
289 720
862 1011
1165 1195
906 1188
901 960
756 1077
510 1118
1173 1330
830 1134
31 776
1075 1149
638 1285
475 1019
1383 1389
774 819
1216 1343
1366 1371
659 1015
91 1158
1200 1298
998 1226
1214 1247
1170 1225
49 1092
1315 1335
350 935
816 893
375 952
251 501
672 1323
1383 1397
55 244
871 1227
256 845
490 1085
741 1351
499 915
902 1217
484 1338
926 1286
827 834
733 831
1110 1270
523 786
584 1006
557 1229
1232 1395
101 1076
1353 1368
1253 1310
234 614
1282 1285
236 1038
529 974
40 1037
3 986
507 865
224 676
449 626
1131 1290
801 1008
167 231
598 837
565 686
481 1137
1304 1342
406 1136
149 569
1349 1382
498 876
551 1302
1342 1347
418 959
67 481
1168 1243
515 895
39 928
299 778
322 518
475 1196
240 1132
1246 1391
1070 1367
134 624
1015 1289
885 1280
382 653
827 1172
757 884
482 574
1203 1285
103 117
1378 1385
28 83
1006 1196
881 1341
1171 1338
1255 1320
1173 1190
883 988
1275 1284
1087 1185
1071 1364
109 789
1231 1236
404 907
1235 1263
630 1384
126 403
425 447
337 1310
285 386
279 407
913 1372
749 1118
339 1396
990 1306
709 1366
164 1195
1195 1271
360 544
1131 1372
574 990
1318 1389
27 697
615 652
1124 1369
61 222
150 452
444 1058
1262 1362
540 974
408 571
1014 1089
1366 1382
320 771
819 1317
1394 1395
503 994
1126 1337
50 1063
1005 1104
1098 1365
1187 1366
1218 1337
1175 1220
274 1054
595 1202
512 1104
130 841
338 1018
197 1318
1257 1383
931 1205
123 747
235 972
314 1206
1121 1231
380 1298
786 861
93 985
192 401
1041 1123
121 1193
545 1390
548 1110
805 1338
561 1344
165 1338
628 836
86 860
752 1188
925 1266
4 768
134 265
450 510
863 1202
78 1079
622 1024
519 870
564 981
504 780
819 1109
76 1166
697 996
1386 1396
256 293
663 1244
384 435
510 979
631 951
840 1362
1263 1271
704 1093
1277 1353
1369 1375
310 1065
24 997
381 397
837 1281
487 910
887 997
139 810
116 911
1385 1389
1237 1251
773 1169
649 1376
667 1240
972 1069
1301 1312
1195 1359
750 1107
208 739
215 397
909 1057
143 807
1337 1359
653 922
1329 1346
270 867
314 632
1236 1371
445 844
628 1257
355 857
302 699
321 387
1029 1177
1238 1246
58 401
1056 1067
10 782
77 1144
767 1195
394 1035
237 336
1263 1388
646 1075
668 1028
705 866
578 1379
257 1182
1111 1150
928 1095
703 755
617 809
527 1041
1131 1273
501 1351
176 1178
183 766
288 1230
1340 1372
122 959
745 1377
325 1223
578 865
452 1263
505 1147
497 952
1349 1357
1307 1339
1379 1399
92 481
797 858
993 1077
1122 1359
1376 1395
601 1035
265 1123
263 405
625 1159
446 1195
823 987
918 1333
146 370
928 1133
788 1399
1387 1397
644 1088
121 1063
1027 1064
568 748
1344 1350
891 992
992 1082
403 1050
676 1228
45 69
1029 1386
419 1349
1163 1296
367 976
706 1126
216 999
586 794
1249 1342
94 469
1219 1351
1026 1246
437 1008
365 1247
1301 1394
646 715
611 848
932 943
278 1386
616 1259
549 700
1010 1383
1096 1253
37 1127
1336 1345
250 288
626 779
63 772
674 1309
394 653
623 929
283 379
935 952
551 1203
208 1235
652 822
1114 1197
1329 1366
631 869
861 1058
105 613
818 995
508 1054
613 1300
777 782
230 458
1135 1154
193 1223
313 679
23 113
291 645
98 937
1362 1386
426 1380
1153 1399
422 1385
769 1064
1375 1378
1309 1352
292 686
723 940
501 791
824 952
245 338
762 875
422 622
1282 1301
892 1334
1328 1363
309 718
441 1159
1225 1394
944 1374
1381 1388
743 1064
512 1255
872 1076
1112 1258
402 824
1237 1348
83 778
398 1044
850 1378
92 780
758 1256
25 1068
312 1160
388 1293
507 1373
313 918
1365 1399
1232 1387
794 1301
1340 1369
1309 1377
489 700
561 1288
668 1075
836 1066
935 1361
604 693
665 1209
475 542
648 757
351 641
44 973
1087 1312
820 843
1111 1281
349 866
95 182
871 1149
1030 1169
1080 1261
687 1226
548 1143
550 1109
943 1079
980 1167
245 930
1361 1375
709 988
256 504
1012 1239
848 1356
508 1290
813 1244
758 1106
873 909
1284 1348
1302 1385
985 993
428 598
1210 1316
718 1018
563 690
742 813
691 1087
971 1095
210 427
180 1237
1316 1397
971 1278
679 953
875 1215
85 1384
333 1121
1061 1310
484 1022
1348 1355
698 1145
1132 1285
1217 1372
821 1169
116 484
219 314
70 1139
788 984
580 1308
189 1020
613 1371
741 987
632 1123
336 1163
416 821
1392 1398
190 1313
1146 1330
772 1366
1061 1119
256 343
1371 1386
1161 1261
60 733
1114 1379
275 1108
699 1151
419 996
806 1295
1165 1216
48 1020
1289 1371
1337 1366
436 702
387 1327
1357 1399
284 316
1268 1326
621 1178
522 846
35 626
170 1196
66 831
1074 1095
1298 1321
6 355
176 1009
984 1371
1027 1068
950 1100
718 1318
158 961
697 792
555 938
1223 1249
1345 1382
912 1370
1085 1171
514 693
685 754
1392 1393
154 1378
366 562
539 1160
592 895
1142 1317
903 941
774 833
1132 1373
728 1120
170 865
1248 1309
397 981
1113 1131
193 1220
1284 1384
1056 1235
664 1027
231 873
705 1021
1342 1364
184 811
1285 1306
991 1281
14 965
923 1069
24 1173
1088 1304
163 704
1241 1337
419 1046
140 556
1145 1182
1089 1267
436 691
1068 1250
237 1248
695 745
701 1094
321 1127
1364 1382
1297 1390
258 1315
1346 1381
825 965
1118 1229
983 1114
61 430
990 1127
604 749
631 1088
557 677
253 1171
308 527
588 1038
712 753
388 420
1164 1188
186 1377
500 921
733 1267
808 1236
1284 1344
976 1314
409 608
1291 1297
876 1373
237 656
1355 1398
1329 1365
1275 1334
719 1388
491 1273
413 713
1187 1233
372 1008
1078 1226
1154 1392
282 1039
1326 1360
33 1344
687 1318
454 932
907 1322
80 747
835 1219
884 1362
340 1387
1121 1243
440 895
265 1317
232 674
1309 1348
848 870
1268 1314
775 1009
923 1355
1036 1118
632 845
747 1251
950 1328
761 1014
923 966
1167 1251
303 326
1264 1286
135 1222
1140 1319
941 1233
437 1044
1031 1383
1092 1135
1124 1217
1354 1397
609 822
308 1140
1086 1103
281 573
1361 1365
489 583
124 989
1021 1354
836 962
26 1205
523 1378
258 1184
205 270
861 1080
796 981
78 1190
235 911
556 597
651 907
674 1384
582 1324
1134 1348
804 940
14 569
462 890
38 470
566 678
217 907
735 1259
15 1054
131 841
120 1339
1032 1046
1285 1293
1369 1383
915 1294
1132 1160
1324 1335
562 1092
1083 1311
1187 1362
798 953
594 1093
920 1344
800 937
603 655
680 901
292 1191
431 1229
35 739
1044 1288
659 825
299 674
757 1225
317 626
553 923
84 221
777 1282
809 1091
108 642
586 867
37 1123
422 513
726 1279
211 478
700 1071
1379 1391
393 551
900 1309
159 1392
1180 1334
620 682
739 1310
1028 1215
171 751
287 448
433 755
657 1175
158 1148
1273 1329
244 440
1206 1212
100 955
646 1178
1346 1383
1254 1333
716 809
302 957
280 1235
514 546
773 933
909 929
982 1106
1075 1158
844 1268
796 906
773 1039
655 727
94 968
688 834
806 1239
1157 1229
1069 1081
287 1241
900 1246
230 887
758 1227
1255 1356
742 989
537 1372
162 522
169 649
301 486
1383 1391
1020 1304
1394 1395
830 1277
185 1106
1011 1227
325 326
588 687
796 1292
23 1295
960 1201
861 1124
941 1373
28 1027
1035 1273
154 673
1171 1248
929 1323
650 754
1154 1156
848 1201
707 915
783 1203
845 1031
26 212
1001 1126
57 376
1275 1321
1352 1354
315 403
357 708
1370 1396
331 1355
1344 1350
805 1017
791 1194
248 673
254 504
448 880
1108 1148
1164 1371
1252 1315
366 1203
706 1239
886 1320
1170 1269
1269 1282
1298 1393
392 1004
433 1246
748 982
1233 1392
631 734
200 1247
1263 1354
322 1069
1070 1141
1202 1256
341 1259
694 1085
625 1365
421 954
538 1006
662 1311
1356 1358
332 696
989 1310
961 1316
1286 1287
920 1370
965 1284
1107 1311
1198 1353
1309 1329
594 650
898 1270
1328 1391
474 1196
300 1361
1036 1102
1252 1363
291 822
790 1179
925 969
643 1298
797 862
93 989
1033 1157
861 1005
420 577
115 118
236 844
1076 1249
1026 1118
603 1280
665 1353
779 1302
203 638
851 1209
860 1296
226 1277
1086 1277
1057 1078
882 1171
686 1151
842 1374
1246 1386
1022 1114
1325 1333
781 1135
815 1240
1214 1224
480 1289
1138 1159
1346 1384
490 597
177 877
1260 1287
1168 1173
574 1384
465 680
72 1231
238 340
1163 1260
1233 1344
312 386
58 1182
267 1249
190 612
903 1371
791 1233
15 755
1277 1323
583 859
459 1050
808 1139
254 1179
481 1146
121 1117
1031 1051
1303 1315
498 1318
851 957
807 1093
1313 1376
98 713
560 1108
302 632
872 1355
1260 1320
1184 1219
348 697
934 1028
539 840
1183 1205
299 939
954 1377
206 673
652 1098
377 831
117 602
431 917
440 1338
992 1380
918 1135
1138 1218
681 799
407 841
134 398
220 734
1198 1217
990 1180
669 1257
697 812
113 715
72 253
1127 1387
919 943
728 978
1093 1122
109 703
988 1278
141 510
1369 1396
678 1359
109 473
1230 1256
532 956
452 543
9 857
1055 1389
156 1007
1093 1107
1269 1384
1028 1107
287 1272
919 1376
861 1066
187 431
187 258
1280 1389
696 1200
215 463
1302 1357
525 569
561 1366
1188 1225
111 1241
422 504
1278 1317
1336 1367
1357 1385
1225 1254
1280 1287
261 1027
55 345
298 961
930 1019
699 1095
785 1357
198 685
1147 1243
867 983
750 930
144 460
1370 1379
1249 1384
684 693
1266 1335
898 1166
1169 1211
274 591
368 954
747 1358
113 911
622 937
363 1311
286 1267
536 1205
22 181
223 942
545 693
523 1034
413 965
829 1053
933 1267
1111 1229
792 1194
889 956
946 1083
1102 1182
1360 1394
1353 1375
284 1067
912 1284
1094 1351
1154 1303
111 687
104 1146
290 741
1019 1243
1342 1352
995 1342
368 673
735 1315
533 1063
385 1239
718 1251
1229 1277
739 1335
392 841
1124 1391
1277 1363
1098 1356
740 904
1387 1398
431 1025
538 646
385 545
1042 1269
949 1270
1226 1300
17 159
893 917
545 1315
649 750
261 398
691 1282
626 1232
963 1375
226 404
1139 1387
601 1053
1324 1368
428 865
685 1392
393 951
37 1041
824 979
1131 1379
572 884
1213 1296
1145 1390
879 1309
1002 1397
1184 1253
377 852
273 1101
274 1331
1193 1282
694 760
1097 1248
727 1386
739 1032
985 1313
340 1192
83 896
903 925
700 1315
79 1375
886 1044
1114 1260
1384 1390
1045 1288
317 1076
550 614
1088 1179
539 1031
1065 1352
315 1177
188 732
1247 1270
531 1157
493 1202
695 743
333 728
1076 1320
1330 1384
826 1095
1070 1240
241 384
1346 1357
988 1365
356 1311
84 555
1318 1349
1393 1395
830 1186
884 988
427 1291
959 1184
814 1266
463 999
1134 1171
1019 1121
1277 1295
1221 1386
1257 1306
623 1050
1158 1341
421 839
1057 1367
1397 1398
514 601
902 1326
677 890
778 1378
857 1176
1111 1253
944 1189
952 1198
623 1125
687 1226
1109 1397
129 241
570 1072
493 915
128 1110
472 826
1142 1162
89 712
1277 1361
1194 1391
823 1047
302 564
649 1388
344 408
726 1027
869 1022
1329 1379
443 1300
53 788
1122 1164
1380 1394
822 1019
1027 1346
1388 1399
1235 1288
736 901
410 727
655 814
544 1363
376 935
44 71
64 1070
482 1259
415 1166
724 885
107 1160
675 1307
750 1091
204 962
1233 1359
1299 1374
3 1288
889 947
231 1209
559 923
215 361
325 403
686 764
480 1216
1367 1373
1283 1368
696 899
1135 1375
37 282
271 836
1082 1309
507 903
130 1391
522 697
304 1167
1141 1188
950 1253
1188 1356
913 1265
1350 1380
881 1329
280 1372
447 1107
610 1339
156 415
180 630
224 725
756 1114
1250 1371
944 1033
505 1156
104 751
218 524
474 1013
805 1075
337 1305
1065 1208
61 754
602 1039
1211 1253
702 1135
1151 1341
1182 1188
20 1039
897 1260
213 1105
477 665
410 1251
1193 1200
1323 1324
927 1187
120 537
383 1171
105 143
27 1398
898 1391
959 1110
1041 1123
629 1066
599 1272
809 1324
517 681
106 1235
475 1319
1090 1343
818 1013
449 903
855 1019
1383 1389
920 1235
317 1281
1104 1251
453 654
1020 1315
747 1224
399 1163
619 1246
680 849
1112 1124
10 637
96 566
1232 1363
833 1206
425 499
665 936
1061 1323
1067 1399
583 677
939 963
1304 1399
1049 1147
1150 1168
848 1398
580 1167
670 1340
513 1042
79 915
914 1055
178 393
870 1296
676 1027
935 1130
1222 1296
1117 1337
1308 1348
769 867
343 1181
65 307
290 1173
587 846
1367 1380
810 840
879 1317
819 1377
102 1054
174 577
1063 1171
273 1290
328 480
843 884
439 844
1027 1249
628 1199
355 1368
1256 1342
306 343
1023 1046
746 991
1263 1281
474 1306
472 726
66 254
613 1030
437 773
742 1378
828 964
1364 1395
1315 1359
1062 1117
21 1125
1326 1355
1227 1348
1185 1224
1347 1377
1260 1392
1174 1308
1115 1135
986 1040
1115 1277
454 1180
1398 1399
221 256
84 842
644 811
396 575
436 551
852 1396
763 1168
1102 1182
961 1197
693 1284
979 1081
1162 1306
973 1187
1349 1363
663 787
1333 1359
1331 1367
1341 1379
1031 1327
1172 1300
227 1364
714 1379
1356 1373
1004 1385
51 589
517 1152
156 1104
217 1365
1306 1327
854 1342
554 649
874 1099
554 1076
826 1094
266 837
408 869
986 1368
930 1154
1189 1363
708 1146
998 1350
1327 1349
796 1174
1375 1392
669 884
406 1278
28 595
429 868
401 1282
1386 1398
192 610
1209 1327
1100 1221
643 940
452 1374
973 1207
251 723
1362 1373
63 1098
690 1391
718 1229
136 1345
897 986
673 1068
1254 1359
750 1140
825 1306
1069 1298
18 902
425 599
846 1106
1088 1299
