3000 6000
1705 1734
378 1005
1768 1798
595 2596
2682 2969
448 1952
2180 2550
2 1397
963 2679
1434 1463
376 1130
1252 1898
1215 2777
1608 1930
1897 2282
2030 2462
2093 2975
1512 1828
737 2781
1326 1708
1189 2534
2786 2940
2754 2880
1257 1296
2867 2989
642 1437
2983 2989
1060 1386
1477 1821
265 757
2747 2961
2469 2736
2389 2825
1521 1618
2155 2188
2838 2929
2684 2818
2143 2189
895 2216
1453 1628
2028 2878
2152 2928
537 2407
783 1857
2882 2932
2144 2305
2945 2970
600 2083
2068 2151
1691 2835
1314 1930
1371 2335
1532 1853
2011 2432
1646 2593
1566 2728
1082 1690
774 1931
2621 2672
1493 2658
1584 2052
2997 2998
2995 2997
537 687
2267 2584
2162 2603
981 2274
1454 1958
2089 2365
274 2052
2210 2949
1097 2941
2911 2987
1521 1700
1784 2559
2040 2949
1755 2872
1427 2885
2689 2752
1264 1366
1650 2393
758 1722
2964 2969
1870 2946
2766 2842
1349 2674
2265 2887
129 1406
1384 1390
2877 2999
925 1504
1606 1977
2728 2753
1091 1929
174 1009
2066 2093
548 2315
1501 2591
307 765
2920 2928
2210 2896
2130 2333
457 1346
1400 2005
1146 2575
2834 2941
815 1013
1096 1930
1593 2376
2353 2649
527 2957
1769 2124
98 582
2415 2649
950 2382
2885 2954
1423 2629
2312 2915
1026 2957
370 2232
2203 2940
1976 2037
23 1674
1625 2589
1819 2802
2671 2849
1278 2320
1173 1999
2370 2584
2449 2933
1446 1885
2096 2826
1859 2602
87 1609
1039 2258
2718 2899
289 1817
1491 2433
1663 2989
132 1995
2635 2708
149 740
2006 2972
1014 2789
2923 2961
521 1671
2864 2950
892 1115
2042 2302
2369 2653
615 2651
2001 2766
1704 2197
1231 2912
2990 2999
943 2828
2140 2929
1961 2629
2461 2565
1409 1720
211 2568
1277 2021
2885 2903
1772 2055
0 2655
1114 1804
2315 2338
1008 1189
1679 2316
2116 2311
2962 2966
1320 2936
452 1124
2523 2886
2899 2904
2389 2852
2547 2945
2684 2827
1804 1977
2433 2718
1940 2340
149 1469
121 940
2278 2892
782 1750
1745 2094
786 1092
1965 2002
2025 2267
1677 2457
225 2312
358 669
2224 2402
1466 1722
574 2662
714 2996
2895 2902
388 1070
409 1555
1188 1909
686 2631
1190 2179
859 1322
1356 2946
1290 2387
1606 2833
2212 2782
196 232
2462 2736
525 2012
2905 2961
1994 2516
603 1030
1714 2562
2954 2969
2608 2643
286 2556
1581 2978
1841 1972
2613 2849
1313 2011
73 1515
1097 2921
157 2284
1657 2762
1206 1757
1269 2347
1215 2991
1914 2984
520 1552
2796 2985
287 2661
1599 2800
2020 2645
269 994
2488 2959
2925 2949
519 1231
1255 2994
126 2883
2610 2977
982 2248
800 2556
1650 2731
741 907
56 1907
974 1942
2944 2982
584 2735
561 791
2286 2487
1453 1706
2446 2602
1341 1490
675 1614
1943 2389
2187 2569
1682 2363
1824 2220
1854 2102
2528 2731
1016 2381
2270 2469
1658 2969
2740 2750
2090 2847
1932 2422
2762 2974
1440 1873
1606 2200
2083 2681
2676 2946
1255 2505
431 1774
1006 1569
513 2083
970 1688
2789 2994
2548 2950
1970 2801
1782 2071
1426 2364
109 2079
2623 2756
2358 2800
513 1032
1880 1993
2234 2330
617 2023
1429 1774
1254 2198
331 907
2544 2704
1657 2029
808 1837
272 1320
645 1996
745 2339
2962 2986
1050 2135
356 1970
2579 2975
1854 2783
1784 2650
1790 2144
1854 2514
2105 2157
2383 2808
1146 1321
940 2152
1255 1785
2636 2715
297 2463
2640 2940
1381 2561
398 1151
1709 2016
1573 1705
2572 2651
1949 2566
1505 1547
2902 2981
1017 1090
799 1391
1397 2914
98 130
1101 1140
2926 2949
2591 2947
248 2085
1040 1545
2722 2853
2409 2774
1456 2875
1549 2386
2087 2425
472 1517
1376 2866
2987 2991
1334 1738
196 2756
2637 2726
1370 1523
2059 2659
1067 2579
2978 2986
2277 2931
395 436
636 2392
2358 2459
946 2726
2782 2816
1148 1494
1262 2217
2941 2988
414 2189
231 2674
1676 2373
864 1210
1975 2975
788 2073
1904 2485
957 1756
2393 2405
2837 2955
2137 2679
1193 2130
1701 2245
76 1988
2011 2961
1309 2806
1363 2245
1876 2847
1896 2134
1140 1570
57 581
2986 2998
2466 2905
2581 2750
286 1839
273 1397
248 1727
286 1713
374 1689
488 2526
1657 2360
2647 2750
2666 2713
909 1591
1580 2645
1499 1931
1105 2001
1617 2710
1541 2713
2960 2975
2452 2512
2146 2758
2631 2757
1717 2164
62 2923
1921 2985
1917 2238
2030 2857
1555 1900
2321 2988
1605 2435
2842 2964
1474 1725
833 2039
120 507
568 1903
2861 2920
212 2045
201 2420
223 2272
1255 2878
2384 2619
722 1748
2476 2657
2214 2581
525 1310
664 781
2403 2744
632 2795
2392 2681
1916 2985
1585 2399
2661 2932
2394 2716
201 2814
1033 2109
2121 2259
1530 1808
2137 2386
2155 2729
2442 2635
84 2895
1587 2736
770 948
2438 2807
268 1253
1738 2053
78 679
1025 2675
457 597
733 1043
2347 2622
2297 2625
2669 2820
437 1226
626 1311
2077 2700
2836 2841
2181 2626
1067 2247
2287 2499
464 665
2628 2906
129 263
259 2442
2824 2961
1874 2038
1043 2778
481 833
2503 2671
2996 2998
986 1520
166 2165
2543 2667
2303 2653
1151 2924
393 1831
1336 1505
928 2441
1538 2092
2430 2821
1881 2141
1529 2910
1889 2816
2521 2878
2842 2870
764 1583
1504 1587
608 993
2068 2372
1459 2928
2381 2671
79 1083
2109 2265
1384 2981
62 2762
132 1567
2143 2934
2592 2761
1139 2817
1872 2458
183 2027
275 612
2004 2893
1837 2416
1233 1459
1916 2115
1132 1457
2213 2390
2754 2880
1900 2028
1764 1796
2900 2924
1755 1813
2272 2309
2764 2857
1402 2786
1556 2149
1509 2822
1873 1950
2256 2742
1200 1649
1919 2508
1159 2165
79 225
360 1073
1904 2142
79 799
346 1319
1870 2617
2578 2756
2215 2665
1142 1522
1097 2959
31 2824
1693 2371
1275 2481
2671 2715
1274 1649
1842 1863
385 392
1700 1964
1347 2817
2538 2584
1644 1849
1059 2495
2974 2984
683 862
390 525
1739 2887
957 2794
341 1700
1119 2442
1766 2714
2605 2657
17 2998
1428 2494
1464 2951
2335 2498
2217 2343
2746 2758
469 1185
53 1659
1452 2002
458 1400
197 1392
1064 2365
2140 2876
796 1390
1127 2132
1837 2546
1518 2913
1685 2642
1521 2601
1814 2474
1845 1937
1670 2025
8 1229
1515 2661
1191 2459
2931 2965
1223 2098
1588 2345
1498 2935
1127 2967
1151 1659
1352 2471
470 657
694 1204
996 1486
591 1904
1481 2646
204 2156
559 1428
2174 2397
2754 2872
856 2990
1583 1868
304 727
2855 2957
2796 2805
14 158
2517 2877
852 1069
367 1325
2525 2714
1715 2964
736 2236
1429 1547
1513 2867
2976 2982
1928 2033
2706 2841
2013 2596
2291 2689
2280 2881
1738 2897
2525 2752
1595 2653
1098 1336
2448 2529
463 2905
2039 2054
1389 1554
70 289
1759 2138
1903 2587
2541 2944
876 2674
1749 2873
560 2730
518 1071
1985 2616
2653 2959
1885 2562
1691 2963
2123 2819
2411 2904
1853 2810
136 778
378 1832
707 1681
1325 2918
809 2775
2075 2311
483 1671
1930 2592
815 1695
1413 2031
1430 1913
537 1290
1497 2644
1339 2033
2698 2890
2133 2363
2737 2867
2421 2741
1900 1914
939 2736
609 1486
1829 2977
1303 1752
2198 2254
1360 1819
1390 2596
2824 2911
1874 2011
2100 2537
1558 2090
2907 2972
2288 2766
1712 1889
45 65
1682 2798
313 539
566 1163
2028 2060
500 1143
563 2360
2059 2094
2162 2501
2141 2634
678 2366
874 1992
2094 2515
1902 2498
2243 2336
2869 2916
1236 2120
2724 2880
1151 2305
921 1899
427 459
636 1966
1467 2398
782 1540
301 1270
2947 2989
2269 2313
629 2831
2722 2776
351 481
289 789
1244 1772
1025 2235
600 2574
1165 2165
1072 1933
921 2916
197 1842
433 517
947 2378
2308 2709
2107 2923
2264 2527
281 2906
2025 2617
2598 2784
857 1528
1149 1560
350 1948
2523 2836
1380 2599
184 370
2622 2667
1367 2403
1876 2385
443 947
2995 2997
771 892
985 1687
1234 2047
1295 1612
1323 1553
2199 2869
2352 2843
1043 1285
275 1776
2907 2989
1318 1399
285 1070
810 1422
2474 2918
2590 2830
175 2864
1892 2977
677 1342
788 1986
2458 2559
1966 2550
2986 2998
2511 2935
1770 2480
2275 2537
2152 2363
1928 2202
2099 2432
2434 2636
101 239
1587 2225
1966 2485
2851 2955
2262 2372
406 2127
2554 2652
1232 1423
389 750
872 2210
2237 2605
2715 2843
2482 2729
302 1975
2270 2362
2019 2231
1735 1847
2425 2769
1854 2259
1608 2947
1164 2858
2713 2758
2809 2941
1941 2540
2361 2764
658 1972
210 1037
2558 2611
2907 2994
795 2466
2249 2426
1971 2192
795 2977
2430 2692
1646 2719
94 1560
241 1578
2369 2379
555 1706
2945 2994
981 1417
1151 2934
1936 2492
574 1485
220 662
720 1714
886 1420
505 1035
2304 2511
848 2465
1748 1862
2713 2844
2515 2540
2510 2698
1301 1615
970 2136
2414 2553
1319 1746
1824 2569
694 2582
1145 1656
471 640
2381 2392
679 1652
2054 2576
2191 2419
2061 2524
513 2534
8 1880
220 2506
1669 1774
86 2273
800 1940
850 1867
2937 2977
962 1574
2951 2979
2145 2257
449 1186
710 1455
1170 2438
926 2864
1905 2416
1881 1980
1511 2686
1856 1895
609 1288
973 2602
2756 2931
2018 2969
2036 2997
948 2528
361 989
2266 2380
414 930
2421 2426
1669 2423
1911 2315
1991 2173
2208 2935
1599 2727
1403 2411
2482 2874
1239 1933
954 2792
815 846
437 2382
1047 2749
2054 2451
858 2627
1671 2429
1832 2801
145 848
2896 2983
1140 1322
1363 1753
1452 2622
250 2511
2577 2615
1240 1428
19 1481
2480 2963
1275 1627
1808 2054
628 2071
2048 2234
505 1074
2169 2657
154 396
1628 2371
1903 2883
2123 2156
2194 2495
709 1022
476 1673
1246 2804
931 1688
591 2372
1729 2034
724 2072
2281 2410
1885 2519
832 2161
2585 2588
9 619
587 2497
220 323
287 2753
1184 2436
1963 2181
1438 2283
1966 2678
903 2912
1538 2486
2075 2770
193 467
2246 2374
674 2814
2038 2545
2018 2814
1854 2816
335 2566
1540 2870
2019 2349
254 1321
2324 2393
2349 2676
1131 2777
179 2868
1861 2575
276 1024
1789 1926
231 1158
1254 2675
2436 2926
1900 2524
1718 2233
2059 2496
2561 2656
2451 2652
1903 2886
920 2741
816 2185
289 1878
1592 2239
252 1774
2967 2996
2725 2813
2319 2413
926 1434
395 456
427 557
1698 2981
445 965
1145 2671
2233 2697
1150 2640
2684 2885
2987 2992
1240 1526
768 1615
970 2361
560 2900
891 2032
2461 2671
609 2538
2521 2867
1549 2509
2697 2802
317 981
2701 2773
335 1210
906 1999
1793 2033
2226 2291
678 1056
1228 1575
1388 2915
725 2566
1659 1762
981 1534
1657 2293
2078 2702
2657 2683
2584 2876
1320 1674
759 2709
1229 2458
1159 2641
2242 2992
2361 2618
2322 2764
1696 2334
499 1670
1149 2943
1989 2048
966 1065
1892 2074
1322 2827
1272 1853
616 1443
1230 2728
2421 2970
1751 2444
962 1795
2310 2795
1939 2197
265 1150
1469 2041
2689 2897
529 2369
2864 2866
1396 2837
730 1554
2346 2892
1011 1045
2132 2218
733 1566
1447 1814
1778 1803
2944 2994
2882 2887
1630 2616
1666 1766
1544 1590
2643 2899
2401 2941
2026 2404
2427 2451
99 823
291 1740
1403 1514
1674 2025
1108 2824
2217 2564
2284 2915
1487 2663
1496 2528
1340 2320
87 1549
2820 2991
2774 2876
2789 2994
2181 2774
562 2856
1587 2946
334 527
278 843
1503 2130
1256 2621
1170 1645
653 2003
1271 2126
2983 2998
2046 2821
2317 2853
2204 2850
1084 1705
680 695
2521 2710
1120 2751
247 2064
1477 1746
996 1585
823 2691
2189 2947
1138 1886
371 1508
212 2051
403 2352
785 1674
2412 2467
1196 2411
2119 2448
2604 2786
125 959
1736 2487
2047 2738
2830 2988
539 543
2429 2810
2722 2831
719 1999
2530 2706
199 875
1264 1911
1486 1577
2366 2727
1261 1407
1784 2840
2911 2993
1249 2439
878 2625
1991 2099
1547 2959
19 2948
2895 2961
1354 1788
1117 1170
168 1194
2348 2759
68 150
2682 2889
2278 2373
104 548
2965 2973
2712 2779
1801 2158
2236 2971
2165 2603
2117 2189
755 2652
186 370
901 1681
1306 1699
1962 2312
1791 2357
2550 2716
2351 2755
733 864
432 595
2006 2340
2800 2831
2972 2999
1288 1487
1592 2647
591 721
1771 2089
1110 2008
1766 2209
806 1373
1347 2273
1257 2578
2248 2482
1061 1153
667 2132
2917 2920
1295 1612
1388 1466
1623 2504
1158 2300
1166 1913
2026 2218
2146 2778
759 1010
528 2444
214 1862
2420 2512
2751 2796
198 823
1677 2224
2739 2819
2223 2841
398 2254
2248 2950
1693 1958
2940 2944
99 2741
2143 2325
2647 2653
2927 2960
2868 2981
1195 1728
1963 2610
1762 2520
946 1301
79 2009
759 1227
1929 2764
2172 2773
2819 2824
2507 2965
1742 2860
1451 2675
2210 2794
2350 2987
957 1014
1551 2446
1238 2430
1275 2180
692 2548
2429 2770
312 1298
184 398
2099 2734
1715 2872
2563 2817
2529 2834
2189 2759
176 921
1847 2480
1836 2976
407 1952
2160 2843
2441 2509
2392 2754
389 2802
1572 1924
2305 2647
1398 2250
185 978
1429 2282
291 1411
1442 2519
664 2604
389 882
629 2330
514 763
2157 2936
1026 1206
2628 2783
696 1200
1483 2279
617 2303
2031 2605
2196 2615
2274 2769
775 2215
171 1373
1390 1738
270 1837
147 1002
759 1426
1804 2294
2055 2089
203 929
926 1357
1337 2623
529 1590
41 1872
1945 1959
2768 2783
2680 2962
580 1724
2846 2929
978 1863
1547 2689
2032 2423
2247 2585
2596 2962
1127 2543
2924 2972
1529 2213
764 2613
671 1187
2476 2707
2576 2967
2026 2620
1734 2789
460 1679
2671 2828
859 2661
1908 2678
244 2002
18 1614
849 1539
622 1961
677 2209
2791 2825
1916 2590
828 2030
1510 2633
123 2618
2433 2946
2627 2918
2649 2735
1755 2316
792 1643
1678 1834
2914 2990
1809 2670
1176 1694
1627 2261
1174 2951
1632 1775
955 1536
1541 2546
344 453
2903 2923
1470 1931
1466 1684
808 2011
990 1636
1865 2994
2151 2659
1799 2689
1716 2256
1725 1736
1087 1548
2529 2564
1281 2000
1666 2544
1779 2456
330 2540
1529 2736
1445 2451
937 2629
2657 2713
608 1799
179 350
1664 2287
1621 2722
245 2286
2610 2733
94 2249
615 1469
2192 2413
1390 2910
2535 2618
1803 2575
2082 2248
378 463
2190 2943
743 2804
2571 2641
2423 2986
2985 2999
209 785
1426 2805
773 2016
453 1187
896 998
574 661
1199 2193
1393 1844
2638 2786
571 2716
2947 2984
2338 2503
1023 2182
208 2155
2472 2814
1577 2651
11 2791
1593 2811
1267 1814
1093 1556
890 1272
2248 2300
1744 2662
1168 2485
534 745
1549 2153
932 1510
589 1424
870 2826
1814 1957
22 2790
1877 1985
404 1753
1504 2510
1680 2042
1168 1736
1953 2024
1256 2183
1067 1431
2222 2977
314 1293
2437 2752
1574 2983
2720 2817
2185 2260
810 1387
393 2858
750 1648
2510 2816
1123 1443
1119 1931
866 2877
2834 2849
2071 2905
1218 2378
2445 2713
1371 2959
2717 2847
2724 2963
2467 2801
495 776
414 1494
1505 1784
1527 2856
2963 2992
182 2994
760 2018
2912 2914
1561 1780
2297 2900
987 2937
1459 2810
2140 2653
1971 2772
483 2117
2397 2981
586 1316
301 1380
181 428
2926 2941
184 2674
679 1561
1971 2221
640 2046
1367 2266
97 716
2154 2440
71 655
571 1139
2229 2294
1472 2469
983 1091
846 1150
75 748
1887 2530
1421 1940
300 2216
162 1943
2425 2708
2311 2346
968 2517
247 2654
994 2770
1386 2155
1759 2708
876 993
2037 2369
2017 2836
283 981
2005 2383
2666 2697
1057 1716
1315 1596
2379 2957
1772 2386
452 1632
872 1801
371 2600
1015 1383
2436 2581
2735 2853
1139 1985
1227 2711
2661 2863
811 1059
2719 2851
1950 2564
1580 2754
2624 2655
2851 2930
607 1481
1001 1818
1315 2033
1063 2594
2807 2847
1622 2359
2835 2869
725 2366
2124 2878
1258 1854
1367 1512
2154 2577
1255 1510
1299 1492
2198 2304
2959 2968
2126 2506
41 42
2955 2961
2631 2746
992 1498
2247 2500
1083 2197
594 2299
1099 2507
918 2846
1870 2250
1479 1784
346 1026
2679 2719
1991 2474
668 897
1517 1633
634 2458
53 956
2587 2696
1553 2702
2284 2347
1582 1922
1319 1763
127 2492
309 1198
2861 2880
1121 2985
2849 2986
1391 2173
1428 2291
1614 1695
2886 2974
2094 2135
2113 2985
1179 2485
1275 2972
2092 2356
788 1935
299 732
2748 2818
1638 2518
836 1574
621 1959
906 1171
1233 1829
2553 2706
2988 2989
780 1750
229 2862
2587 2717
2956 2967
2135 2236
2230 2460
2064 2387
1834 2055
94 911
1560 2530
1561 2678
2455 2686
129 1208
81 1433
1117 2075
1625 2549
2960 2984
1142 1245
2193 2712
245 678
1519 2582
1644 2859
548 1343
2347 2387
2252 2547
128 2419
2499 2583
968 2759
1315 2363
2994 2996
1315 1359
1031 1742
2339 2649
1458 1913
2415 2500
642 2716
1955 2532
2229 2430
16 1579
895 2906
1858 2530
1237 2377
2224 2515
1412 1898
183 1290
1638 2939
2759 2971
2344 2738
896 1862
1803 2129
929 1111
857 2535
964 1985
502 1961
493 2314
254 820
170 1084
2841 2961
366 686
536 2378
2137 2791
573 1328
1674 1811
2370 2980
1587 1628
2145 2665
1764 2137
1573 2964
2138 2776
2768 2965
712 1938
1578 2260
66 1833
941 2262
2694 2945
697 2210
1501 1573
3 1481
313 1139
828 1956
1262 1842
2533 2723
2541 2678
2502 2596
2908 2966
2118 2748
33 2289
781 2383
1117 2471
2616 2662
2594 2741
100 2163
1056 1582
1400 2308
1466 2093
1393 2677
2988 2992
1122 2213
2875 2917
2900 2940
1400 2107
2078 2265
212 788
2484 2504
2285 2627
1851 2544
1093 1703
1134 1959
2899 2916
2577 2665
909 1778
1814 2303
238 2188
593 2865
2272 2436
1131 1563
2684 2829
353 583
2773 2782
122 197
1983 2866
1682 2338
1583 2394
402 2850
2335 2983
1067 1795
928 2084
2670 2815
206 2343
296 923
1212 1877
114 1859
842 2860
2091 2503
1950 2267
2319 2425
191 711
1275 2454
2798 2841
704 1797
2363 2475
2379 2417
1652 2251
2642 2728
2269 2331
1502 2111
1988 2533
1960 2479
2415 2907
2250 2495
1504 2650
1437 1684
931 2423
2329 2358
1630 1777
2146 2509
2056 2455
2715 2746
1030 2288
2984 2997
2726 2793
1365 1775
318 1715
2513 2855
390 1757
1751 2033
1407 2905
1246 1432
523 1000
129 580
636 1689
2779 2898
2540 2575
2262 2944
904 2858
1950 2421
524 1782
2153 2882
708 1967
339 1396
2420 2692
2174 2994
2826 2916
1324 1668
183 756
1632 2832
2230 2540
2350 2356
2719 2947
1519 2017
2440 2484
1415 1524
2273 2469
1889 2907
306 1678
2196 2558
161 231
2533 2797
1410 2407
2464 2525
983 1792
2489 2988
2861 2969
1877 2527
2737 2761
1638 2580
1652 2066
874 2943
403 833
700 750
1214 2888
119 2035
1403 2314
2866 2871
1430 1845
2212 2586
447 769
111 1787
446 2859
338 452
2771 2895
2361 2619
2 1525
1506 2972
2434 2732
2713 2768
2435 2560
668 1754
328 1488
51 2817
2807 2898
713 1510
2345 2937
792 2823
1778 2520
39 2322
2263 2292
2266 2377
2227 2458
176 1732
850 1901
662 2433
2291 2583
1809 2258
2849 2934
723 2023
2575 2608
543 1862
1140 2595
2893 2941
2492 2791
1377 2125
2632 2704
884 2313
2263 2742
1646 1938
2640 2776
1468 2126
2743 2937
534 2168
1635 2952
2855 2970
2203 2236
986 2544
1916 2666
662 672
430 852
720 2446
568 1226
2698 2959
2661 2976
1017 1307
726 1001
1960 2822
1907 2097
1662 1747
1939 2481
856 1766
1088 1671
23 2322
1667 2328
87 804
2544 2681
1244 2127
653 2891
1171 2923
2817 2895
657 1142
2933 2970
2571 2838
473 2653
2548 2938
1830 2823
2186 2209
1049 2312
1894 2566
931 2120
118 2521
2655 2763
2464 2587
2728 2729
206 2181
2273 2857
795 1645
2397 2541
2882 2950
1027 1101
1250 1584
1368 2161
1080 2098
840 1734
1525 1727
782 1712
2218 2484
313 717
579 2852
427 2624
1076 2761
261 2127
1029 1126
1242 2059
8 2866
712 2121
2449 2766
2605 2845
1060 1510
2098 2847
2810 2986
2734 2888
2402 2877
1206 1962
504 1365
737 1826
1933 2085
23 1494
779 1780
2258 2804
539 2855
2931 2979
986 2003
2969 2988
1408 2577
1025 1213
1763 2871
17 385
474 2624
2561 2786
588 876
746 1226
2627 2991
811 2315
2089 2580
2001 2994
1900 2867
1390 1971
2574 2943
2179 2469
2015 2596
73 683
88 847
1315 2906
324 576
1649 1933
575 2377
1266 1364
1123 2893
2376 2757
660 2788
1602 2002
120 272
323 1327
1128 2025
2545 2585
35 1927
648 715
2049 2429
2182 2816
1282 1700
2554 2890
685 2743
1203 2043
1212 1305
2275 2726
230 2564
994 1403
2155 2973
1918 2536
1411 1853
1377 2457
1490 2248
1255 2253
1488 2760
2628 2940
666 1811
1070 2890
2515 2614
1386 1792
2404 2872
1814 2099
2753 2989
999 2782
2065 2231
355 960
1297 2486
340 2707
1543 1868
223 941
1402 2076
2369 2667
1970 2990
2994 2996
1912 2701
1143 2901
1115 2406
950 2699
506 585
833 1579
2453 2502
2609 2685
2215 2809
2211 2492
1140 2329
443 606
117 1894
703 898
810 1772
402 569
2089 2911
1763 1849
161 513
2690 2883
1413 2078
890 1912
1890 2201
591 1246
1485 2492
1870 2105
1752 2912
1121 2757
1873 2336
1021 1777
75 254
609 1536
1579 2421
125 2864
854 2663
16 234
2299 2410
1378 1557
614 2369
1754 2342
2985 2987
1965 2945
1783 2759
970 1223
2998 2999
2823 2824
1998 2086
1544 2208
2435 2939
1655 2672
1251 2287
2737 2826
2229 2421
1099 2352
2215 2737
330 2721
1568 2297
2256 2517
1491 2149
843 2906
2939 2990
2219 2263
706 1603
1380 1966
2683 2792
1157 2460
1005 1133
2296 2549
1906 1948
640 666
1874 2705
609 1716
2515 2803
770 1226
1436 1766
1089 2531
1576 2647
2209 2261
1822 2744
851 1606
2603 2619
2259 2890
1657 2189
2218 2837
2443 2733
142 1580
590 2405
1414 2937
605 736
1628 2390
1305 1519
931 2398
2547 2957
1041 2694
2712 2972
2558 2924
404 2196
18 894
247 889
1938 2341
491 2590
1911 2198
2531 2739
471 2358
2791 2915
834 1463
829 2350
1133 2232
2430 2580
2761 2902
1055 2331
1241 2136
867 2250
2134 2532
213 2367
1283 2073
2434 2575
743 807
1523 2174
697 904
206 1247
2308 2413
1082 2895
1821 2617
1360 2328
1132 1203
2197 2571
1033 2596
1813 2350
2202 2875
1047 2811
1172 2920
1105 1973
1388 1624
2513 2748
2096 2684
907 2504
1590 2594
1009 2260
614 2339
2070 2462
318 2128
2989 2993
2684 2972
2111 2755
1404 2811
1816 1995
553 1214
271 469
1856 1876
2594 2828
2429 2829
828 2287
1076 2206
1623 2733
895 1806
2087 2186
1210 2642
1390 1937
1062 1935
1653 2351
1104 2781
991 2218
1132 1238
352 1498
16 184
1020 1507
631 2041
1315 1853
2352 2525
2863 2967
675 1757
502 731
1400 2169
2705 2772
2320 2874
1006 1774
1467 2163
1588 1709
1903 2007
203 1216
322 445
1338 1783
7 1320
2149 2699
68 542
409 1731
613 1072
2162 2274
204 2861
593 2643
1642 2766
759 2675
1821 2905
2753 2927
617 2661
2978 2996
968 2660
1807 2004
33 2092
2168 2901
1752 2089
2574 2610
2467 2668
454 1451
616 2706
1839 2844
1651 2644
536 688
1483 2480
947 2722
2618 2636
356 2692
463 2531
214 972
2500 2856
2789 2922
1180 2832
1739 2897
574 2212
356 1558
900 2646
1911 1915
2953 2954
1985 2467
1040 1517
1998 2551
2771 2859
255 673
1344 1487
1972 2707
280 592
2433 2718
1249 1925
573 2997
1033 1997
2515 2575
253 1898
2987 2988
661 1519
2026 2751
2372 2804
1188 2315
1750 2627
790 848
2027 2443
2348 2865
2692 2780
2827 2967
1973 2031
2217 2949
1786 2308
1027 2077
87 2151
2483 2835
2730 2780
1623 2269
1855 2346
2064 2781
2699 2757
850 2585
795 1194
238 1265
231 2696
2800 2907
2425 2803
418 1867
2542 2622
504 648
542 2756
2191 2908
300 1523
1395 2288
730 1183
2849 2997
2411 2873
1485 1993
2066 2825
647 2219
2744 2840
1808 2596
1216 1498
1314 2876
2586 2671
590 2782
337 2748
1640 2935
129 671
2042 2229
1362 2751
156 2304
577 792
2353 2390
938 1701
733 1103
256 1717
1229 1865
641 1773
1471 1514
2742 2767
2746 2861
1689 2781
918 2529
1741 1985
1889 2476
2676 2698
2720 2840
563 2063
1825 2886
24 2597
538 807
1952 2372
2971 2985
360 2615
1428 1864
340 2921
2912 2970
586 2233
568 1023
2390 2686
1393 2141
759 2178
736 2914
832 2416
1582 2193
1121 2161
284 564
2526 2864
278 2847
1180 2899
2488 2687
1201 2445
1303 1476
981 1038
1536 1788
2010 2581
1333 2540
1066 1534
58 1675
1882 2940
2441 2659
1755 2885
509 944
2270 2674
2265 2506
2225 2532
877 2403
210 212
1069 1118
2769 2789
33 2860
2137 2794
2823 2993
660 2918
2146 2776
2121 2798
1675 1965
2978 2983
1620 2065
1220 2927
945 1237
1770 1869
290 1718
2464 2840
1394 2839
2541 2840
1305 2068
99 2026
2299 2872
1762 2621
459 2908
1119 2805
413 1978
1046 1596
713 2556
2491 2647
282 2142
2621 2941
2096 2425
2724 2747
1304 1914
1545 2260
2187 2739
1602 1998
2893 2902
909 1028
1864 2628
1222 2938
1824 2621
1917 2210
237 2449
377 1522
996 2299
584 1333
1928 2896
1589 2399
2193 2676
2862 2986
704 1999
305 2915
213 932
2988 2995
2790 2866
251 1152
2246 2743
2488 2608
2359 2912
349 2651
1560 1786
1036 2002
2494 2744
2257 2463
503 2134
787 1382
1872 2757
1928 2778
363 2590
176 2019
1970 2910
2289 2755
941 2366
1950 2801
1887 2022
2823 2867
799 1243
1466 2342
2785 2822
1586 1825
968 2625
987 1078
1706 2757
2495 2637
1662 2512
1888 2228
1343 2036
2837 2865
656 2441
1285 1449
2174 2668
405 973
2526 2668
2103 2786
2219 2392
2446 2658
1587 2118
732 1118
2561 2968
2969 2979
463 1405
918 1083
1126 2700
2329 2612
678 1684
1187 2590
2584 2931
171 180
2515 2760
87 1823
28 710
1520 2600
874 2744
330 1857
2824 2842
2443 2899
2648 2913
22 2895
623 1247
1747 2527
1683 2976
2265 2596
2083 2111
2441 2445
1501 2058
584 864
1442 1666
110 1054
839 1116
768 2745
2945 2993
1591 2750
539 1754
2543 2785
1329 2671
1305 2732
2230 2933
1096 1858
2244 2443
1593 1686
2648 2757
1593 1616
2413 2848
1959 2469
99 1428
857 2931
2096 2740
1377 2351
467 2277
495 2012
788 2892
87 1035
2329 2684
125 896
2811 2859
2063 2510
2071 2822
2979 2998
1697 2390
1518 1849
2867 2929
289 859
1743 2633
466 1886
758 1943
1233 1484
740 1549
2611 2967
794 2183
565 989
1393 2657
2400 2996
2804 2892
334 2364
1324 1606
1642 2924
77 2986
53 225
2420 2550
1598 2980
2385 2904
2744 2966
1728 2208
208 624
540 1838
2293 2698
707 2216
1370 1813
2963 2976
2219 2469
161 764
2454 2748
1507 2228
2341 2409
1850 2285
2094 2270
2172 2282
246 1112
2156 2243
1326 1433
1651 1706
449 1910
2815 2935
387 859
95 1036
84 768
2425 2936
2501 2661
1924 2177
954 1050
1252 2909
2324 2977
2812 2921
523 954
1786 2984
2785 2963
1117 2138
1459 1933
2773 2961
2708 2875
120 1382
1852 1921
1284 2362
203 2056
2925 2934
2478 2603
1434 1755
1741 2856
2001 2723
1593 1738
1984 2391
1399 2665
1764 2440
201 2646
2690 2819
2115 2431
48 1560
1050 2612
2697 2757
1611 1968
941 2146
1971 2546
2795 2858
2161 2563
544 929
250 930
1834 2247
105 1712
1279 2276
2728 2775
2063 2748
1770 2513
1001 1678
1020 1529
2065 2294
174 468
90 1840
981 1986
1521 1740
1171 1417
269 1635
1781 2188
1710 1715
1758 2592
298 412
710 870
381 2537
1559 2335
2719 2724
818 1777
1533 1687
1790 2017
1042 1511
2359 2893
2133 2759
1370 2652
363 2025
1435 2622
2287 2890
2571 2712
429 516
430 1776
2997 2999
627 2674
2237 2776
213 218
2829 2978
1324 1924
596 1850
709 1216
2653 2942
1155 1256
1079 2011
623 738
730 2357
1072 2428
353 1075
1357 2366
1997 2350
522 1531
2319 2580
1066 1874
1758 2513
2258 2385
1118 2736
605 2855
843 1889
2202 2493
2856 2908
23 1114
2033 2556
2427 2676
709 2688
563 1940
1039 2706
404 553
1359 2401
1677 2239
1502 2043
1076 2654
2416 2962
35 2079
2621 2623
1490 2884
2971 2972
2980 2994
1391 2276
998 2030
1488 2855
2851 2933
1045 1415
995 1110
755 2410
1225 1846
1874 2866
1522 2143
2182 2743
1180 1434
1842 2253
1307 2931
446 747
1816 1935
1872 2496
258 2311
922 1871
1884 2350
1162 1872
171 1966
165 1269
1887 2175
2667 2912
1725 1837
300 692
1415 1701
2549 2934
369 2231
1060 1075
1006 1104
110 2343
2799 2858
1456 2782
435 472
2562 2959
724 786
2536 2760
57 1688
942 1952
2615 2802
1869 2921
2650 2985
1434 2458
2923 2954
2342 2429
541 1282
452 616
853 2406
2650 2834
2504 2653
2665 2954
330 2741
2300 2884
92 653
276 674
363 1591
2664 2744
1320 1809
1631 2500
823 1199
1806 2893
1172 2453
1409 2082
1599 2513
2008 2764
427 1690
1621 2135
560 719
2612 2865
2592 2720
2816 2884
1826 2884
1588 2308
141 219
2577 2832
575 1018
1867 2687
1118 2350
1989 2594
286 2144
2462 2571
2827 2968
929 2539
2791 2793
2062 2960
643 808
420 1081
2147 2673
1139 2608
519 2023
2782 2820
663 2512
1162 2156
1367 1782
42 310
136 2788
2489 2541
2288 2535
2324 2801
889 1747
2272 2513
1144 1612
894 1253
2516 2545
162 1816
1726 2327
1368 1624
546 2178
119 1425
2446 2507
2350 2369
1916 2354
2321 2548
2292 2821
2224 2991
1075 1190
2977 2986
1402 2892
607 2886
2077 2306
2028 2379
439 1736
2237 2719
2784 2923
204 2847
1640 1887
1882 2748
874 1959
1783 1836
2740 2804
1445 2788
1270 1442
1696 2474
669 854
2486 2598
426 2418
547 2402
2187 2298
2873 2966
1431 2737
2862 2962
107 1835
201 2852
2612 2986
1360 1936
169 774
2328 2973
1061 2790
2746 2797
2926 2968
534 920
2548 2633
2711 2751
596 1299
1627 2869
2104 2897
415 1063
1870 1908
475 622
50 2280
479 2963
109 2973
1003 2633
713 1752
1285 1518
1066 2588
2854 2967
910 1668
909 1460
255 2235
1190 1468
45 2600
65 907
1283 2812
1937 2856
1038 1263
293 763
10 2361
54 2772
2944 2953
253 1716
1585 2249
2794 2914
2845 2863
820 2555
2234 2441
1003 2845
149 2538
888 1797
1365 2424
933 2886
777 2032
2823 2865
2303 2748
1756 2503
2893 2942
211 256
1542 2614
1870 2926
2104 2398
911 1849
2367 2454
2130 2583
543 2717
57 879
1325 2981
2418 2466
1877 2386
2615 2959
1456 2218
2427 2878
1416 2545
648 1096
33 434
941 2227
410 2967
207 1121
2330 2671
1493 1924
2285 2566
1329 1591
818 962
1625 2052
235 1680
1737 1860
1163 2433
2488 2828
2720 2734
1180 2177
483 1616
2472 2658
596 649
2643 2937
2202 2716
1142 2366
1469 1954
501 704
812 2886
606 2301
2263 2537
160 2361
1251 2750
1365 1467
191 1837
508 1446
760 1451
1181 2553
905 2490
2988 2995
1953 2724
2605 2783
1445 1734
114 2634
2764 2872
1362 1841
2354 2686
908 1912
1432 2486
1653 1837
1402 2594
2121 2775
243 2640
2479 2739
2011 2903
2344 2672
716 1221
852 2781
1879 2496
1129 2581
2688 2839
7 1107
2430 2446
2155 2858
479 498
1997 2302
2326 2938
2339 2770
2846 2857
2734 2897
2768 2981
2221 2461
2830 2965
2743 2922
2357 2515
2428 2848
250 1291
2507 2568
1139 2138
672 2515
1965 2869
1368 2086
2443 2975
1376 1974
1871 2452
2470 2881
1829 2743
2043 2191
678 2863
1836 2630
2534 2820
2134 2256
1038 2816
2891 2912
1146 2443
1066 1297
435 990
1053 1319
1185 2547
1885 2836
226 2097
672 2457
2989 2997
943 2153
283 2221
2081 2598
2699 2768
336 2837
862 1690
171 2583
1067 2185
386 2197
1988 2500
1341 1442
1428 2666
107 747
1338 1708
597 680
261 1531
1706 1713
1423 2546
887 2053
2161 2356
2342 2679
2224 2905
2590 2967
359 1354
1650 2461
436 2969
2330 2365
1608 1726
2630 2686
1585 2588
980 2652
96 1899
2282 2735
795 1751
1362 1980
191 215
628 1853
825 2603
316 2921
2559 2566
1026 1950
2874 2890
2446 2529
1302 1333
1481 2289
2685 2779
34 1465
1486 1895
1026 2044
1961 2244
1920 2170
1651 2565
596 2488
2948 2961
1285 1635
1062 1518
945 2714
548 1757
653 2440
588 2051
1816 2166
2481 2745
2835 2878
2068 2760
214 2774
799 2329
64 1943
317 1875
1028 2400
1316 2731
2519 2959
95 2669
1992 2137
1550 2095
220 2387
866 1834
1514 2548
2677 2948
1654 2211
676 1300
2713 2765
2150 2604
2672 2967
746 1921
357 2954
1102 1413
1873 2602
2799 2887
2322 2726
250 1934
1622 2440
306 1359
1524 2113
963 1372
2524 2739
614 1915
92 784
397 1842
337 1442
270 388
478 933
563 2061
92 2922
1958 2851
698 2462
409 1980
2139 2578
2773 2932
2392 2682
959 2985
334 1202
804 2488
2281 2453
2813 2887
1752 2303
2666 2678
2526 2932
2970 2977
903 2673
381 1706
619 2811
310 1452
865 2778
2087 2569
1116 1393
1825 2962
1431 1616
86 298
1696 2070
1423 1787
1312 1934
111 1468
2343 2499
1158 1867
1826 2526
2221 2875
93 2337
2865 2914
2703 2854
2889 2926
745 1055
1843 2871
337 1356
1383 1556
2478 2592
481 2086
2903 2919
85 2285
2326 2977
228 2635
2728 2979
108 759
477 2481
1875 2470
1640 2209
2722 2854
1031 1118
2227 2352
529 1062
1606 2244
907 1277
2741 2980
2185 2705
2994 2996
2834 2923
1300 1760
2544 2846
2201 2584
1828 2430
1412 2016
1136 2639
850 2888
112 2877
1759 2361
484 1858
272 1853
937 2447
1220 2528
1922 2025
2891 2987
2260 2521
2425 2540
1726 2574
1488 2050
613 2088
1062 1499
1798 2972
427 2778
2514 2820
669 762
223 1333
706 2199
1464 1470
880 2178
1236 1272
1471 1895
2362 2415
2107 2248
145 2912
1293 2577
2204 2575
1453 1719
1746 1779
1848 2340
2638 2983
1753 2686
534 2612
414 2829
742 1982
2522 2913
1629 2458
1889 2560
1712 2390
1560 2089
305 2867
1885 1947
167 1138
1760 1977
679 2350
2300 2718
696 815
1033 2025
418 2779
1874 2688
1643 2351
322 468
2771 2901
2571 2732
1670 2791
575 864
854 2589
441 830
2906 2912
795 2010
2498 2704
2347 2618
2267 2698
2645 2735
1353 2645
2647 2657
1513 2292
1131 2624
70 435
2554 2932
1766 1975
2416 2919
2698 2967
1385 2981
965 2041
1222 1352
1923 2137
2004 2077
2322 2343
562 2652
2930 2940
767 1970
869 2836
2577 2608
712 1019
392 2140
760 963
314 1438
2414 2972
1531 2814
98 997
1911 2003
938 1086
2142 2405
1711 1996
1254 1339
2725 2735
871 933
1401 2358
645 1036
2921 2938
2876 2948
2949 2965
420 2073
2546 2902
1866 2823
1439 2870
2438 2552
1945 2006
2221 2235
408 775
2901 2923
1268 2858
2190 2891
1825 2330
2327 2599
1399 2165
1182 2578
2742 2971
223 2497
203 2455
1863 2336
1582 2360
425 2325
2477 2806
2505 2808
504 2050
120 695
951 2170
136 2193
2310 2935
1773 2803
548 1486
2687 2710
187 2207
846 1034
256 1430
1578 1990
1038 1069
2304 2804
1316 2144
471 783
1818 1949
507 2067
1902 2625
164 2603
777 1338
1781 2840
2033 2034
641 2952
2474 2781
520 1847
2981 2986
409 550
1325 2849
1663 2770
1891 1950
1966 2824
1257 2227
1582 2222
1653 2545
672 1873
2897 2990
2652 2797
977 1010
2077 2144
265 2870
948 2970
12 800
222 829
1428 1564
2703 2949
1801 2614
1289 2196
1499 1509
2251 2956
2902 2949
1043 2162
2113 2967
818 1145
1484 1941
8 2327
2410 2936
2977 2994
18 450
2992 2998
2616 2707
572 1035
1892 2279
19 1381
1574 1976
1227 2704
1093 1933
2696 2790
2077 2817
676 2016
955 1560
1722 2967
500 2769
1026 2716
1851 2450
2952 2953
1906 2299
2100 2314
2752 2990
1184 2599
2343 2404
1269 1320
2783 2914
1017 1648
2241 2904
1065 1880
2299 2710
1357 1991
808 2178
242 1846
411 1329
2402 2655
2882 2911
837 2287
1909 2172
1051 1609
2873 2967
1671 1839
2839 2924
2434 2842
2310 2864
2237 2507
928 2987
867 1029
628 1322
1558 1857
2536 2857
2312 2896
1458 1771
1490 2909
2857 2981
2957 2973
2274 2357
418 2247
137 773
2373 2920
1980 2693
320 2620
1797 2505
973 1283
2870 2982
68 95
2350 2537
1580 1905
2699 2800
800 2505
804 932
483 494
1014 1119
1297 2458
1218 1918
358 2404
2393 2883
2271 2319
1804 2533
660 2862
1619 2685
554 2384
2196 2596
665 1238
1453 2744
697 2547
1240 2684
2806 2921
1689 2052
2405 2909
333 979
2131 2856
745 1659
56 450
2653 2746
77 1039
1664 2977
498 584
303 2884
1012 2701
2604 2806
1010 2096
226 2099
1118 1300
1986 2550
1611 2488
2268 2668
1068 2140
316 897
1720 2644
2795 2989
845 964
2994 2995
110 781
1767 2010
704 1442
2137 2163
43 1171
2645 2986
1213 2517
822 2274
2685 2790
156 289
175 1857
2513 2931
1136 1300
2272 2492
2912 2922
1260 2030
2099 2831
1836 2300
489 2270
117 443
2991 2999
1324 1836
2285 2722
954 958
1115 1630
2912 2948
958 2697
624 2577
1636 2023
1186 2296
528 942
1209 2852
1197 1397
215 593
2595 2817
2753 2816
1362 2863
539 648
1191 2415
1192 2218
1863 2871
2653 2830
2020 2090
151 2503
172 964
808 1812
48 1393
1080 1616
2418 2691
2243 2653
2359 2871
254 411
90 688
391 1692
1620 2928
94 2508
2243 2628
2904 2954
2666 2981
2709 2997
82 2876
21 1885
10 1898
1545 1843
360 1779
1825 2326
917 1547
603 2300
663 2514
717 1464
2889 2980
1253 1926
1170 2692
1334 1581
2952 2957
663 963
2378 2901
2963 2966
2887 2891
1895 2787
1800 2119
2647 2799
1715 1878
560 2294
2374 2865
573 1320
490 2033
498 1467
517 2815
293 583
2743 2758
24 281
373 1953
2306 2946
1550 1565
207 2622
1209 2101
2286 2667
1089 1871
1457 1937
2432 2864
123 2181
551 1655
1264 1439
719 986
1447 2430
1077 2467
1805 2069
2079 2835
293 2124
2542 2652
1319 2389
409 2295
907 969
2074 2519
1622 2166
58 1079
1942 2087
629 1425
2864 2907
2619 2694
2935 2992
529 1728
511 2432
1552 2443
1130 2905
494 2729
500 2255
2561 2618
1979 2605
1735 2530
1901 2356
299 2112
1026 2489
1120 2801
2801 2816
1843 2157
328 2623
2456 2547
1910 2737
1991 2418
1717 2723
1779 2665
1084 1560
2759 2816
2018 2538
2993 2999
234 1357
403 567
1635 2731
572 1960
1115 1517
559 2782
2535 2953
394 487
2683 2773
636 1546
2573 2948
2314 2884
2211 2328
1782 2777
2773 2922
1266 1662
604 1663
335 428
2700 2725
1056 2973
2057 2982
2347 2703
2674 2858
312 2848
2206 2759
580 2907
2115 2382
2168 2362
827 1514
2746 2992
1296 2907
1180 2764
2916 2943
2279 2539
1499 2306
428 1777
233 2134
453 1427
2872 2914
2615 2725
197 669
2791 2963
835 2897
1738 2918
217 1523
1782 2188
2888 2945
375 562
376 1230
2577 2726
1886 2153
225 2288
1780 2106
991 2617
2605 2862
2432 2959
2078 2693
206 1890
2551 2906
1320 1382
652 2408
1883 2936
779 2132
1246 1841
1514 2255
2217 2816
85 2347
2594 2631
19 2510
1833 2996
261 1629
2193 2320
2921 2937
2162 2757
2848 2931
228 1727
2577 2902
2361 2746
975 1795
1338 1675
1436 2364
1617 2417
2891 2943
1002 2129
1140 2666
1310 2034
227 2669
98 1887
2671 2910
485 648
2436 2598
1894 2949
2622 2661
757 2734
553 2873
2255 2421
425 2793
1534 2029
1578 2629
1969 2520
929 2626
2006 2764
2359 2694
2435 2890
2949 2968
1049 1229
1702 1984
520 1478
2574 2584
1636 1729
2121 2350
2370 2996
1761 2279
2403 2506
1779 1862
1591 1622
391 2145
1526 1810
829 2090
637 760
5 274
855 1468
44 2752
2402 2988
901 1590
562 1066
1444 2072
2042 2713
2910 2988
1242 1308
2225 2295
1658 1804
2407 2769
2779 2841
1341 1597
916 1321
2521 2814
2298 2497
2966 2993
1402 1484
1089 2163
1953 2141
2651 2790
1634 2240
1065 1675
2831 2969
748 1302
1126 1575
1017 2060
2661 2919
1883 2132
1054 1784
1008 1926
2081 2744
2240 2545
1937 2612
2956 2960
1405 2806
199 2080
472 1915
1045 2510
181 2181
119 1282
190 1212
2290 2436
1115 1720
1275 2257
2639 2782
2321 2568
1484 2330
682 689
399 1129
70 1088
1888 2600
837 1982
1457 1476
1571 1634
125 705
2600 2955
1990 2078
539 881
156 649
1669 1996
2591 2987
1206 1928
685 907
1857 2776
824 2918
2988 2991
1271 1436
2460 2466
2479 2636
1450 1626
1066 2034
906 1036
1219 2422
2851 2907
2281 2878
2862 2869
1706 2264
2402 2910
2447 2884
1121 1582
967 1376
1767 2460
445 951
2270 2795
1197 1465
2142 2463
2988 2996
2851 2950
1203 1295
804 1109
126 650
2123 2662
1927 2406
1612 1722
297 2758
285 2953
215 1256
1847 2710
2470 2853
2094 2597
2898 2981
1957 2595
1760 2558
1865 2561
2461 2772
2927 2940
218 1757
399 2744
52 2019
1622 1975
2615 2652
60 2591
1900 2584
60 433
623 2119
1870 2393
1028 1972
2478 2483
2848 2982
1756 2733
1314 2830
646 2537
1552 1771
2473 2491
1882 2287
1840 2334
1380 1612
695 1183
1023 1257
2315 2916
1171 1760
1447 2942
213 1121
201 2987
2613 2848
2330 2744
1967 2912
532 653
1407 1525
2932 2939
680 2310
2858 2861
1679 2100
965 2726
1951 2897
2830 2910
338 2079
1674 2452
2524 2974
1102 2578
2725 2804
1135 1872
1358 1453
2037 2152
545 1918
1651 1942
1333 2111
2426 2921
2723 2772
2348 2898
1374 2482
1603 2293
1997 2447
1390 2649
1531 1554
714 2889
2874 2954
2329 2669
1622 2462
1260 2394
2664 2926
2083 2093
2835 2897
14 2612
1493 2692
1270 2619
386 1352
148 2835
1554 2084
1844 2409
1301 2467
417 1251
2180 2338
1403 2167
1748 2175
1461 2831
1665 2941
933 1077
1627 2905
941 2482
2735 2848
682 1561
1112 1786
2480 2896
700 897
1862 2179
2908 2975
1658 2549
745 2242
2729 2866
571 2037
2482 2782
11 1327
493 2246
1664 1711
2516 2657
1463 2076
1562 2338
2883 2889
361 1469
780 2953
462 2526
1740 2724
2544 2937
52 2010
2253 2818
1235 2390
1203 1414
1196 1325
1209 2712
786 2019
1173 1867
509 2937
895 1725
533 1957
1493 1938
1327 2404
2628 2902
2890 2950
1919 2081
1791 2438
878 1041
2570 2835
1747 2243
1605 2574
208 1573
523 1140
2611 2827
1442 1672
1711 2787
1520 2826
1277 1808
771 2567
825 903
1063 2161
1961 2223
2538 2837
2688 2870
939 1023
301 657
2749 2794
2617 2849
2491 2906
1092 1662
2255 2998
2611 2619
2755 2896
1806 2296
2320 2540
2105 2858
1698 1862
1557 1719
1853 2906
2742 2906
417 883
1972 1980
187 1216
1134 2910
2507 2954
2434 2829
554 1459
633 1452
818 2086
2689 2906
1449 2713
1805 2560
194 1155
1047 1957
2799 2808
2980 2995
1311 2395
261 1446
2675 2846
1819 2642
2578 2822
2890 2925
947 2621
1462 2676
2161 2239
989 1706
406 1131
1553 2657
2337 2929
1179 2824
2748 2786
982 2714
867 1377
564 2640
1869 2581
992 2678
899 1998
1869 2609
1798 2274
2270 2758
2433 2945
691 1688
473 2800
1719 2128
1979 2108
1859 2073
2321 2548
2994 2998
166 988
2007 2040
1819 2508
2777 2817
2297 2624
94 1045
2461 2805
752 2654
2627 2892
1721 2757
1543 1585
2611 2659
1211 2982
682 2498
1176 2877
2516 2699
1353 2633
179 197
2009 2985
1480 1751
2400 2665
2482 2926
2733 2986
2504 2698
2073 2091
2779 2951
2577 2944
2401 2770
2338 2712
2833 2859
1654 2606
296 1182
2923 2951
1745 1785
2922 2940
2026 2877
2526 2994
1312 1980
1368 1884
1040 2326
2110 2298
432 1714
2957 2973
2922 2973
1235 1613
2483 2737
561 1355
1027 1873
1188 2566
2983 2988
711 2442
2664 2697
880 1954
956 2281
2654 2806
2848 2913
2463 2801
1170 2911
2573 2824
218 831
2623 2973
1267 1949
791 2913
893 1157
1793 2301
2903 2924
1388 2302
2452 2706
2040 2481
1064 1572
1925 1942
1949 1950
2728 2873
2720 2789
667 1191
96 951
2021 2657
400 2336
2964 2983
2807 2877
998 2359
852 2496
987 2904
140 2083
1462 1658
2872 2897
126 1022
1643 1666
407 2880
2040 2392
1121 1767
0 443
2908 2909
733 2329
1038 1762
1064 1730
1010 1355
1718 2934
2818 2827
2849 2950
1566 2382
2248 2899
1589 2383
1604 2641
2637 2883
421 1022
1936 2600
611 998
2699 2719
1310 1687
1211 1375
981 1513
639 2730
1332 2797
260 2289
1276 2885
1120 2457
1579 1951
1454 2796
2177 2907
1042 2117
989 2510
1866 2622
2619 2799
2358 2570
1566 2550
249 1381
670 2180
2444 2712
32 1785
2212 2290
1845 1876
779 1204
2820 2881
1291 2460
2295 2797
117 1556
1172 2058
1094 1966
221 1696
1538 2016
1607 1895
798 947
71 110
2056 2171
1132 1704
522 643
952 2222
2490 2943
1399 2280
2789 2890
2175 2597
182 2658
280 2944
647 1155
1787 1908
1512 1710
1846 2587
2417 2491
1267 2949
2561 2752
2013 2930
645 2285
1167 1556
209 2683
690 2944
1802 2949
495 2336
9 1588
2478 2753
557 2055
131 171
1334 1520
2431 2979
2595 2610
2209 2440
1207 1837
517 857
2838 2840
2942 2955
2604 2980
1214 2624
2022 2112
2770 2811
291 509
2300 2675
2339 2436
2060 2108
80 1516
2458 2754
1767 2520
2281 2819
1167 1744
1252 1333
2889 2939
570 1854
805 1303
977 1756
2445 2564
1511 2251
2375 2713
277 2181
2071 2350
2407 2518
2602 2616
692 2874
2039 2315
1711 2074
1628 1736
1647 2648
363 667
368 2315
272 1737
534 1927
1034 1392
134 2069
1821 2076
2378 2875
2784 2912
1059 1883
516 1139
1645 1742
1766 2965
2540 2742
511 2633
1474 2854
2819 2911
675 1536
280 2249
1189 2991
1740 2677
514 2804
803 1558
2434 2709
2888 2995
18 1555
1686 1762
445 1350
977 2433
429 619
1649 1676
1551 2966
1985 2909
2651 2902
1532 2469
1070 1354
18 2128
452 1321
1621 2797
2378 2410
915 1717
1052 1700
1526 2544
924 1381
1795 2988
739 1677
1606 1878
1058 2531
311 330
892 2897
809 1922
2334 2404
2974 2978
187 2463
2342 2428
1737 1756
1572 2574
1798 2045
2369 2846
1344 2285
3 2063
1033 2683
1954 2056
2462 2786
2631 2975
975 2927
2177 2292
2100 2597
1874 2730
1266 1922
2266 2363
2668 2894
2969 2990
2742 2800
2501 2954
927 1711
2873 2884
404 2404
1186 2807
1765 1805
2929 2976
980 1782
2806 2990
529 2307
2420 2770
1174 1241
92 2679
1388 1742
2742 2796
2360 2575
705 1483
1872 2616
2156 2913
1376 1717
1801 2005
81 150
2197 2467
2082 2633
1776 2089
325 1765
962 1902
882 944
2759 2803
2855 2961
764 2539
2283 2304
1309 1806
460 2042
2468 2675
1351 1685
1742 2625
102 1301
2119 2362
2822 2869
626 2869
254 2022
478 1864
2597 2694
431 2754
2996 2997
1037 1593
1916 2245
2622 2877
2794 2850
980 1101
196 2148
582 2629
2901 2995
1992 2499
172 2869
2907 2974
228 253
1202 2384
1136 2176
2287 2999
179 1978
1186 2533
2209 2328
2151 2770
2199 2474
2369 2549
2512 2695
765 2731
2478 2635
1894 2973
2559 2913
2901 2955
2963 2985
1030 2819
1073 2714
2458 2481
367 1532
2556 2600
1466 2628
1478 2737
537 2729
2211 2665
480 1926
1322 1508
2913 2977
1385 2876
842 1286
2476 2775
2366 2942
550 1108
2230 2480
776 2888
108 1283
1902 2092
1158 1880
1364 2893
2752 2972
1349 1900
1962 2462
2492 2876
2433 2606
593 2034
1793 2508
829 2601
1052 1094
1161 2868
1084 1860
2938 2952
1338 1901
1545 2415
2912 2918
2513 2516
489 2228
1984 2451
1029 2679
2820 2962
2639 2666
251 705
1121 2921
2944 2952
1304 1646
953 1519
2933 2975
509 2139
1873 1928
2417 2437
1806 2735
1700 2429
66 1317
470 2830
603 1678
2872 2914
2219 2970
1140 1654
145 1460
502 2084
1178 1546
1659 2169
2854 2911
1456 2553
1861 2407
129 2327
1247 1824
2977 2998
99 1849
2096 2522
2387 2416
2716 2791
2545 2736
758 1418
564 1882
2357 2416
2608 2999
964 2267
2698 2843
1536 2016
2211 2546
2501 2789
1453 2903
1982 2016
2344 2409
1312 2554
480 1944
2163 2881
743 1633
1382 1596
1750 2013
1475 2576
1947 2131
155 2298
2438 2976
646 1583
556 848
414 2032
2236 2328
2447 2794
896 1879
1063 1700
1841 1943
343 1216
2800 2856
2525 2945
562 1929
1294 2913
1075 1768
133 1581
147 2462
1153 1205
1037 2039
1248 1955
379 2367
1106 2859
320 648
143 320
744 1295
611 943
146 2392
2198 2329
2673 2823
1252 1932
1380 1976
2910 2916
2306 2395
2777 2868
1922 2279
228 2859
1749 2842
2656 2971
2291 2660
2956 2977
203 923
2365 2466
2255 2923
990 2141
2580 2820
2749 2928
1156 2595
614 1826
762 1941
2162 2214
42 1809
1923 1973
143 2307
2689 2819
164 1363
284 2150
2402 2594
2908 2933
175 2782
832 1079
1684 2388
2984 2988
1163 1310
395 2443
2003 2960
2272 2608
1336 1712
2791 2821
872 1312
1109 2298
1178 1626
749 1543
2380 2871
2495 2678
203 2500
129 1298
2333 2896
1941 2197
319 786
848 1974
1657 1898
2067 2814
658 1609
1175 1698
1228 1591
1506 2312
1760 2813
2851 2974
1709 2220
156 2275
55 245
1583 1903
1818 2337
2819 2921
2974 2977
62 2656
170 1917
712 1212
684 1495
1321 2362
671 2910
1616 2285
733 2711
2291 2335
1446 1900
2552 2915
1780 1828
967 2101
1732 2423
2477 2706
51 1084
1022 2959
127 1251
1768 2089
2654 2924
1165 1307
2627 2908
992 2042
2476 2875
2842 2906
917 2545
467 781
2710 2728
1853 2754
154 405
172 496
1168 2164
1505 2094
1053 2521
2359 2506
1501 1805
1120 1550
156 1420
1486 2162
580 2606
1661 2510
212 2667
2039 2995
1309 1641
1879 2402
1768 1814
2307 2845
792 2052
1899 2730
1556 2525
1177 2421
1670 2444
2205 2999
1634 2293
103 2973
1575 2511
11 1819
2945 2957
1497 2361
778 1733
685 748
1371 2295
65 1984
519 2444
92 207
2812 2997
1311 2539
1752 2053
327 2465
1329 2944
2491 2828
1742 2517
2990 2996
2577 2837
346 1747
2265 2994
1235 2818
326 441
1744 1904
508 1132
2133 2689
1828 1829
204 2360
2813 2918
2892 2960
1130 1935
970 2904
2702 2794
2244 2552
1997 2886
2620 2774
2692 2816
2387 2494
2387 2461
1982 2287
344 1123
1542 1693
2321 2828
1013 1080
108 2494
13 2956
1156 2061
192 2087
662 1408
1675 1999
392 2274
1321 2842
2758 2808
2416 2592
493 2446
559 2895
336 910
527 671
1667 2369
2085 2349
1050 2345
2170 2934
2102 2711
900 1249
2868 2993
867 1918
1373 2239
1037 2880
1555 1954
1075 2040
2913 2994
1778 2491
2817 2851
2854 2996
1039 1677
561 1883
870 1422
1634 1772
1322 2729
1337 2045
2291 2879
2636 2995
1237 2517
54 2255
508 2348
177 1657
1943 2447
437 1690
1018 2235
204 590
613 740
2797 2993
804 1749
2038 2927
1071 1272
1738 2252
1796 2323
2732 2909
1932 2062
2651 2954
2499 2782
2716 2807
1664 2588
667 2988
2229 2937
2164 2425
816 2488
1356 1539
254 2984
2568 2710
632 1807
764 1958
403 2952
1950 2926
1139 1848
2440 2683
1032 2662
228 2744
677 1007
2494 2727
829 2543
2721 2757
219 2516
2528 2697
2345 2766
181 2811
1030 2271
590 2969
2043 2705
385 2032
634 1711
189 2555
1424 2624
1964 2372
913 2593
1567 2508
594 1501
2388 2892
762 1702
1123 2845
2448 2696
2131 2742
2199 2269
2650 2877
106 140
827 1432
2921 2989
2111 2887
1626 2664
2603 2851
2259 2635
1592 1835
157 1679
1107 1644
1464 2058
1948 2935
2531 2718
2538 2705
2025 2152
2181 2278
2062 2339
1573 2124
2992 2994
2075 2113
2926 2943
1630 2381
986 1056
947 1330
2044 2817
512 2797
1199 2126
1845 2706
2471 2688
1829 2202
701 1589
2558 2876
1585 2248
2238 2952
925 2176
423 1344
838 2468
673 733
987 1374
1428 1670
285 2392
1393 2871
2372 2409
1686 2337
2199 2280
80 1161
1805 1913
1437 1727
1042 1462
275 888
2760 2801
2833 2985
2033 2867
659 1643
964 1484
1025 2027
2731 2758
660 1910
98 2263
1646 2354
2661 2926
2377 2746
1563 2395
973 1927
2905 2931
1762 1918
644 770
1389 2354
1302 1545
930 1472
2562 2609
2844 2856
257 2494
1938 2337
136 1061
2446 2447
904 1145
2365 2814
111 691
1842 2275
1393 2744
213 2563
1673 2666
1679 2014
1711 2095
314 624
887 1963
759 778
1504 2905
1667 1904
888 893
2293 2642
247 2186
2234 2902
2650 2687
1631 1860
461 1495
487 2653
1724 2643
2957 2962
2927 2990
1868 2519
1112 1735
928 2926
378 2475
1254 2311
1171 2588
640 1860
879 1764
2756 2996
189 651
163 519
1161 2153
874 2161
1557 1711
1202 1319
1022 1183
728 1680
1174 1418
2044 2072
1803 2850
2871 2891
754 2000
2793 2915
2975 2978
2768 2800
1877 2207
202 2150
2070 2954
1856 2073
2181 2236
937 1640
1876 1888
483 2266
2714 2793
2882 2951
2503 2739
1750 1817
527 2364
495 531
71 154
1691 1830
651 2520
92 1151
2513 2810
2171 2399
506 2608
2822 2917
2348 2522
1515 1821
2250 2923
1564 2049
2630 2713
1964 2804
1440 2006
1328 2453
834 2882
2503 2904
2467 2604
1476 2532
2566 2858
2719 2934
1964 2987
1710 2516
1756 2911
1144 1321
2002 2497
275 1352
1972 2842
1277 1592
1362 2229
2399 2500
2090 2851
604 1835
2986 2994
1255 1804
292 2311
2033 2778
416 2840
330 2401
2979 2990
890 1698
974 1838
2985 2992
1733 1905
1638 2139
554 2798
2128 2452
103 947
997 1947
854 1047
759 1428
2888 2948
892 2571
2886 2947
1298 1810
2735 2925
2816 2860
536 1021
1050 1953
750 2040
2870 2887
786 1339
878 1827
1958 2434
1634 2940
2994 2998
7 151
1218 2803
210 2905
2730 2915
618 1235
2332 2678
1856 2916
1830 2187
1093 1569
709 1839
2301 2752
1077 2389
2416 2985
1927 2972
376 2298
1365 2893
628 1032
2820 2968
1634 1893
196 2285
1926 1979
2021 2701
214 2158
119 916
60 442
1078 2186
1150 2027
2055 2338
785 2185
1211 1575
2829 2895
1720 2411
2855 2927
874 2776
1429 2239
2696 2770
1799 2443
827 2234
1037 2145
503 2845
846 2871
2190 2379
1864 2941
961 1010
1851 2206
1241 1773
1931 2342
694 1172
1331 2425
1649 2658
1205 2110
499 2722
1385 1671
980 1582
2308 2320
2752 2931
2083 2778
1044 2198
1925 2292
2122 2644
280 1337
71 2923
1710 2920
1179 2002
692 1316
2045 2339
2924 2961
534 560
2803 2908
1108 1597
2577 2873
212 1908
653 1972
2098 2744
26 255
68 961
180 2011
1756 2945
1216 2539
2162 2290
1684 1782
764 1614
2346 2789
50 2446
1878 2697
2180 2959
1342 1576
1377 2401
923 1828
2373 2562
873 2344
2546 2774
596 2017
1829 2542
1193 2242
1578 2915
1499 2873
1137 1817
589 2489
830 2349
2054 2816
488 2526
549 2244
2993 2999
2858 2940
1395 2215
1917 2839
2613 2921
2829 2841
319 661
1361 1459
185 2522
614 1229
27 1989
2983 2985
1386 2266
661 1991
235 1437
332 588
391 404
1999 2407
7 1955
2721 2745
47 261
1875 2896
739 2472
2862 2901
1748 2260
2867 2883
2656 2841
67 1516
147 1868
1069 1383
2457 2778
564 2292
762 1677
18 1781
48 2157
105 900
2688 2884
132 1764
186 1333
31 1077
1388 2399
1479 2776
2944 2963
1416 1953
1905 2894
1041 2384
695 2106
86 1204
398 2718
156 1357
2309 2788
2498 2835
1265 1758
1358 1799
1829 1972
897 2043
659 1166
2424 2703
1343 1650
632 1623
2267 2584
1423 2225
2270 2947
2606 2826
2582 2822
379 2294
2788 2882
1371 1547
842 1127
766 1045
2663 2862
1021 2686
1368 1694
764 2708
611 1225
1735 2672
1072 1556
871 2892
1037 2295
565 1564
726 2585
1832 2375
2225 2554
1281 2654
2610 2885
364 1810
1503 2471
1057 2173
846 1601
2479 2998
939 1037
2418 2470
2374 2772
1067 1420
1883 2311
797 1833
1732 2981
878 2130
219 1442
1006 2785
316 520
2848 2933
243 2094
788 2046
232 1629
1393 2652
1303 2346
1015 2062
2704 2787
1832 1856
131 915
1608 2985
2600 2692
2009 2751
916 2150
1589 2002
732 2844
770 952
2215 2429
38 1812
1356 1634
2461 2562
1028 1812
2727 2893
2298 2553
2002 2404
683 2202
2216 2679
2550 2675
621 2785
1134 2000
2737 2830
2201 2716
1656 2697
1668 1962
48 2753
1214 1830
1856 2399
1144 2550
2873 2967
1617 2441
1359 1527
1933 2836
1732 2451
524 2161
2520 2899
1627 1935
2142 2472
2792 2945
2989 2996
1210 2307
2740 2755
2032 2406
570 2925
385 2014
2826 2878
2407 2576
2740 2926
566 1085
529 2022
2924 2938
872 2204
2926 2974
1585 2854
2528 2580
1001 1782
1928 2495
1014 2378
2216 2245
1382 1800
410 726
382 2578
47 1213
208 2918
2680 2803
992 2582
2588 2965
2292 2343
2903 2957
1816 2947
1373 1678
2450 2649
2628 2945
2488 2892
2884 2991
344 2677
97 1112
1261 2563
574 1901
2118 2668
1814 1990
1238 2258
995 2619
1829 2613
2043 2961
792 2145
1569 2211
2098 2196
894 1256
148 2637
1286 2647
2769 2884
2051 2576
1185 1668
293 340
381 686
1861 2542
638 2035
1713 2410
2363 2974
160 1881
1257 1431
1455 2020
3 2244
252 1996
1723 2762
2807 2904
2030 2310
909 1309
2795 2943
2490 2526
1194 2717
459 1851
877 2115
362 819
1323 2167
2531 2537
1111 2087
2205 2701
1657 2583
1171 1821
2533 2695
2294 2516
1287 2383
2710 2794
1423 1520
1433 1908
1121 1573
553 1595
1264 1876
2388 2465
1263 2497
2475 2480
2983 2993
2187 2252
108 2049
311 877
2929 2986
664 2405
161 1820
2066 2958
2720 2885
2635 2638
203 2479
865 2231
2840 2882
499 841
165 1174
358 696
1875 2002
1669 2394
2606 2662
593 1742
913 981
699 1413
1209 2251
678 1352
2276 2629
535 1948
699 1791
2536 2970
1609 2171
1338 1345
2612 2877
1594 2298
146 2117
1153 2622
2395 2730
2525 2808
203 406
2570 2593
2336 2791
2084 2183
1373 2381
592 1644
1303 2384
1530 2500
2568 2879
1961 2824
413 727
1810 2270
2718 2751
1479 2267
1035 1187
359 1998
2495 2973
374 1770
862 2090
620 1146
1454 2188
937 2587
2689 2869
2779 2885
2278 2574
2265 2926
644 1220
2855 2950
627 2535
2275 2488
1992 2425
198 432
589 1101
1558 2468
243 856
164 2693
1724 2834
1725 2069
2538 2554
2525 2850
385 396
1085 2429
1727 1887
1391 1740
1211 2602
889 2678
2495 2771
953 1061
2415 2670
1505 2641
2306 2330
106 424
2460 2793
2325 2838
2755 2989
1834 1973
679 2925
802 2207
2364 2966
2342 2463
2081 2839
376 1801
1647 2019
2816 2960
2370 2989
1998 2093
3 325
818 1029
1181 2211
75 1945
1444 2668
720 1472
393 1605
2910 2919
1347 2741
1068 2669
583 1648
2547 2917
803 1789
1288 2845
1545 2115
2850 2902
1947 2927
1624 2882
2651 2937
2155 2872
2220 2477
2032 2353
1175 1384
1392 1852
1514 1730
670 2594
186 1019
220 222
1352 2648
2302 2521
2694 2961
548 727
1761 2809
2426 2612
327 1307
31 2783
1430 2372
1509 2714
2738 2837
1742 2504
301 2099
601 1479
2646 2997
2942 2962
335 1353
621 2272
2237 2284
2070 2337
2791 2977
2963 2977
2070 2348
295 1011
1700 2567
31 1434
172 1263
2676 2958
2439 2505
270 703
1390 2403
1504 2763
1034 2308
1608 2870
286 337
1578 2524
42 1474
1442 1616
292 1756
81 1334
2104 2516
2037 2769
371 2878
1348 2889
2529 2708
81 932
516 1988
1062 2465
402 2458
1981 2126
2564 2784
1841 2759
775 1937
1091 2897
938 2943
1737 2022
959 2358
2717 2900
2262 2546
659 1947
478 2988
2900 2916
1597 2896
2474 2742
34 2652
2817 2881
931 983
686 2333
612 1043
1511 2101
770 2055
2492 2505
514 954
2930 2931
1299 2138
241 1653
1807 2833
1825 2382
1106 1854
834 1059
2976 2989
1661 2442
2351 2384
1610 2129
16 2292
954 2469
1627 2690
1101 2262
695 2444
1331 1917
2742 2830
1090 1594
2836 2904
1361 2063
628 2608
338 519
1942 2931
1895 2567
51 541
558 920
1987 2736
2676 2985
1688 2485
56 211
2896 2920
1373 2708
2641 2798
2021 2466
2298 2769
60 742
277 443
79 1282
2210 2742
355 1741
2982 2999
288 787
858 1936
1795 1865
583 2228
1199 2406
677 974
1506 2206
2472 2952
1632 2140
402 1937
564 2597
185 1807
1743 2464
1222 2321
1209 2340
1469 2944
2621 2637
2439 2498
2792 2901
1645 1967
336 1614
1926 2688
266 1679
2167 2397
1941 2059
2475 2964
2956 2962
1906 2980
1090 1525
2012 2016
2509 2752
2293 2528
2140 2220
2695 2914
808 829
2297 2520
2676 2942
666 1374
1682 2744
1963 2357
392 531
2763 2799
2824 2937
749 2506
476 2303
1755 2212
2140 2406
2124 2426
1477 2618
353 2971
436 1446
435 2917
2133 2744
2169 2895
1738 1818
1917 2785
2392 2869
1958 2835
890 2477
2887 2914
1301 2661
1 2121
1745 2995
2520 2529
1482 1647
2302 2596
21 799
1370 1441
2017 2765
277 1267
431 2313
814 2952
2508 2958
162 521
2796 2884
2111 2580
1225 2342
1323 1945
1319 2190
560 1694
2698 2993
809 2602
607 805
2635 2898
2164 2354
1192 1323
1303 2010
887 1190
753 771
1724 2199
897 2456
1922 2983
866 1462
1653 2480
2068 2401
48 400
145 1449
2653 2672
2242 2506
2916 2961
1321 1452
1180 1408
583 2706
1646 2028
2113 2799
1089 2708
2755 2878
702 2666
1561 2047
1587 2651
2516 2964
59 2267
1404 2546
2226 2342
502 1539
2985 2989
1092 1492
451 2303
654 850
365 1658
2735 2873
1944 2159
1797 2586
1229 2408
1037 2002
2966 2995
1149 2840
1072 2146
2020 2577
546 2524
1228 2765
768 1472
2447 2991
1818 2361
269 1380
1831 1937
925 1760
2378 2797
249 2955
2976 2995
1994 2176
1992 2882
2601 2808
2135 2475
2628 2750
1232 2640
2492 2869
1546 2483
2063 2976
963 2910
2245 2542
2613 2827
2516 2950
2620 2784
1224 1475
1618 2529
1467 2055
758 1088
385 597
2351 2706
2678 2911
1844 1894
1199 1519
2163 2459
1373 2504
44 2094
1756 2753
860 2911
61 2787
230 515
811 1106
1316 2320
2948 2979
1604 2165
2144 2438
2815 2822
1181 1849
730 1351
2048 2263
2358 2846
882 2915
2200 2649
2813 2838
1206 1247
1232 2698
2282 2712
2451 2848
354 1508
2865 2920
1462 2765
1468 2929
16 2041
190 2947
530 1486
1008 1146
1240 2248
331 2759
1971 2734
2068 2511
1060 1554
1918 2596
2303 2304
2179 2569
2844 2971
2817 2858
2446 2645
2083 2869
1979 2705
2443 2619
2767 2898
2000 2338
2897 2986
2549 2597
1616 2540
2519 2884
712 1353
1674 2685
334 2077
1291 2575
1216 1226
2590 2769
1005 1180
1881 2325
733 2052
2319 2593
1665 2915
2516 2928
1152 1641
2166 2244
620 2333
2246 2532
397 680
274 1617
2315 2971
2731 2788
1469 2810
2230 2759
2331 2548
1906 2176
933 1784
90 1742
2041 2216
886 1500
871 1557
293 336
2111 2821
2758 2980
172 2262
1929 2489
898 2119
202 2659
1227 1295
307 996
32 1833
2174 2923
959 2561
2205 2792
2152 2527
1184 2196
1703 2159
2766 2891
189 1594
1393 2956
2621 2872
165 517
1989 2995
1125 2947
1128 2354
1675 2940
2917 2926
600 2246
1465 1756
2023 2688
187 374
1649 2497
1242 2093
674 1868
1279 2111
2448 2940
2072 2459
1651 2232
2304 2924
2899 2921
2431 2996
857 1823
2203 2271
604 1179
1101 2663
1410 2021
2130 2552
882 2863
1323 1500
843 1499
1991 2452
371 2493
1072 2690
1126 2890
221 2909
1731 2448
259 2584
2765 2774
823 1494
2545 2784
413 1062
2524 2642
1855 2979
1697 2550
1173 1386
1766 2193
1862 2950
975 1147
531 1416
408 2192
2217 2924
1894 2490
328 1917
2780 2937
290 2727
2982 2987
2335 2548
2741 2743
1584 1601
1477 2728
1840 2685
1499 1914
2585 2924
559 2989
2965 2968
1219 1363
461 1527
2711 2974
1758 2105
2436 2561
1682 2074
2612 2705
726 1236
478 638
1575 2697
313 1553
475 2249
260 1844
1431 1551
2203 2424
133 821
1814 2212
842 2718
1820 2048
2509 2766
757 1327
1890 2746
2747 2887
204 1769
2444 2526
179 2197
2504 2709
1892 2949
1590 1614
707 1762
2399 2635
764 1465
1272 2889
1591 1906
590 2438
1741 2278
1064 2562
2691 2998
622 1572
29 1332
2801 2993
2118 2568
2427 2896
1555 2850
68 2273
2846 2978
1133 1476
2399 2886
738 1427
2191 2559
110 744
1242 1701
271 1356
1381 2200
2377 2951
2001 2056
1456 1670
2862 2960
1894 2381
410 2349
2721 2755
972 1203
1164 2388
1613 2346
2044 2368
166 462
2755 2819
1640 2238
96 1584
2802 2868
1017 1481
1256 2823
2819 2966
501 2724
2887 2940
2289 2536
1432 2712
1358 2726
2906 2976
2766 2903
1141 1323
1010 1579
2182 2450
2387 2803
1617 2065
2214 2244
2894 2949
2798 2997
162 302
1275 2015
2212 2954
2453 2738
2601 2880
236 724
1355 1643
857 2024
1612 2908
1863 2205
2468 2915
1247 1871
739 2911
2417 2614
1179 2076
2928 2948
1690 2546
1633 2644
1376 2741
261 2870
1384 2115
1497 2752
2613 2999
627 2747
720 2861
1611 2783
835 1729
1408 2620
2571 2955
2574 2753
2566 2844
1120 2916
2372 2804
1208 1380
2537 2837
2559 2883
2898 2952
732 2462
1756 2080
1611 2894
680 1915
2720 2768
2932 2949
1391 2093
1160 1261
293 646
959 2262
363 1275
490 2372
897 2009
2961 2966
1060 1290
427 2372
2891 2959
867 1566
1449 1995
1031 1973
512 1204
2569 2947
295 1864
2973 2996
966 2490
2688 2998
2391 2553
218 1477
1437 1464
2121 2367
2573 2577
1028 2624
707 2241
1263 2390
1565 2260
815 2393
1016 1659
868 1504
2975 2980
2463 2785
2664 2820
417 753
801 2365
1505 2499
2079 2611
2158 2244
