1000 2000
633 889
132 260
608 912
436 695
683 902
648 964
651 912
578 866
644 950
237 809
947 964
48 953
247 555
195 293
877 978
244 764
373 847
430 456
133 199
199 281
18 995
522 663
82 448
21 381
578 950
924 934
661 761
582 665
629 771
862 873
177 344
313 751
736 766
471 500
917 974
679 992
372 986
363 507
572 953
352 891
501 783
852 974
573 727
735 749
129 536
426 551
970 981
471 786
671 735
4 614
578 910
896 997
367 476
295 504
375 383
832 984
99 658
540 563
314 827
178 320
810 844
483 715
681 759
128 418
470 471
708 862
625 710
28 225
773 891
233 794
186 213
605 901
211 394
123 247
187 245
202 397
948 967
709 801
731 788
389 865
383 637
946 979
592 696
545 741
424 688
824 886
99 813
986 996
596 972
969 971
831 910
882 982
400 758
211 771
908 963
433 479
167 409
612 780
474 918
624 805
86 367
556 610
646 906
914 948
738 741
44 190
180 357
495 963
430 684
663 970
953 991
354 790
121 555
425 695
991 998
74 431
113 402
467 776
834 863
487 551
512 811
242 354
760 949
495 702
54 887
795 975
745 874
391 462
601 975
300 672
477 600
650 693
770 953
183 483
924 987
910 986
345 351
129 578
908 928
660 970
543 563
664 910
137 428
630 831
501 928
815 827
867 984
34 689
643 933
561 579
794 830
559 786
696 996
676 723
405 493
42 688
991 994
20 437
299 574
716 845
779 960
593 852
881 915
784 907
701 766
658 896
926 936
735 987
798 849
666 923
489 990
77 238
912 989
715 876
778 844
408 886
594 941
692 943
23 695
934 938
436 564
21 472
225 590
103 511
939 963
985 988
595 724
828 982
360 772
923 926
531 935
175 516
995 996
284 942
49 64
998 999
379 713
142 736
333 857
253 624
289 581
122 425
445 530
70 832
339 513
677 694
856 911
49 292
913 959
377 554
136 334
52 800
440 633
125 575
375 702
227 464
358 400
710 786
404 807
810 821
429 830
688 795
59 107
668 814
977 995
975 990
493 528
503 579
998 999
192 941
167 975
455 699
598 891
720 825
982 983
478 498
720 967
462 940
664 913
458 733
792 869
255 792
403 771
519 896
698 802
592 646
568 595
653 857
98 328
531 662
116 609
728 831
435 692
934 997
804 934
370 731
581 706
23 714
409 905
153 380
583 714
602 689
25 514
2 339
367 585
85 448
878 932
632 922
367 502
624 672
654 707
822 843
51 977
685 872
214 250
223 519
901 911
49 649
251 844
138 798
673 736
777 816
576 709
708 727
148 949
124 144
345 412
456 593
20 64
291 758
627 693
216 549
572 970
991 994
411 751
705 713
755 971
22 63
673 946
835 996
538 820
945 958
722 878
369 995
129 821
388 664
439 710
249 483
565 642
301 741
107 374
274 939
621 702
663 930
405 735
568 974
501 971
181 706
199 234
35 388
39 543
707 919
658 847
427 788
284 375
990 998
325 669
864 931
503 765
234 887
201 934
863 878
862 993
476 806
604 919
708 817
553 712
878 963
151 742
855 901
247 442
286 634
627 685
110 684
579 952
589 666
670 887
376 436
923 979
417 650
633 797
796 826
100 107
723 953
572 729
363 705
324 623
41 953
553 757
114 547
950 981
597 859
985 986
775 868
79 649
360 723
640 795
398 432
556 886
460 973
298 543
126 515
494 605
304 612
863 914
589 811
171 214
868 872
769 928
268 334
369 955
665 910
215 442
153 576
165 318
600 939
241 766
445 905
382 749
941 947
426 960
956 992
303 408
821 970
721 899
639 923
223 874
103 297
376 889
78 789
339 804
890 919
354 918
576 612
301 459
11 549
72 922
975 977
191 947
541 707
594 650
898 991
816 900
247 968
972 977
554 791
989 994
384 956
739 822
399 884
563 626
720 946
217 968
816 949
444 844
369 376
877 935
146 771
37 260
14 630
281 887
362 760
334 572
21 374
598 903
612 617
251 449
885 962
518 865
337 440
75 516
20 409
893 921
212 523
246 602
472 541
689 906
957 968
514 757
431 998
788 906
739 794
135 338
824 967
669 793
247 538
410 773
289 391
378 883
663 915
208 683
266 408
673 910
85 834
100 606
535 742
31 429
492 856
897 935
303 947
511 966
196 300
907 912
830 855
544 595
970 971
226 388
837 934
170 810
942 967
396 978
271 422
512 989
865 896
343 850
355 959
752 906
744 909
277 530
116 174
439 464
364 455
10 325
137 633
398 722
958 997
390 758
78 405
259 877
269 424
268 825
606 771
691 834
384 651
816 935
771 910
966 967
571 770
651 864
574 952
330 378
971 984
476 608
800 895
121 519
72 457
238 673
736 931
267 807
39 882
433 580
194 557
738 750
639 757
740 828
709 759
514 705
737 833
529 623
66 491
341 672
110 116
759 777
138 253
548 549
891 944
465 646
420 820
33 37
809 977
125 587
81 987
638 960
559 888
200 227
793 822
274 777
837 992
694 841
467 492
242 337
542 705
791 937
464 975
609 814
585 636
577 865
312 626
766 961
678 756
837 888
337 521
778 888
759 788
286 651
949 950
945 989
359 761
551 871
245 408
997 999
618 782
497 778
233 442
310 465
482 552
635 835
294 565
842 936
917 998
749 934
150 467
740 884
6 350
458 489
51 68
565 773
903 978
112 448
866 954
513 972
623 837
247 794
852 881
683 826
778 947
58 863
475 554
432 939
167 981
323 634
157 857
456 753
475 676
854 986
494 865
676 778
711 802
937 949
486 997
663 923
836 981
546 785
165 762
777 958
604 919
988 997
819 928
582 717
180 268
663 995
839 930
648 945
973 979
333 455
886 995
703 893
643 758
716 936
881 923
658 895
971 975
183 780
142 841
941 999
215 484
450 618
551 961
860 911
425 737
572 621
729 858
188 418
339 526
318 846
624 721
482 994
235 570
413 929
164 963
255 667
868 962
928 952
513 755
916 926
543 907
599 881
345 676
696 873
761 772
448 843
98 922
84 539
589 598
997 998
731 780
92 965
917 932
333 525
780 811
784 861
15 607
166 694
939 948
758 765
558 639
964 969
834 951
60 591
400 586
732 909
799 974
284 490
334 391
334 818
578 859
763 907
170 934
718 960
30 688
449 534
386 735
315 432
528 993
589 932
334 820
443 528
710 973
10 258
965 999
448 593
842 901
803 828
583 735
501 624
552 936
176 964
630 730
397 924
334 942
631 782
267 789
705 727
312 895
711 841
504 997
47 870
480 612
6 736
242 717
297 610
192 888
409 792
247 629
880 977
285 423
669 723
944 963
294 922
796 987
103 246
288 354
692 982
910 989
631 981
31 958
131 354
385 792
51 170
383 969
916 922
685 836
957 980
511 619
986 993
473 766
768 939
964 982
561 693
497 569
885 897
634 785
945 972
687 829
478 484
267 299
348 942
138 656
160 466
721 755
98 435
422 937
81 413
20 947
184 265
63 73
741 970
189 550
196 442
676 708
174 569
752 949
36 619
463 539
358 989
134 494
585 793
988 996
472 983
249 264
201 767
889 910
538 875
756 835
217 798
203 919
814 819
263 700
947 975
222 584
32 898
968 970
388 458
930 944
847 925
704 716
237 274
839 955
807 840
709 956
97 757
188 687
192 650
667 939
223 596
125 323
232 439
389 396
894 914
607 696
668 971
169 424
337 842
48 829
843 850
688 751
468 699
485 822
714 853
710 997
431 928
357 918
204 828
893 955
744 783
249 907
12 845
193 828
184 339
460 747
184 608
680 718
225 553
5 30
494 524
822 936
240 718
46 737
21 706
399 872
663 971
519 653
150 576
304 351
532 536
127 693
343 942
866 868
321 814
183 805
457 791
277 342
694 899
673 707
692 857
133 582
184 445
756 967
572 851
10 483
81 611
870 899
109 204
589 660
588 884
280 774
686 791
932 964
207 374
188 402
969 982
402 773
542 657
940 970
622 685
697 966
0 936
716 970
800 980
335 654
287 393
744 923
699 778
38 97
164 491
599 636
221 468
288 986
889 899
314 323
482 783
207 823
765 965
4 788
982 985
24 418
310 701
270 750
957 980
860 880
617 643
490 996
9 760
481 936
108 657
748 892
23 970
701 948
504 705
670 965
7 249
443 961
739 993
897 986
841 957
677 885
810 976
103 362
855 869
95 111
521 882
618 722
283 476
91 198
356 521
933 957
374 612
833 865
896 955
122 585
482 759
353 754
607 623
184 628
152 225
146 250
916 923
987 989
283 465
872 980
188 347
142 313
415 435
769 969
748 754
881 929
309 708
71 145
179 231
36 499
689 943
751 996
590 976
596 931
154 360
842 990
81 862
189 932
56 823
192 721
530 917
711 860
174 448
404 440
889 901
695 988
899 908
132 346
452 711
866 993
726 792
905 952
982 995
773 939
468 654
179 260
845 940
32 676
30 616
529 614
159 882
481 602
842 913
734 915
126 510
267 471
187 846
481 958
7 625
543 814
809 875
555 577
135 851
506 754
975 981
913 938
820 857
849 873
244 527
495 702
544 571
32 313
36 982
597 793
203 356
365 439
557 625
669 813
63 463
217 332
477 734
893 993
254 330
556 813
783 840
608 968
973 995
903 978
952 956
834 952
74 660
2 846
104 874
486 519
560 675
41 305
416 591
974 983
819 992
450 645
181 945
750 986
667 884
227 719
567 737
704 854
318 470
429 701
23 209
784 839
620 798
467 535
76 865
301 369
842 863
994 996
253 697
354 797
536 940
974 985
257 786
278 678
28 700
920 995
821 868
416 926
753 994
270 450
290 477
607 780
666 973
557 962
763 801
633 950
570 752
215 564
278 646
268 468
494 589
219 938
594 735
107 150
71 900
89 485
756 913
326 919
516 810
738 878
659 968
825 867
718 806
104 874
223 973
217 271
684 930
630 947
455 481
418 633
870 923
275 833
785 888
406 609
848 969
834 940
251 476
434 841
367 542
47 77
802 874
832 855
420 746
484 781
756 799
27 393
727 742
648 919
436 599
661 927
421 743
854 869
649 744
277 835
23 549
778 862
101 695
744 826
510 569
514 858
466 504
701 727
491 880
820 879
436 833
196 461
776 891
187 458
839 893
255 947
964 986
371 479
18 844
252 824
49 848
16 48
825 857
873 977
914 999
413 486
911 992
374 799
800 844
518 985
16 629
55 907
855 929
254 770
14 983
770 870
644 669
113 966
537 616
62 538
965 985
702 752
171 830
602 813
772 871
182 611
855 860
11 711
483 543
345 584
641 811
144 691
529 640
42 194
394 982
50 956
159 193
294 846
565 992
478 825
697 786
411 764
30 438
891 978
264 680
38 924
534 735
910 991
157 725
559 623
880 913
887 944
271 574
816 908
310 609
937 991
84 543
771 843
686 706
730 900
195 823
428 535
714 860
337 541
719 865
820 863
768 799
798 810
523 950
922 937
771 877
859 948
291 649
190 194
281 786
110 378
4 688
430 460
795 995
659 693
556 869
49 205
128 975
221 722
152 952
996 999
288 619
418 680
789 972
476 952
370 502
361 417
310 745
372 397
404 794
806 917
41 886
704 947
893 997
137 888
591 722
642 729
66 452
896 973
803 894
557 754
236 257
406 992
391 564
240 412
294 845
925 930
524 884
754 984
566 811
998 999
25 783
3 671
416 958
94 190
180 891
57 628
569 771
861 982
271 918
89 131
3 39
642 891
623 770
98 681
32 433
666 743
131 438
694 780
376 751
464 963
477 540
773 995
715 941
848 906
134 755
534 539
617 714
155 306
819 912
688 881
385 693
469 905
921 967
27 566
679 779
297 357
15 263
751 795
241 562
55 468
462 831
131 334
368 992
902 939
401 898
846 932
726 934
746 947
469 586
694 760
106 470
66 68
560 978
967 994
385 469
454 709
664 820
273 318
477 802
350 970
61 876
228 997
830 942
642 859
464 861
172 336
864 897
219 221
113 743
178 641
684 950
82 817
703 859
509 795
127 831
224 636
898 942
708 934
159 485
661 919
918 968
300 942
703 860
890 958
202 218
568 976
870 922
524 637
648 848
852 975
235 700
554 556
424 893
488 935
973 985
344 458
12 325
2 636
713 724
713 776
840 945
213 641
982 986
921 925
356 405
218 689
355 803
472 493
651 975
982 991
597 622
556 600
798 823
485 967
569 808
894 896
397 427
376 953
318 448
11 456
518 596
668 688
982 995
227 806
349 751
932 959
65 75
460 653
875 957
129 582
813 848
796 849
468 865
500 831
156 981
898 966
423 951
417 581
102 447
834 961
946 958
867 978
230 567
126 555
372 922
11 295
950 963
343 482
51 988
395 731
878 980
364 933
618 761
732 988
424 902
935 975
595 778
508 608
661 826
793 851
69 899
687 964
148 874
92 783
19 536
320 886
338 636
558 589
449 498
906 999
305 377
268 666
323 656
482 811
729 993
343 817
355 509
612 697
932 937
252 952
591 698
382 920
31 345
831 958
951 977
721 723
633 988
526 909
746 899
768 796
624 681
195 720
479 537
964 965
466 889
841 972
854 926
702 993
759 828
250 525
860 957
358 743
117 566
956 978
354 687
267 354
415 834
196 294
645 931
956 997
969 981
6 207
400 433
877 955
733 817
68 625
269 299
829 915
541 752
608 986
310 936
936 955
601 861
811 980
698 891
114 710
164 438
405 948
298 751
501 713
841 971
774 937
34 355
581 585
426 572
518 963
388 789
90 564
455 540
775 872
197 772
351 477
675 959
4 125
187 914
0 188
520 667
660 756
21 490
453 911
493 512
778 877
461 883
821 853
669 935
141 740
515 552
142 223
638 643
220 412
573 907
336 447
76 750
790 972
589 802
247 854
134 148
415 548
969 974
877 909
264 425
529 671
793 832
769 841
990 997
638 822
373 807
238 723
8 126
823 998
931 990
378 810
247 563
180 681
780 903
366 793
612 874
759 798
141 781
541 976
773 851
500 858
507 834
116 875
818 945
74 472
132 245
102 648
759 831
806 871
61 577
48 492
626 787
267 753
591 698
771 782
27 140
459 940
78 300
192 795
944 948
975 976
906 979
288 339
146 557
242 984
635 873
923 925
45 181
898 933
313 543
487 657
224 582
844 878
108 219
939 956
339 450
123 411
280 622
614 987
322 377
722 858
983 992
661 900
299 821
61 392
820 999
14 381
901 924
626 862
325 411
859 956
451 910
940 942
92 602
1 891
504 687
288 707
127 618
599 891
773 832
529 993
752 832
699 807
693 922
290 756
630 853
976 989
979 983
252 542
481 888
519 654
619 816
990 992
560 773
54 358
927 961
45 483
808 987
551 979
220 700
725 840
645 743
138 201
339 842
604 747
288 483
613 821
980 996
224 706
264 900
173 505
558 950
856 884
65 831
281 922
731 887
998 999
355 873
567 739
871 935
84 332
589 831
568 599
469 477
651 997
852 881
941 950
295 663
640 822
916 960
839 862
123 511
732 797
77 711
373 420
676 822
169 774
783 950
260 749
454 866
74 181
990 994
203 795
552 870
614 695
962 982
66 867
346 744
79 682
732 990
905 968
705 873
877 914
857 907
4 619
750 853
646 985
787 815
382 916
157 766
34 114
486 581
958 990
681 727
591 610
560 993
758 759
901 961
36 635
127 284
20 787
346 469
149 847
278 456
337 462
704 748
71 977
653 928
250 901
593 699
220 780
396 951
341 395
245 577
663 877
149 849
67 332
729 946
309 661
534 838
396 862
284 342
38 850
974 998
409 614
178 832
700 723
993 995
803 859
472 859
863 937
914 922
187 773
263 381
663 910
79 488
188 920
680 755
402 756
603 894
386 848
425 756
161 462
195 873
416 470
890 988
332 853
164 173
711 849
171 498
419 771
88 525
564 619
226 258
337 450
985 993
103 706
712 874
127 607
139 402
119 189
584 589
57 789
322 552
544 595
835 969
134 866
775 998
842 989
661 665
184 213
978 984
371 887
608 741
931 969
447 593
256 578
402 709
885 988
17 374
879 984
30 632
454 769
690 981
859 957
271 341
580 666
917 995
550 676
403 768
454 909
36 309
938 988
650 943
621 880
817 866
832 867
279 616
766 851
495 921
973 979
870 934
963 970
454 855
78 918
646 820
583 849
480 846
675 987
256 976
129 446
939 991
722 936
48 163
754 930
489 663
349 725
165 602
834 836
756 989
894 973
219 763
758 888
270 804
542 662
503 893
45 461
777 819
103 846
160 813
57 362
355 618
272 833
452 985
149 328
478 564
708 885
64 225
327 599
501 857
898 956
412 574
722 797
506 853
116 479
234 832
384 419
483 861
321 771
395 997
752 773
90 401
745 921
112 433
696 950
867 887
730 770
359 817
320 947
984 993
952 987
750 853
283 632
258 920
69 827
665 734
61 163
853 951
344 827
278 447
338 511
804 856
620 863
630 663
953 976
285 993
180 555
545 554
812 997
782 913
539 785
993 996
664 975
411 829
162 766
455 865
556 693
365 771
295 452
253 274
191 654
613 905
702 736
994 995
440 672
503 933
665 788
660 898
23 846
202 520
97 760
771 814
693 752
690 739
86 436
155 437
984 991
673 677
775 792
570 602
131 289
505 683
7 346
770 821
673 899
182 541
815 932
438 849
671 877
623 849
850 878
487 655
843 926
770 817
247 567
388 567
370 774
376 745
624 908
747 845
498 789
499 947
858 981
48 624
812 840
907 962
638 719
953 999
425 623
224 280
946 962
134 543
505 891
562 954
113 884
8 185
103 221
371 882
771 957
557 561
867 917
129 420
544 642
26 125
357 872
556 872
588 730
420 997
493 673
521 628
455 558
841 876
971 973
458 731
537 602
752 989
323 747
927 952
588 651
201 342
788 867
677 895
589 909
207 706
62 314
723 864
502 736
647 970
545 751
154 662
163 406
928 965
201 297
423 686
930 941
263 664
594 813
564 710
200 313
529 764
18 785
772 794
677 697
784 931
572 675
398 630
442 449
677 696
419 906
721 884
688 693
996 997
136 491
217 702
441 730
719 911
821 873
67 101
868 953
60 300
201 806
