5000 10000
475 2256
4576 4727
4521 4794
2494 4912
4330 4540
2019 4870
4720 4928
1761 2766
924 4006
3123 3934
1728 3753
604 1825
1533 2154
69 4979
914 4486
415 1159
1314 3226
3400 4868
2197 2545
3016 3664
4946 4990
1847 3415
1911 4667
2406 4000
681 3785
4705 4990
239 2076
402 4705
723 4385
3942 4836
426 4904
3874 4136
446 4461
3746 3807
117 258
157 1951
2385 4761
3590 4559
1124 3623
200 2167
3993 4132
4050 4769
4907 4928
3179 4358
624 3049
1660 4128
231 4281
18 3311
4322 4601
2552 4303
959 1137
924 2558
890 2593
3014 4098
2587 2919
1787 3319
1014 2918
3423 4747
4662 4732
4307 4513
538 596
3398 3410
4720 4804
3149 4780
3421 4585
3041 3643
4439 4993
1085 3900
1296 3747
3272 4735
4416 4862
4790 4856
3473 4902
4537 4795
419 718
1495 3404
2055 3348
4744 4805
2691 3721
3985 4068
471 3548
985 3414
3091 3222
2565 4575
3133 3469
642 3574
4883 4899
2058 4958
2949 3194
4581 4832
886 2356
3098 3995
1239 1546
549 881
4899 4957
316 3143
1763 3468
2582 3679
483 1379
3896 3961
1439 4304
1568 1910
350 4075
1724 4771
305 497
950 4739
3507 3685
4004 4995
2057 2399
1078 3493
2140 2754
534 3549
1179 2638
182 1204
4647 4989
4152 4540
346 839
3239 3425
2026 3832
3995 4136
4071 4237
2113 2814
994 4325
323 1928
1145 2687
3780 4102
384 3426
4600 4689
2386 4626
158 4147
2721 4107
857 3097
4014 4935
3086 3412
2788 3986
1898 3103
534 3526
800 1941
2680 4111
1957 2436
4884 4923
2063 2905
806 1619
1728 4116
1897 3300
1933 2310
250 2751
3680 3754
2329 4597
3585 4240
3969 4646
2055 3115
454 3507
4177 4354
3246 4366
1365 1776
4352 4652
4966 4968
1038 2204
3949 4092
2373 4502
3849 4969
1707 4408
958 4989
1248 4081
2751 3322
3132 4634
2354 3078
4266 4543
2483 4820
3031 3525
435 495
2592 4571
4705 4964
74 375
879 2598
3025 3205
2494 3508
68 4322
1999 3145
3225 4257
1708 2791
3280 3968
1108 4764
2992 3376
2357 2763
2173 3380
89 4606
1744 2898
4265 4679
3555 4484
660 2232
3416 4517
4799 4930
4666 4750
3059 3093
4053 4358
1175 4730
971 2517
1637 2855
313 4099
3009 4149
3722 3938
2076 2569
3737 4820
4627 4916
3330 4852
563 2692
2358 3406
52 2504
4570 4985
4188 4426
4481 4682
3261 4725
868 1390
4808 4988
2974 3729
3853 4385
2589 3474
3800 4339
1152 4330
4368 4409
4072 4999
625 3351
3123 4146
1449 4568
3784 4218
4963 4971
312 2070
719 2734
4811 4839
3770 4544
4133 4910
3205 4751
4690 4978
1802 3381
3316 4926
1869 3116
422 4492
2166 2315
3770 4460
2570 4667
3426 4329
4329 4859
2288 2890
2964 4919
3483 4472
1641 2993
2102 2694
3760 4942
3389 4651
1814 3994
599 2810
3684 3887
4399 4585
270 3488
231 1970
695 2052
1036 2396
2026 4608
611 2870
1325 4405
1120 3308
3156 3969
3491 4622
2059 2986
1674 4391
2465 4146
4227 4822
2904 4076
2735 3098
2599 3130
1283 4287
3649 4461
1561 2016
3494 4858
4546 4706
1055 3863
4293 4461
2512 4244
2913 3485
2108 2224
3175 3347
2026 4874
2460 3779
3974 4721
3324 4922
3028 3898
2213 2936
510 2219
2238 4071
1379 3073
213 3462
1117 2004
3737 4736
3392 3530
1240 1920
305 2201
69 1355
4109 4544
902 2364
4515 4909
1580 3109
4303 4547
1745 4837
2291 3113
2065 4277
4047 4615
3145 3880
1884 2513
2309 4419
3727 4136
3646 4664
1594 3127
2431 4941
4332 4477
319 4863
3374 4135
926 2140
4048 4300
2427 4214
639 1489
3187 3640
389 2423
1108 1953
4150 4194
696 4644
870 1173
3514 4665
2848 3368
414 1193
1549 3234
2691 2858
3585 4435
4031 4103
39 451
1362 2780
1522 3319
3552 4010
3412 3781
779 4569
1673 2469
4262 4846
4734 4950
2355 4279
2709 4170
777 3089
893 3952
3897 4276
958 4116
4720 4851
3280 4283
1097 1410
2758 4843
331 4475
728 1414
902 1267
4097 4485
556 4346
4895 4987
3521 3840
2503 4073
4485 4533
547 853
1729 4172
1424 1827
1164 3929
664 2151
3840 3986
1859 2916
836 4759
4372 4487
1921 4173
4036 4686
4186 4325
2408 2843
1621 3245
2774 3839
3976 4987
4393 4958
1069 4914
1071 1353
4435 4615
958 2063
2003 3497
3629 4900
593 1168
1673 4990
3251 4477
685 3564
4371 4782
3210 3231
2802 3725
1111 4702
3239 4935
1394 3982
3552 4422
4029 4395
3433 4451
4229 4449
2066 2087
83 3496
3369 4199
2220 3921
3866 4528
4659 4825
3686 4388
3943 3951
3970 4866
63 2604
1660 3505
1390 2368
2322 3709
119 641
3006 4017
4913 4970
3618 3974
2495 4953
1586 3711
4953 4993
3372 3830
1456 1525
3343 3870
3731 4551
4337 4365
4271 4484
1598 3077
4090 4154
108 1909
3877 4777
4677 4911
1530 1635
2562 3356
472 2102
459 648
2289 4226
3783 4622
3130 3251
204 3887
4839 4890
2365 4142
920 1248
336 4208
2489 2726
10 1249
1901 2175
884 4358
2981 3479
3029 3114
538 3031
131 1831
4046 4913
3010 3816
4826 4905
3009 3407
4913 4980
1267 3411
2932 3925
83 2200
3227 4363
4920 4944
3865 4926
3807 4493
37 2147
4087 4334
4038 4947
700 1197
1643 2080
3986 4996
4227 4702
1515 4352
4559 4795
3379 4025
1959 2145
4796 4860
544 2972
2041 3481
1324 3533
727 3738
3700 4567
3071 4175
3426 3539
2000 2185
636 3771
1412 4669
2304 4786
1898 3214
4417 4951
1919 2291
1192 2737
2376 2666
4789 4818
3021 3082
1032 3554
3344 3619
1688 3797
168 364
1380 1494
43 724
1450 1798
2375 2927
1683 4670
4467 4990
4663 4858
4003 4570
4104 4972
4827 4952
1294 3424
3358 3411
3428 3780
3632 4074
3561 4971
1401 3637
4473 4632
2677 4628
2607 3126
754 1051
4009 4181
1184 2339
4311 4591
3681 4564
4808 4927
1795 1980
2954 4188
957 3948
1809 3717
3652 4855
2818 3131
4627 4917
294 2687
3687 4364
2677 4019
4939 4948
4312 4757
1091 2414
4937 4974
901 4914
1403 3232
2611 4702
2557 3434
1559 2965
4872 4906
3670 4201
1404 2615
4560 4806
3178 3858
1943 3165
350 2858
4580 4652
203 1026
3182 3938
2823 3217
2882 4355
630 4257
4932 4970
1745 3347
3646 4464
4123 4568
2779 3623
4179 4987
2494 2615
3173 3243
1069 4582
924 1892
1883 4993
1390 3940
3939 4235
4291 4949
1433 3066
222 443
1364 4350
3569 4830
4058 4102
185 1685
428 4018
201 4923
1584 3358
2076 3056
2707 4243
1674 2263
1615 4500
3109 3675
2621 3480
308 961
2042 3860
1398 2778
3823 4830
1985 2698
2467 4472
4573 4951
4923 4977
3948 4393
73 1532
1852 3829
1451 2413
4342 4941
1210 3409
4246 4661
907 2578
3503 4737
4536 4759
2595 2782
1427 3970
2555 4321
3024 4248
2479 4936
3693 4016
3375 4081
3832 4347
1898 4620
756 4815
884 2227
1425 2595
2681 4881
2066 4705
3768 4468
1368 4187
2414 4124
1197 4200
713 4070
491 4146
376 4619
1660 1867
1130 1185
1317 3788
1611 3000
4906 4933
406 750
2622 2742
871 4438
4794 4952
3350 3491
2216 3426
2655 3860
4902 4925
4146 4680
303 1903
2254 3665
2922 4040
3207 4172
2831 4411
3571 4446
1963 4893
2383 2889
4854 4957
3037 4453
2721 3435
595 4173
2934 4060
2652 3921
3419 4491
4218 4224
730 1391
2850 3304
4632 4704
3411 3462
1282 3644
2028 4699
1606 2570
4818 4934
4176 4218
1202 3422
355 1260
2195 3095
1720 1837
3060 4986
2213 2712
647 3626
2513 3775
869 1475
3546 4411
3762 4430
1718 4232
2922 4202
1886 4856
3138 4743
2456 3327
2758 4665
3548 4291
927 2001
4941 4954
3039 3545
1739 2224
1383 1966
1216 3988
1596 3175
1324 1647
2491 3818
3495 4290
291 1447
1181 4723
3436 4044
1644 2788
2191 3304
4018 4449
122 2825
3958 4375
4494 4773
1883 3086
3983 4114
4663 4994
4496 4883
1272 4565
1218 4264
620 4007
4904 4956
1670 2689
1128 3567
1845 3937
567 855
458 3186
2707 4332
1361 4710
2721 2942
3926 4885
2173 2343
1632 4388
1362 2620
593 1709
1781 4958
4180 4900
1585 2729
399 3103
1341 4586
3553 4628
865 4410
3703 4189
4058 4134
3757 4261
4330 4810
4565 4871
2440 3526
2706 3696
4218 4247
3242 3442
4875 4992
2337 3729
4915 4973
2177 3814
2956 4466
133 626
1692 4501
3500 4083
37 2769
2807 4748
3959 4960
1828 3159
1136 2524
7 1236
2227 4168
905 2948
1879 3612
2710 3979
173 4829
600 3759
218 4427
1859 4841
4229 4954
2237 2608
3217 3859
4892 4978
2128 2511
2438 4764
683 3103
4693 4716
132 4523
2802 3743
4098 4922
1406 1980
799 3800
52 4304
3924 4783
3435 3942
3089 3210
2671 4652
2233 2671
4569 4786
2090 3525
3460 3504
432 2368
4496 4802
157 1479
2482 3853
4589 4716
3898 4652
4095 4804
531 4723
4884 4928
2140 2144
2797 3869
545 2531
534 936
2577 2954
4068 4156
690 3136
3103 3843
4637 4725
4829 4911
1960 2759
940 4874
1090 3900
1387 4329
539 3827
3716 4565
3304 4390
4651 4972
2339 3339
3803 4896
2328 2669
1416 1815
3645 4610
561 1066
4932 4945
876 954
1310 4834
2085 4351
3918 4037
2556 2621
2164 2836
4371 4512
876 1867
651 4423
2386 2635
638 1032
4486 4635
2685 2994
4994 4997
779 2350
288 2976
3500 3725
2769 2894
4312 4391
1141 4172
3044 4974
2776 3190
164 282
1698 2611
3123 4324
1276 4986
1571 2097
1492 3008
2095 3344
4186 4503
1469 3938
4444 4525
3199 3597
2282 2284
769 2393
3902 4517
466 1473
4835 4906
3599 4666
804 2757
1422 2225
4771 4911
1982 3159
3406 3429
3520 3995
2304 3566
2884 3927
2136 2940
265 3857
253 3296
2152 2354
3168 4099
2211 4555
1928 3196
3317 4109
4570 4885
2851 4012
4318 4621
3037 4883
462 1573
2952 4964
1728 3700
1357 2703
10 2763
3056 4129
1281 4922
597 3980
707 2079
677 1693
3301 3594
2533 3034
1585 2110
2666 3909
465 3860
593 3142
490 3148
4711 4865
1095 4746
3802 4806
4278 4364
423 552
3328 4032
1899 2104
1174 4022
4710 4865
472 2744
3438 4442
2606 3254
153 236
2245 2397
1899 4331
4497 4864
1445 3503
2466 3299
4706 4728
1534 4088
510 3485
4410 4690
3782 3922
4514 4984
2219 4122
1717 2200
99 3205
4691 4833
4615 4616
328 2061
1733 4190
2132 3164
4951 4952
2003 4375
1162 3434
2113 2363
790 915
4340 4806
1660 4808
2692 4631
4914 4917
3409 3601
4692 4973
3501 4030
3918 4647
2971 4405
3326 4224
290 530
3399 4381
3711 4137
3010 3748
1100 3944
1556 2112
759 2611
2197 3268
592 4664
4457 4511
3004 4777
2561 2807
4536 4659
2930 4853
2743 3552
262 3092
3383 4343
2073 2844
3228 4822
4559 4708
3039 4721
334 3171
3988 4781
2302 4903
317 3601
2279 4202
3864 4754
291 782
166 3544
1596 2900
2510 2895
2553 4440
295 4266
4279 4382
1673 3029
3802 4792
2506 2553
2372 2863
326 2878
72 4563
2049 2628
4557 4736
2980 3567
2598 4231
4977 4984
2920 4305
1960 2531
3072 3433
2054 2436
244 3981
3087 3322
1976 2298
2239 4302
46 981
3319 4355
1697 3357
1539 4419
3275 4702
4288 4412
3411 3884
4919 4921
3179 4749
3626 4563
1473 3482
683 3101
2314 2649
1090 3078
1847 4381
1512 3809
2420 4395
1940 2253
941 1225
3834 4782
2106 2984
1653 2753
1675 2598
294 1726
4753 4905
1516 2080
3378 4821
1667 4357
1088 2847
3500 4265
3657 4583
2069 2427
2267 4615
4119 4978
4887 4897
430 3762
4854 4997
141 2214
4270 4679
3163 3711
261 4751
4869 4972
4457 4543
527 2056
225 2508
565 3242
1864 2319
3767 4965
3546 3817
3958 4078
1957 2511
4716 4871
1420 3709
3963 4715
3353 4742
3306 4788
1680 3247
2122 3920
376 2672
3635 4811
1878 3647
2388 3940
1612 3755
4458 4890
2182 4320
1064 3026
3795 4562
2013 2262
2991 4920
92 2222
1732 3911
2113 3958
3718 4775
1774 4396
1868 4860
2822 2968
4348 4754
1421 4039
404 3478
516 3581
1774 4500
4718 4902
4215 4531
1434 1832
1322 2772
3846 4623
4356 4811
3271 4157
3624 4167
3775 3811
3683 4156
2452 4751
3277 3579
4386 4487
3330 4976
3370 3522
1986 4045
3405 3839
2542 4627
2333 3686
1302 1880
2777 3733
4687 4928
2847 3145
2620 3432
734 4464
1575 2776
2370 2823
1835 4197
2879 4955
4349 4907
1371 2063
4788 4967
3930 4155
2540 4576
4371 4529
4378 4476
2518 4832
1260 1275
313 2708
1714 3839
3490 4743
1088 4126
942 3050
1528 2148
2479 3171
285 4194
897 3615
2533 3854
4057 4360
1383 2464
1829 2921
4127 4988
1854 4034
3509 4005
2741 3802
3821 4932
4433 4659
1466 3900
1644 2009
3149 4387
230 4148
2635 4425
1328 3559
1807 3069
3900 4422
1800 4704
3326 3383
898 4613
3840 3997
1100 3552
551 3534
2032 4466
494 2116
2822 3326
601 1077
2194 2734
2709 4908
4418 4940
1034 4243
891 1116
4356 4934
2804 3626
4632 4773
4149 4211
1134 3108
2743 3475
283 4638
1879 3939
3264 4603
4039 4409
2361 2658
3808 4038
4234 4427
1051 3559
2229 3367
2679 3138
3995 4091
3615 4548
2724 2768
3630 4586
3608 3803
3830 4520
3297 4262
3525 4981
2949 3569
3010 3994
1393 4638
4274 4489
3889 3970
1801 3043
4456 4757
3290 3419
65 3790
1761 4274
2093 4804
16 475
1564 3107
4172 4339
1197 3624
2646 4070
3826 4964
2611 2935
2355 3630
574 2012
4146 4809
1202 4855
2857 3457
2907 4955
1719 2912
1377 3926
2838 4771
2235 3734
4223 4586
3932 4502
4565 4724
3067 3521
614 2629
2018 4521
4317 4512
865 4075
3622 4268
734 3039
3611 4696
3149 4536
4214 4366
3387 3498
774 2005
2030 3583
4130 4416
3205 3661
1647 4113
4798 4862
1351 1419
2519 2707
836 997
1578 1883
1114 1296
4844 4984
861 4083
1138 2941
864 3205
1179 4655
1631 4311
433 2027
3828 3937
4793 4919
1507 4743
2362 3762
3799 4624
1592 4248
2513 3276
1045 4851
3776 4186
2012 3743
2642 4012
635 1926
3571 3880
1932 2389
2281 3675
854 1133
2605 3594
2093 3356
2436 3696
2665 4219
4277 4317
1561 4287
3648 4044
590 1480
733 1797
3304 3898
2382 4635
2563 3215
1819 3404
831 3695
507 1020
2402 3849
514 1350
473 4651
147 2924
2552 3986
1176 3351
1749 4236
2211 2556
2461 4033
1050 3499
734 3235
4402 4619
1990 3683
2782 3060
1234 2352
4950 4960
3584 4606
4223 4459
2313 4987
2363 2875
598 1117
1211 2961
3739 4264
145 2496
527 1316
4842 4868
4589 4949
3834 4674
2717 3674
802 4801
647 1878
1921 3540
3622 4103
4843 4910
1384 4439
280 3619
2734 3894
1508 4771
757 2995
4297 4573
3673 4308
520 2157
4633 4799
4925 4927
719 4272
2151 3160
4120 4527
3220 3684
3222 4983
813 4559
1486 4241
2575 4309
33 4817
1812 4448
4541 4743
3602 4756
1414 2445
999 3862
4730 4815
4065 4207
2806 3066
1160 3093
530 4470
1138 3114
3885 4388
4521 4651
1216 2120
3361 4177
3256 4762
147 3699
3108 3573
4502 4965
2741 2912
3438 3944
735 1994
895 3611
2678 3391
785 4795
1269 2754
4466 4565
1367 2034
4621 4946
2678 4462
1232 1467
3707 4885
4213 4722
4536 4893
862 2778
4891 4943
4111 4197
40 1554
1827 4460
425 3175
2455 3199
1220 2529
4298 4377
2677 3891
3220 3413
1315 4889
173 4269
3778 3903
922 2322
1650 3105
1883 4965
2956 3983
3859 4572
305 4807
3652 4028
3263 3408
985 3887
3369 3909
2072 4924
2222 2420
2838 4408
4393 4415
3018 3715
3488 4779
4291 4294
2728 4821
282 3194
4412 4758
462 4181
75 670
1631 4626
2656 4898
4302 4466
923 3741
3252 3751
2648 4820
1869 2678
3595 4959
2405 2606
2027 3085
3633 3957
1021 3896
2701 3927
1883 2747
2739 2858
2735 3963
1825 3218
4116 4205
932 4044
454 4316
27 1091
2519 4777
1801 4804
4727 4856
2493 3478
593 1549
4398 4441
2381 4676
2381 4924
3126 4028
107 148
4741 4937
1682 2228
1939 4668
2603 2979
3169 4108
4938 4943
3077 4143
2941 3813
3616 4888
2251 3147
4933 4935
1710 4740
1700 1728
529 4390
3404 4992
3873 4667
3571 3596
4022 4038
2231 2755
2766 4522
4210 4932
3232 3328
67 3318
4286 4309
1509 4135
1064 1282
337 4229
4241 4698
3917 4197
4406 4889
82 4956
744 3252
2101 3951
3960 4974
3174 4523
621 1295
2446 2931
4061 4940
4953 4982
4512 4794
3960 4454
3210 3777
2236 3149
2783 3744
4450 4613
4659 4902
456 3760
152 236
2936 3753
1002 2282
3590 3973
125 1547
1848 2780
1639 2288
902 1768
951 2931
1609 4102
4649 4954
3969 4710
3309 3356
2662 3376
1437 3998
3882 4095
1111 3753
2708 4150
849 1504
3510 3833
4211 4473
1590 3140
2855 4970
1674 4498
2929 3829
1224 2758
456 1712
3075 4392
2649 2793
3365 4417
3599 3931
4836 4899
3497 3926
2248 4027
296 2789
1806 4836
1372 3981
339 498
700 3761
3836 4516
1004 3197
930 4331
186 2493
43 4021
1906 4409
127 4183
2566 3924
189 1115
627 1024
3722 4647
375 1212
217 536
1824 4003
1962 3590
2453 4638
1581 2144
4103 4634
173 4616
4721 4818
910 3617
4845 4931
3384 4708
2480 3657
100 903
1267 3879
4569 4902
3214 3425
4830 4940
3441 4152
125 3188
2440 2524
3076 3219
4954 4996
326 4032
3140 3977
4933 4939
3117 3302
1288 2458
1547 4092
3455 4423
864 946
3094 3431
4444 4772
2094 4027
4879 4934
3686 3858
1650 3613
2667 4019
717 2982
883 1491
2507 3260
1724 3380
2070 4873
1731 4953
1085 2488
364 1423
738 3869
2633 2635
2859 3729
2911 4392
3764 4460
3055 4357
443 789
840 3689
442 2338
2212 3867
2707 3575
216 385
3691 3704
1340 4056
1663 1704
3127 3819
36 4847
3830 4386
1856 3485
1878 4274
3548 4404
2973 4921
2506 4928
4955 4978
1588 2208
3896 4436
3351 3725
4405 4884
1841 3985
272 829
801 3890
2429 3473
658 3145
802 4296
1285 4248
3066 4509
4266 4640
632 4745
1068 1713
1903 3334
3364 4746
1946 2918
2400 2941
409 804
3229 4184
4584 4619
1528 4157
529 3830
4624 4933
1870 4893
2308 4757
4569 4680
4894 4950
4598 4688
2492 4849
3281 4132
1426 4061
2825 2834
3422 4570
1723 2534
3604 4911
1799 3281
190 1651
1212 2393
884 1566
332 4056
586 1780
3347 3963
2826 4462
326 2957
2141 3190
1060 2929
330 4742
2201 2283
401 2996
202 772
1686 3119
4568 4937
1271 3335
3136 4238
481 1463
1350 2822
4251 4936
1772 3731
265 2175
1143 4595
4090 4200
1596 3639
881 2594
4348 4643
1487 4386
4085 4878
3083 3595
1393 1743
3240 4166
2626 3946
3783 4867
560 2153
209 3771
1010 4730
4200 4703
4599 4958
478 4573
750 4311
1392 1726
2738 3811
4994 4995
2045 4222
4872 4919
2513 3514
1712 3175
1314 4091
1071 2308
1180 4820
3443 4247
3095 3342
1827 3067
2928 3414
1176 4541
2361 2726
3525 3715
4207 4708
4957 4968
1292 1853
4856 4899
469 1728
3016 3889
15 358
486 2419
2856 3270
1431 4695
3694 3898
2792 4704
1144 2337
3947 4466
746 1305
2658 3557
240 4080
3310 3997
3528 3913
3565 4648
1140 1887
703 1788
2741 4385
2267 2645
454 3998
1256 4682
331 1101
105 1218
3345 4692
537 4082
2475 4750
1070 3054
2353 2721
1633 2852
3752 4646
4161 4761
4759 4767
3606 4811
3960 4478
973 1951
203 1885
977 3437
4218 4909
4342 4997
588 3659
3854 3952
3859 4203
3878 4617
2614 3744
1905 2804
3358 3861
4471 4609
1800 2579
3923 4166
2529 4626
3361 4521
1333 2628
1309 4792
4327 4785
672 3387
4786 4923
180 4453
2812 4732
4570 4796
250 666
2360 4185
855 4941
4930 4935
593 3807
1846 2379
3559 3981
3104 4926
2756 3559
4492 4851
985 2969
1468 4059
435 3257
691 4784
476 4290
4428 4840
3994 4356
3582 3931
348 3922
4185 4661
2522 4009
2830 4308
2808 3057
553 1526
4925 4983
2933 4269
1932 3623
2686 3196
3811 3943
2159 4280
4002 4286
2176 3270
4403 4822
2314 2810
4716 4730
2067 2597
2406 2556
4418 4593
4617 4635
1402 4442
1121 3138
2941 3753
3540 3694
3430 3976
846 3597
4898 4925
4100 4276
4286 4884
957 4089
3436 4549
707 868
1463 2726
2071 3084
4152 4491
918 2140
2805 4875
162 2570
4414 4725
3323 3334
4588 4924
782 3650
4570 4858
4043 4507
3114 3507
4134 4918
580 1694
4560 4565
170 3969
343 2017
2967 4728
1387 2114
2990 3195
4373 4902
2684 4388
3144 4760
2440 3095
1961 4175
1859 4845
4901 4955
1324 3579
290 4641
4904 4967
1030 2758
4871 4887
1997 4616
297 2841
3837 3924
3715 4189
1909 2361
4847 4876
266 394
1017 2027
1947 1955
3924 4863
4851 4892
2358 2670
3178 3468
4821 4999
3847 4149
4800 4923
2063 3807
4577 4679
2219 2860
2386 2516
3793 4251
2648 4129
2553 4387
2970 3217
2760 4867
1959 4046
3022 3658
1592 4749
676 1991
3040 4602
3660 4378
3442 4979
3147 3463
1384 3001
3613 4826
1073 1382
1465 3254
2223 4600
2133 4340
967 1763
384 4651
829 1736
874 1276
1225 4041
224 302
1017 2620
3033 4305
2836 3579
4883 4976
4658 4675
1769 3892
4363 4546
4894 4950
3329 4491
2052 4021
1133 1624
304 1091
3351 4800
504 1170
3767 4815
2077 4099
2489 2788
683 2536
633 1025
4644 4738
501 864
1324 3723
1180 4441
972 1267
3663 3807
4009 4068
4016 4413
2624 2773
745 4215
2250 4238
3663 3687
3060 3574
4429 4690
1862 3050
3268 3867
363 1899
1427 3734
3569 4987
972 3900
74 2597
4731 4988
4394 4922
4452 4866
3753 4176
3632 3777
3297 4299
4892 4981
3726 4528
3223 4267
2131 3969
441 4156
2014 2103
3501 4618
2354 2648
2722 2751
2607 3398
439 2866
4324 4647
4789 4892
2132 3168
4213 4838
3893 4821
234 1107
2188 3069
965 2197
504 1748
92 3035
3970 4550
3630 3679
2076 4170
3631 4974
1106 4512
3449 4703
2137 4762
1403 4649
4917 4966
4839 4969
1260 4832
2058 4721
2505 2789
4284 4931
4211 4515
908 4432
3395 3711
3265 4135
1127 3903
3858 4603
4615 4946
4506 4803
4575 4928
2263 4007
4009 4588
4838 4945
3494 4638
4242 4894
4504 4692
3601 4637
2848 4158
572 2785
2753 2977
3114 4779
3021 4858
2076 4721
174 3755
2213 4304
4508 4606
2175 2912
4192 4819
1125 2178
3243 4319
2069 4317
171 1670
4062 4418
4127 4838
379 2967
3660 4172
803 4490
3844 4058
4168 4764
342 869
3682 3737
3574 4496
1150 1918
3006 4106
4360 4679
2218 4737
4411 4778
607 1394
362 403
1948 2094
3282 4247
2772 3932
1235 2264
4451 4505
3060 4776
2523 4295
3901 4458
4587 4974
1908 2826
959 1157
2445 2782
784 2069
660 4495
3965 4868
2723 4982
3760 4356
1472 3454
4015 4617
2899 3745
3677 4922
1054 4540
4109 4356
1565 2401
4401 4758
3130 3388
2234 2926
3408 4891
4012 4055
557 2915
3941 4781
3514 4193
1087 4296
3606 4873
4313 4401
961 4444
3693 3770
1539 2151
2027 2070
4164 4286
2784 3260
1612 2103
4365 4583
2083 2861
1572 1620
239 2618
3692 4839
4109 4402
2578 2922
3344 4012
1587 4393
3370 4453
431 2934
2369 2590
2486 4136
780 1355
2884 4218
1005 4921
3941 4051
4109 4886
3542 4988
1716 4224
565 1520
3002 4710
835 4326
4846 4910
3856 4380
524 2434
1478 1980
1832 2603
762 4832
279 1825
2716 4794
4471 4999
959 3704
2257 3532
2994 3893
410 3803
3623 4843
2703 4685
4692 4824
4033 4925
3548 4673
559 3166
3194 3467
60 4016
1470 3090
1603 4524
3239 4655
3615 4184
3377 4885
386 563
3879 4009
4900 4930
1986 2509
4035 4452
2037 3245
4731 4744
2361 3020
3285 4420
2288 2380
4263 4336
3269 4197
2464 4536
2455 3351
1929 3057
5 650
4725 4755
3676 4849
1494 3840
2119 3685
989 3782
3081 3402
4964 4990
3640 4743
3740 4299
775 3899
871 1564
2596 2910
355 2653
3173 4846
1614 2970
39 3750
2174 3000
432 3304
3079 4610
88 965
55 4475
952 2133
4062 4477
2705 4232
77 1076
1861 4874
4716 4824
3590 4590
2893 4475
2635 4572
3369 4142
4498 4843
1235 4722
4253 4277
2503 4371
2465 2955
4801 4943
647 3424
4596 4626
1140 4598
1925 3251
969 4045
4828 4961
2054 2735
2255 3230
4671 4754
4005 4583
2525 4659
2340 2653
4105 4438
845 3757
1576 4096
1091 1146
4158 4343
3062 4545
3117 4016
4229 4725
925 4958
2576 4610
2067 3279
3008 3959
4007 4198
277 1489
4878 4894
3130 3760
1996 4342
3664 4100
3249 4796
225 1265
3968 4142
1002 4938
762 4782
2192 2853
2294 3742
3181 4763
3405 4978
3506 3893
2490 3798
2293 4222
3476 4603
3126 4630
381 2025
2241 4034
2748 4573
965 3028
2081 4795
4566 4938
620 764
1675 2902
4321 4950
4285 4501
1915 4950
4757 4957
699 1769
4310 4767
3417 4304
1035 3141
1114 2321
702 1990
4054 4521
2944 4863
1290 2146
2750 4436
19 4469
2180 3909
3422 3905
1418 4720
3313 3519
3155 4230
2709 3253
1868 4565
1052 2910
840 4267
239 2541
3671 4628
4103 4878
2566 3646
1974 3286
4061 4949
4612 4947
1439 1794
1351 2555
519 1413
2637 2929
2765 4455
1157 1682
151 3795
4546 4983
4914 4973
3153 3344
747 1476
3908 4069
2911 4522
2583 4416
4253 4748
1042 2315
884 2037
1527 1725
2365 3376
2652 4371
864 3289
1688 4281
1622 3051
481 907
2144 2433
3248 3840
644 3699
4947 4983
3746 4182
4518 4900
1260 4328
2856 3289
2357 4998
1510 3662
1970 2558
295 4366
1871 2394
4173 4298
4881 4961
871 4632
3609 3917
3609 3662
315 3132
2128 4462
3544 3552
4452 4706
343 2304
2172 3985
1914 4839
3631 4103
2278 2941
3847 4619
2461 4030
3004 3396
4563 4735
2149 3887
2744 4981
4797 4917
1442 3194
1395 3835
2137 4766
815 3170
4985 4987
440 730
4878 4975
3535 4463
1061 2765
764 2392
68 3205
4140 4226
2453 3878
412 1339
53 3358
3934 4742
2206 2314
160 2249
3927 4812
350 3414
1768 2775
2013 2451
4141 4347
4808 4912
4405 4544
372 2921
1413 4101
4789 4854
4659 4705
1852 3658
3222 4089
2249 2897
2265 4934
4666 4874
4423 4504
2052 2816
4596 4978
1530 2694
15 2337
673 4862
1423 2593
4849 4964
585 4289
1607 3170
1758 4311
391 1749
2107 4296
1541 4870
3950 4389
804 1208
4017 4555
26 4453
4309 4649
2941 4566
1261 2989
2607 4669
4923 4983
697 3068
2138 4158
1213 4478
4380 4725
1646 3031
2873 4701
4412 4878
433 3639
84 3012
1323 3432
1343 3253
3558 4098
1730 3879
3902 3992
1650 2207
4765 4969
3164 4792
2590 2990
4540 4886
4166 4467
3475 4682
4708 4917
3422 4186
3097 3098
1672 3057
223 4845
1974 4253
2668 4084
1165 2127
2898 4296
710 4271
2805 3644
1180 4514
1633 4833
4965 4994
3999 4535
3790 4074
387 633
4003 4966
3214 3547
834 955
3778 4292
3557 4184
2484 4625
1132 1257
2222 3732
2557 4828
3119 4079
4929 4964
2893 4399
1729 2493
4990 4997
4634 4901
2625 4149
1307 1510
1959 2463
2489 4517
458 1542
644 2771
3266 3294
2462 3904
3718 4845
4667 4833
1222 2225
4857 4895
3251 4076
979 1891
4595 4858
1760 2001
2838 3303
498 4270
2347 4064
42 1593
703 3827
226 904
2560 3306
62 1665
3146 4150
1206 4508
4396 4533
2702 3817
4102 4202
1807 3238
4404 4975
3698 4248
371 2874
131 2030
4827 4928
470 1750
3723 4351
4354 4554
2981 3947
3544 4532
4986 4997
3943 4906
1947 4453
4795 4915
2862 3690
4903 4932
4594 4828
182 686
2982 3817
4519 4582
94 653
4994 4997
3563 4606
1293 2916
4884 4999
513 3543
2445 4372
3856 4806
4487 4674
2484 4910
4411 4509
2971 4578
217 790
4441 4955
422 3794
3341 4209
1411 3483
2780 4125
4696 4743
2351 4263
337 1463
4415 4448
1754 2815
1340 2044
760 4817
3882 3932
713 1068
1988 3476
3455 3529
3388 3496
4864 4926
230 2201
3299 3696
1983 4330
4583 4621
186 3669
1434 1888
2359 3859
2823 4720
4726 4919
4736 4758
676 3861
62 2944
4234 4251
1019 3859
1986 3065
4444 4853
1218 4231
4741 4971
4988 4996
4619 4745
4023 4835
3770 3937
194 4091
2501 3750
4268 4380
1387 4694
99 3109
3353 3889
708 1346
3669 4104
4889 4960
3036 3665
4869 4953
2830 2921
4219 4745
4713 4785
1871 2917
407 1993
2246 3754
3254 3797
1110 1926
660 4407
2269 4159
4358 4504
1757 4177
3800 4728
4659 4680
202 2911
4560 4572
3616 3794
3370 4087
4891 4921
4967 4994
1827 3388
3010 3571
3855 4939
3492 4880
3979 4309
319 3725
1495 3127
29 142
2842 2971
470 706
2700 4464
4838 4931
4560 4701
1521 3914
2832 4411
3069 3895
2336 3777
3801 3896
3165 3463
2419 4724
3955 4383
4412 4731
2059 3128
1409 4143
1953 2632
3933 4286
4083 4195
1391 3224
651 4140
3825 4524
2806 3986
2509 3136
4503 4504
4289 4389
933 937
392 1060
3061 4170
955 3179
638 4027
2884 4056
2305 4265
1964 3130
855 2594
1551 3950
3345 4980
3080 4538
3867 4031
169 963
4132 4446
1378 2144
768 1769
1072 2605
224 1187
2986 2991
0 3029
3482 3644
2728 4236
4358 4848
1713 4824
494 1774
1031 2845
4026 4056
3210 3633
1611 4717
4745 4765
884 3233
744 808
4088 4923
3771 4796
2843 3007
536 783
1511 3821
4034 4919
1660 3717
3360 4387
4125 4569
4465 4514
4376 4885
2005 4556
1358 2097
4118 4267
1568 4852
1478 3721
4308 4752
516 3393
2788 2812
1336 4123
4260 4378
389 1451
1273 4026
3550 4705
3268 4853
2496 4067
106 626
867 2187
552 1905
569 4383
3119 3583
4459 4543
2410 3550
3502 4765
1427 3363
668 4278
4933 4984
1197 3124
2083 3528
2390 4397
3932 4099
996 2396
2711 4376
1575 4181
2922 3810
989 3067
948 3707
1707 3197
3458 4094
665 2538
4259 4927
3394 3852
3187 4673
903 1639
1196 4105
3884 4828
652 2898
83 1979
3112 3475
2572 4103
1984 3761
2243 4800
778 4284
2126 3397
3548 3645
2994 4931
3249 3460
4866 4914
292 2776
4910 4929
2929 3739
3652 4227
1827 3454
3010 3755
4282 4853
1872 2111
4458 4615
2773 4595
3592 4659
2432 4179
913 3676
1842 2463
4978 4984
2917 4085
3126 4128
4022 4084
4695 4863
1587 2293
3361 4452
2186 4408
4925 4942
4053 4648
234 2239
3720 4730
3912 4853
1850 2943
3948 4868
1354 3954
1605 4919
4863 4973
4023 4454
3172 3266
694 3438
3375 4740
3154 3923
409 2153
1329 3138
4971 4997
15 1400
3873 4381
1047 4765
2531 4679
4546 4558
883 2214
389 840
2608 3153
2690 3324
1970 2863
1626 2555
2187 3957
1582 4770
4535 4657
181 837
2554 4969
1893 2383
2593 4383
1365 2239
2595 3892
1887 4421
228 2008
2264 3575
3911 4035
3347 3905
4239 4717
152 230
3074 4599
3060 4755
3748 4788
1124 4654
393 1159
533 1693
102 3667
2924 4639
4272 4377
2455 3665
2460 4458
3056 4335
1215 4459
2803 4028
211 4494
3837 4893
2007 3512
2441 4870
1412 2013
3485 4733
3265 3305
2118 3963
1364 2571
2587 4209
3518 3823
1367 1864
4278 4279
4890 4992
1025 4208
3437 4117
400 1562
2676 4003
1072 3200
4573 4887
3374 4062
1514 1861
4837 4946
1301 3333
1718 4821
1412 4860
3266 4569
2844 4345
1638 2019
1481 3776
235 2418
2724 3279
67 2426
2035 2635
2156 4796
4851 4979
1547 2696
1497 4682
3528 3937
74 2778
1406 4434
4843 4995
3691 4276
2922 3258
211 2117
3305 4314
379 3249
3219 4729
1816 2793
788 1999
339 397
4687 4847
2474 3784
910 2589
3163 3451
2474 4648
85 4023
1174 3648
4109 4479
687 2481
589 3094
2199 3753
613 2487
3225 4830
3790 4868
2178 2208
2522 3241
4750 4795
2102 2912
300 4941
33 4241
2995 4483
2002 2306
1346 2277
971 3869
2360 4112
3550 4841
289 3765
3617 4172
8 3950
1604 1637
484 2873
482 3832
4899 4990
1065 1538
1048 3419
3271 4174
519 4784
854 3654
4867 4922
1640 3590
75 382
2759 3055
2203 4417
4295 4915
2457 4382
3493 3906
3954 4433
604 3776
104 1652
343 3055
554 4274
3715 4137
4174 4489
2686 2864
380 754
3341 4584
1413 2514
1364 2145
1538 3198
4099 4926
453 822
4520 4703
13 2965
1888 3789
4525 4717
3581 3934
376 4875
470 2259
3277 4252
4012 4556
1418 2967
3511 3843
4872 4983
355 643
1826 3148
2844 3886
2210 3858
2522 4360
4949 4955
653 2153
1598 2408
3621 3704
28 4994
4187 4985
1252 2491
673 2261
355 3074
1783 3803
169 4032
3885 4335
3234 4562
2906 4670
2410 2487
4273 4616
2355 2517
4637 4847
2860 3251
92 3381
4886 4913
2206 4969
1260 3765
1912 3815
1694 2552
1598 3214
4460 4827
4202 4975
3763 4758
2070 2742
1008 4690
1928 3931
3118 3951
2362 3456
421 4716
4736 4861
2133 3271
4783 4985
1123 3951
3657 4478
3475 4906
2611 3847
2268 3321
4154 4487
2929 3732
2616 4860
2195 2841
4984 4993
2697 3931
2494 3787
2022 4755
3429 4205
3425 3633
1119 4639
4937 4991
2699 3241
4864 4968
874 4191
692 2960
3155 4084
810 4647
808 1216
3750 4576
4304 4761
4035 4264
468 1202
4107 4542
1764 4863
1530 2117
4458 4680
2232 4196
12 3136
945 1268
504 2090
4250 4596
1266 1681
4032 4845
552 3486
2760 4640
2184 3597
445 4682
199 1205
1346 2184
867 3508
1297 1766
4314 4405
2342 2875
270 1340
3068 3837
4516 4704
3786 4311
1187 3869
1809 2223
3922 4969
2274 4044
3945 4850
3519 4554
2966 3481
4466 4837
3570 4740
2821 3895
677 3169
4868 4980
1436 4424
1484 3656
3068 3808
2372 3644
2768 2974
4771 4915
3549 4741
4639 4932
4120 4286
700 2006
2620 3239
1849 4151
1096 2813
4569 4975
3338 3375
1206 4246
4003 4753
3769 4617
4089 4881
4141 4306
4257 4598
1843 2414
4478 4895
761 4591
4381 4494
4417 4857
4111 4205
48 151
1261 4409
4847 4874
4074 4116
4222 4743
382 4366
1989 3289
4561 4924
3876 3933
151 391
763 3886
1977 2154
2820 4819
837 1434
2270 3644
3353 4628
154 4359
2204 2273
1762 4712
3606 3744
3481 4006
3874 4177
2505 2554
1262 1694
3682 4069
3175 4056
4570 4860
2742 4414
4683 4708
2765 4046
2928 3759
4243 4972
687 2792
3 1972
1840 4173
589 814
1143 4180
2551 3371
4132 4873
2688 4102
112 4712
1397 2452
1198 2603
3735 4084
461 3042
3017 4684
3997 4169
2559 3681
1652 4604
4123 4321
4757 4985
377 1639
872 4985
3571 4688
1326 1396
224 3757
443 2282
314 1072
1646 2623
2656 3940
755 4708
2866 3558
2306 4415
1475 3476
1582 3319
926 3867
2029 2774
1042 2350
891 1560
4166 4381
1334 1972
1014 1331
2653 2734
694 2645
4493 4931
195 1929
2370 4100
4981 4983
2073 4860
3645 3993
1045 4607
1449 3327
652 3217
717 2865
4193 4520
1917 4879
764 2651
2478 3757
3609 3754
1700 3872
2832 4338
2155 3062
4252 4349
1386 3297
3722 4413
4602 4931
4455 4818
4875 4909
1562 4184
2184 3947
2587 2712
1081 2906
2579 3148
3221 4539
423 1366
299 4079
782 2616
4202 4806
4189 4891
4000 4948
592 2309
4487 4666
3883 4512
734 1795
432 2615
788 4602
518 2088
4980 4990
1351 1745
3800 4384
1483 4427
1576 1581
3259 4142
944 3125
2667 4821
1948 2030
1587 4313
1405 4090
324 426
10 3098
1191 4193
4364 4673
1347 1649
2977 3492
2479 4198
987 2327
346 1390
2714 3393
1566 3942
1708 4104
722 2507
3748 3816
2262 3138
1034 3309
3729 3762
233 1180
130 4702
4116 4372
1237 3522
2045 3337
1672 3232
3028 3789
4297 4378
3726 4636
1308 3940
4506 4532
2871 4667
3645 3788
1328 1831
4940 4945
3736 4073
4542 4555
4494 4605
2187 4200
1426 2727
553 4902
4930 4938
166 4405
2548 4738
4779 4837
1746 3137
3464 4097
1418 3174
2845 3386
876 2777
4834 4982
3543 4661
3808 4585
508 2071
1108 2835
1962 2475
2561 2610
258 4629
3555 3699
1179 3214
4416 4999
2176 4168
3501 4064
4608 4899
4877 4990
182 4533
3765 4758
1856 2671
1269 4855
2033 3674
1100 2729
4658 4879
4868 4985
3634 3750
1737 2603
3553 4447
4688 4970
4424 4566
34 1883
4165 4848
2012 3147
1861 4437
3566 3868
4765 4856
3758 3886
1592 3419
400 4352
4287 4366
2574 3875
1184 2308
4051 4268
2807 4298
4179 4492
4764 4893
1151 2700
4593 4715
3201 4353
2430 4144
2774 3313
2998 3189
1308 3222
2950 4583
2903 4444
1374 1600
4694 4950
2069 2554
4297 4958
2171 3414
2398 2775
1327 1711
3649 4438
4165 4432
4219 4527
4915 4982
1644 2824
1782 4026
4867 4914
743 4688
1448 3743
2309 4678
1530 4693
2576 3419
1567 2280
1458 1572
3532 3836
1553 3996
3945 4381
2765 3725
4635 4985
1803 3909
3568 4684
2868 4508
4089 4922
4591 4817
1644 2012
3143 3772
1854 2872
3851 4573
2244 2961
4921 4927
4182 4679
676 4326
1603 2607
3717 4673
1995 2522
4095 4535
4434 4593
4698 4706
2396 3978
574 3636
3113 3688
2765 3247
313 4225
1440 2065
2101 3312
3814 4944
1684 2756
3553 4357
3040 4381
2157 3075
3662 3785
1030 1614
3991 4026
3876 4921
2408 2549
2184 3055
125 4465
308 4843
2879 3471
1404 2935
3105 4160
316 4142
3725 4977
1301 3685
2333 3894
3324 4294
658 4600
4440 4789
173 2727
111 1582
4512 4959
2177 4465
2555 4499
4941 4990
2591 3606
3244 4696
2087 4824
4394 4847
628 1041
962 4518
950 3707
4998 4999
1764 4103
3776 4472
3035 3795
1521 2333
1094 3368
1835 4653
4178 4887
732 751
352 607
2931 4038
3807 4853
2044 2977
2146 4916
62 3218
1358 2431
3407 3603
777 2851
150 153
2570 3476
2268 4981
3051 3435
1116 4653
3660 3890
2120 3620
392 4618
2747 3890
2659 4035
1440 2521
2244 2377
4116 4882
4869 4954
3580 4989
1420 3038
1966 3874
2295 4867
4396 4906
456 4981
64 2553
4338 4626
3938 4389
2640 3435
930 4299
234 351
486 3659
1011 2680
1416 3998
2206 4727
2867 2990
3321 4291
741 3539
4949 4976
764 3176
4947 4999
4035 4701
1405 3932
182 1688
3527 3552
201 2202
672 936
2575 2666
3696 4392
4294 4776
2068 2626
3592 4105
1266 3045
1718 4117
2498 2895
4886 4980
4495 4804
182 1317
4955 4974
639 2168
4853 4907
2555 4658
4490 4824
1058 2749
125 2759
4988 4991
119 3217
3031 4566
1359 1982
3223 3278
3551 4777
1546 4178
4298 4761
1277 3715
126 1556
663 3787
4397 4524
2634 2959
1352 2388
1693 1746
1762 4845
3056 4846
2435 2911
141 2333
1087 4318
4049 4915
4796 4976
4019 4527
4497 4499
515 2225
4557 4714
1714 4530
3655 4031
1513 3303
4621 4989
3180 4655
2472 3680
1150 4894
1982 2198
1369 3119
972 2398
1341 3097
2442 3736
2684 3744
3957 4556
2173 3128
2417 2729
4205 4360
3492 4435
3138 3225
4781 4894
77 1551
1003 4820
3202 3756
1103 2399
621 1290
3051 4984
1819 3452
687 3129
3161 4715
4167 4188
3557 4313
972 4990
3736 4225
2526 2584
39 3216
563 4891
4397 4782
3928 4173
195 1456
1641 3316
286 4752
4259 4914
2586 3210
4890 4907
4070 4242
668 3188
2201 3309
2871 3578
2004 3251
1967 2379
3451 4501
1007 1428
3137 4984
17 2947
2955 4774
2615 4526
894 2688
2709 3579
888 2512
535 2784
4634 4930
1608 4369
1114 3935
3912 4076
188 452
1420 4825
4179 4327
3708 3876
955 4878
970 3094
3996 4810
837 4800
373 4517
3645 4524
2599 2922
3124 3909
3346 4366
3583 4203
1669 3415
2124 4260
4401 4638
3757 4192
4019 4348
4065 4105
1374 4968
4758 4805
1462 2781
3699 3720
1849 4492
3299 3376
2522 4535
4178 4860
3263 3277
766 3248
378 3053
3488 4355
3600 4332
110 712
616 2715
4477 4516
2925 3632
4386 4406
884 3086
1749 3283
4668 4829
1799 1932
3793 3848
167 3204
3364 4211
1321 4865
3322 4339
1904 3626
3958 4585
1848 2362
4348 4873
170 708
806 4229
1106 3927
2280 4710
3431 4502
3349 4869
749 3375
252 4472
4921 4942
4759 4763
1794 3348
3611 3900
3789 4642
3075 4712
4763 4786
638 2274
4958 4975
4090 4824
3296 3455
2444 2692
4853 4987
599 2261
3713 4866
3453 3911
3830 4101
1507 1662
1178 4644
2345 2442
695 3413
2122 3390
4925 4946
2907 4376
4807 4871
241 364
1868 2588
3419 3781
1479 2784
949 1529
1058 4988
2730 4501
599 2505
4502 4702
876 4382
1145 2062
397 2872
426 2662
1134 4874
3270 4622
165 4345
3068 4777
3401 4975
2095 4580
701 4168
1695 3465
3854 4994
3356 4242
1086 4955
4683 4805
4028 4052
270 2697
2472 4738
4219 4354
572 3240
25 4334
1086 2650
1862 3010
2429 4679
2136 4572
182 2771
2066 3095
4833 4935
3979 4973
1796 2525
1071 3936
4284 4746
4447 4791
2349 2561
465 1786
3062 4262
871 3489
838 2253
1579 4263
308 1041
3191 3881
1 1608
3 2773
4551 4862
1559 2762
3363 4500
4341 4592
4541 4742
2518 4222
450 2650
4512 4701
2067 2465
3480 4185
1982 4263
1884 3265
2913 4852
1894 3206
2334 3830
3398 3427
2220 2462
3174 4798
149 1147
4564 4901
2750 4166
3964 4497
659 1020
536 1061
203 4021
943 1109
701 4559
4261 4690
548 1857
987 1020
2017 2355
1489 3520
1528 2832
3644 4981
461 3235
4848 4921
2693 4933
82 4555
2428 3554
2802 3265
3200 3551
3634 4877
3529 4573
2745 3412
2207 3547
4088 4501
1959 2707
1093 3870
1967 4754
2651 3422
2561 3414
1758 2634
3896 4010
2348 2847
737 3191
951 4191
221 4431
1581 4836
4720 4728
3253 3706
4751 4999
2661 4726
4191 4965
913 1114
2754 4434
1424 1463
3078 3919
1040 3176
1212 4307
1904 4857
1461 4397
4027 4662
1386 2669
2095 4449
3386 3914
389 2060
4669 4897
4849 4987
4860 4929
3312 3826
4125 4559
4314 4388
2045 2522
1337 3131
302 1425
3603 4734
2521 4059
2907 3087
4901 4974
4900 4901
1520 3119
1388 3040
4127 4174
4128 4757
4538 4992
2999 4111
3209 3822
2258 3576
113 369
2297 3210
4558 4881
260 1435
2517 3981
3866 4907
850 1886
230 4428
4782 4806
1606 4169
3151 4874
4840 4891
3400 3851
3180 3246
1970 2375
3720 4906
3242 3803
977 3731
4705 4825
1773 3361
4831 4887
542 2078
3653 4001
4094 4431
4713 4886
157 1996
4942 4996
1372 4415
1113 1835
392 4743
2423 3817
2614 4012
4260 4879
2323 4548
3903 3927
1518 3256
2144 4524
4952 4977
4748 4832
1531 4129
1398 3199
1160 4130
2013 3043
1529 3434
119 407
1497 1718
2151 2688
3632 4961
1038 3399
2119 3189
303 910
3472 3825
1493 2008
459 2550
83 4494
254 2044
1936 2223
1605 4760
3384 4545
1250 2201
405 3860
2900 3823
1168 1492
2538 3652
4163 4319
3069 4586
2420 4042
2830 3831
4360 4953
2010 2349
2591 3547
4354 4736
4385 4943
3980 4486
4987 4998
3518 3639
594 3873
1609 4076
1772 2534
3265 4045
1850 3625
436 1131
2258 2537
2579 2644
2923 4994
3636 4716
33 4760
4570 4576
4562 4671
2290 3820
1970 4269
4144 4324
4352 4667
2681 2958
2069 4180
1128 3012
1940 2496
4351 4605
1566 1765
3044 4012
475 627
3229 4575
4273 4882
53 3289
945 3581
4516 4559
3666 3909
4436 4465
4295 4721
511 1459
2235 3105
838 1582
317 1424
2526 4840
3146 4760
1761 4385
3868 4367
1874 4204
1541 3194
1473 4067
1892 3569
2097 2600
2481 2577
2836 3366
3268 3708
4494 4655
4687 4873
861 4647
2246 4899
1169 2049
1839 4506
1321 2359
3666 4972
554 4134
4429 4803
3794 4149
1193 4310
3466 3632
4895 4978
1577 2223
1671 4092
1479 3550
4083 4912
3816 4800
3976 4382
1229 4513
1092 4044
1705 2921
4534 4759
1623 1854
423 1391
1290 3949
3941 4010
3668 4128
759 3155
2390 3150
1237 1482
3107 4336
2439 3502
2601 4110
2577 4018
2009 2368
2444 4096
4352 4925
1887 1999
1207 2695
2774 3375
4002 4670
1575 4073
3442 4886
1184 2153
1935 3988
4000 4070
3872 4485
1623 4768
3700 4942
4796 4798
2164 2403
1820 2652
3108 4636
2320 3273
1126 4487
3838 4905
4685 4911
784 952
3980 4482
2715 2828
3877 4476
966 4302
3393 4673
4899 4986
3925 4326
715 896
2470 4758
3661 4247
1900 3214
1132 1942
1061 4790
370 4588
3636 4489
3665 3721
1776 2106
3258 4907
2779 3421
2098 4501
2687 4514
3452 4683
4030 4353
472 2177
2739 3461
3409 4550
755 4177
4252 4342
3552 3575
4878 4996
485 3205
4041 4439
386 4036
4895 4902
253 3751
1954 2300
4054 4559
1346 4622
2212 3388
4030 4679
1961 3968
2517 4729
325 2483
4336 4780
4236 4594
3051 3514
1245 2154
2732 3416
414 4805
3236 3461
3454 4336
2476 3913
1430 4932
1083 1591
3872 4734
2871 4430
3533 4601
3810 4428
1507 2303
342 1378
2221 4216
3364 4550
3492 4862
446 1227
892 4863
3264 4271
4390 4892
1114 4092
3179 4805
4369 4542
2809 4884
1164 2648
2469 4489
4457 4462
1814 3907
3347 4623
166 3515
4309 4907
3557 4162
4308 4683
3568 4572
876 3866
4871 4888
2657 3672
1525 3455
4628 4664
2438 2587
4189 4355
3616 4673
134 3996
2991 3943
2628 3914
3578 4221
1119 4085
1854 4855
2024 3429
3585 3867
3301 3840
1271 4348
161 3966
1802 4033
1799 4750
2280 3136
12 4007
1565 4096
1789 4378
1299 4378
4737 4858
1884 2219
2714 3817
1995 2938
3211 3836
1612 2937
440 3347
3548 4389
2806 3721
2107 4268
652 1144
643 2357
237 3019
931 4513
2472 3552
518 2784
2230 3037
4032 4740
4698 4807
4185 4602
1589 2288
4979 4991
3094 4157
551 939
1707 3508
2548 4069
2238 3769
4951 4954
4564 4738
3103 4185
507 2154
1987 3098
1317 2780
555 4170
4027 4808
110 1540
3194 4099
4732 4945
4715 4987
3330 4286
886 2503
2506 3832
86 4504
2963 4704
2356 4687
377 3387
2504 3032
4458 4522
3237 3779
4861 4958
3196 4359
4393 4832
2763 2965
1064 2690
4748 4795
2751 3941
3263 4022
421 4243
373 375
2781 4689
2439 3874
379 2781
3886 4380
974 3574
3410 4258
2759 2819
2321 3594
1408 4941
4665 4738
824 4683
262 4766
4806 4863
4131 4622
733 1920
4772 4784
4990 4995
2872 4827
2892 4360
1850 4548
2323 2749
1067 1375
3890 3950
4591 4860
422 3360
1783 2039
801 4770
2322 4528
3136 3263
4944 4962
2750 3323
279 3829
287 798
3630 4329
3434 3450
2082 3125
4310 4688
3132 3275
4867 4969
3701 3940
2244 4550
2404 2492
143 2012
1582 4647
1039 3261
828 3399
4040 4618
1079 4090
3982 4726
4240 4797
1611 1911
1983 4649
4205 4843
46 462
3475 4864
2556 3106
4837 4980
4750 4920
2327 4312
4538 4662
4516 4879
3631 3965
3063 3223
4725 4953
717 1760
3198 3234
1765 4999
2955 3409
1617 2859
1134 4019
4873 4964
509 1741
3030 4388
2826 4895
119 1203
1840 4687
670 4321
1934 4712
2254 2989
1892 4855
1570 2020
1719 4229
2559 3552
4510 4710
3557 4717
1926 3215
2952 3653
3566 4611
1353 4361
746 3606
4225 4817
2041 3210
4816 4843
4902 4930
3260 4703
1567 2136
4683 4909
1642 4298
2084 3956
3280 4381
2155 4498
4258 4867
4296 4534
4039 4514
3903 4447
1007 3204
480 4121
948 2981
4956 4985
4785 4974
566 2024
2468 4959
2383 3793
4983 4990
1584 3094
4773 4812
1871 2633
4772 4822
4078 4489
3788 4660
3792 4012
3925 4248
2491 2519
4326 4834
1192 2364
1811 2534
255 4210
4348 4635
3248 3838
347 2929
1178 3074
1190 3012
4895 4975
55 2628
1016 1951
1515 1804
1390 3166
712 4315
519 4378
3821 4865
3957 4533
3945 4348
3863 4963
3126 4188
1610 2087
960 1463
2199 4998
211 967
3748 4756
4859 4934
3948 4956
505 656
2765 3863
4170 4821
1343 3679
2155 4923
4516 4705
1052 3719
3608 4268
2696 4197
4319 4423
1274 2409
1447 2139
3693 4466
2669 4421
1669 2004
3103 3340
420 1241
4233 4808
3040 4858
1448 4809
3316 4265
489 2239
2451 4432
3529 4554
2319 4466
2311 4833
4117 4893
2981 4201
262 727
2902 4953
718 1153
587 1496
4453 4934
4485 4959
4574 4726
37 517
1409 1510
4804 4885
3041 3476
2331 4148
2468 4344
4133 4707
173 295
3910 4801
2807 3448
624 821
2201 4496
4725 4791
622 4857
2824 4577
1607 4998
595 783
3022 3182
1462 2413
2200 2438
991 1925
4483 4691
2822 4269
2698 4169
2952 3941
3421 3766
1759 3062
1644 1947
91 3827
1640 3712
2594 4284
1396 2847
4135 4729
41 3488
4396 4661
2395 4806
3203 3690
3062 4560
881 4689
809 892
981 2138
1464 2470
830 1947
1213 4087
3676 3919
944 1861
1951 3479
2801 4644
4751 4997
2740 4686
1693 4964
3274 4849
1755 1821
4111 4504
4228 4867
1775 3145
817 1356
2303 2333
1150 2080
3360 4679
1538 1986
3216 4807
1826 2521
4624 4688
3631 4459
2704 4451
4991 4999
469 1525
1885 2352
647 4470
717 2571
2486 3900
3694 4231
4489 4942
2897 3214
3930 4137
660 2145
3437 4306
386 3853
2585 3473
2757 2811
1959 4791
1851 1920
1866 3096
2349 4016
833 4262
4070 4082
4938 4957
2890 3672
3765 4087
382 4046
1683 2251
1894 4991
679 2357
3217 3923
4237 4657
1145 3993
1617 2542
3913 4321
3063 3599
1086 4001
2079 2648
4474 4550
2348 4179
4953 4971
1120 3703
1424 3471
4672 4890
2822 4316
4264 4702
3785 3845
3672 4682
2848 4552
2574 4718
650 3098
2059 2948
3885 4927
3642 4732
3973 4675
748 2548
4255 4582
592 3050
2923 4586
1259 1777
1076 1326
3518 4744
1154 3528
1234 2433
1346 1353
198 4985
4830 4979
2817 4913
1208 4253
1835 2252
2672 4489
366 608
140 2752
1138 1412
1460 1905
4443 4519
3807 4744
1040 1915
2051 2807
1870 3607
1544 1577
745 2776
1187 4071
2454 4120
4465 4717
204 3020
2047 3009
2180 2559
4152 4585
1772 4526
3092 4553
1150 3861
3470 4446
4871 4925
1969 3020
2272 3708
4616 4945
4391 4792
336 2159
1447 3575
446 767
4308 4342
3530 4511
4483 4618
4889 4938
2237 4982
3725 4481
2435 3247
53 2611
1799 3091
4149 4625
486 3844
542 1735
2686 3394
2977 4975
2788 3776
514 701
3317 4431
3279 3416
3546 4013
1137 3740
794 4712
3974 4046
3113 4771
1081 3776
2254 4698
835 4210
240 2242
1323 1449
1996 4145
3124 3910
4679 4817
2345 4382
280 4708
2831 3000
3373 4529
4407 4864
3079 4408
3455 3754
232 1805
1312 3961
4259 4538
2397 4788
4743 4912
2830 4372
4917 4977
3447 4257
1028 2705
1727 2251
2144 3143
635 3058
3630 4182
1542 2965
2545 3982
414 2616
2957 3582
4042 4911
1904 4778
1972 4302
4050 4972
3243 4310
2680 4609
1343 3917
2258 3759
3986 4211
2600 4873
4163 4306
1432 1967
4622 4808
1966 3496
2855 4967
242 270
1794 2171
3171 4059
1816 4798
3965 4252
4735 4844
3436 3841
4815 4930
2758 4906
1630 3705
2900 3769
2061 3221
1839 4639
4797 4868
296 3545
3552 4653
3356 3834
3307 4362
825 1042
2471 4557
1134 1672
377 596
695 2699
3462 3926
2726 3770
3385 4797
3119 3560
3013 3385
224 3166
1347 2185
1820 3422
3018 3167
53 4606
3764 3807
2660 3001
3116 3135
292 2951
4809 4820
578 4712
4275 4765
3422 3502
2681 3633
549 3206
4660 4832
3261 3731
1735 2726
365 1629
2511 3981
3284 4677
4545 4590
2736 3789
4113 4777
2079 4274
3684 4215
3585 3992
237 1294
3892 3910
4600 4854
4683 4764
2467 4724
4786 4891
4818 4996
2242 4348
4459 4557
3632 4814
2372 3531
3728 4632
3972 4878
2171 2636
4256 4784
4348 4523
2189 2237
1409 3221
3752 4919
4645 4899
3934 4299
1743 3515
3287 4800
2493 3023
2003 3244
1292 4979
2134 4653
584 4353
2040 2423
3278 3368
1741 2397
4436 4681
4429 4999
2458 3967
1751 2169
1440 3331
4232 4859
4076 4587
3706 4219
2258 2585
953 2604
1147 3428
3795 4808
1754 4638
4463 4765
2620 4673
4514 4808
1903 4913
2113 2722
4521 4789
3312 4190
2335 2901
719 1247
1254 3948
724 3312
3508 4566
3557 4765
3017 4465
3833 4683
3495 4254
4953 4960
2571 3379
1857 4201
3667 4560
4996 4997
795 4315
1043 1949
2456 3315
3567 4460
1499 2516
1573 1979
3455 4916
1686 2848
4 1221
2297 2334
1756 2121
587 4271
1710 4509
4607 4816
3714 4351
2990 4889
916 3994
601 4498
4356 4798
3814 3917
4420 4923
3576 3611
3696 4066
2438 4947
3153 4309
2850 4656
3278 3905
1870 4670
2655 3939
3663 4617
582 4651
4279 4742
569 3616
4022 4760
2179 2849
2528 3912
3744 4977
2496 3005
1657 1878
1710 3663
1291 3899
1444 2742
1670 3879
4847 4960
2908 3893
2644 3013
3672 4885
1950 3107
944 1547
3342 4017
1420 4780
2386 4330
1669 2164
2414 3729
3852 4034
3407 4251
728 3365
2049 2289
2694 3718
1317 4846
116 2379
72 4114
4082 4560
877 4779
4057 4229
1831 2991
663 2476
64 3549
2087 3157
615 3875
513 4395
4244 4754
4202 4506
1014 1810
3917 4678
2851 3311
101 2885
2484 3946
3409 4150
3111 4894
2097 2126
2310 4536
3598 3707
4895 4976
3442 3651
1617 3983
342 3786
413 2027
3000 3410
2944 3309
337 3428
1163 2651
3072 3285
394 1647
3228 4873
4070 4289
2621 4221
2151 4901
2417 3664
3023 4842
2216 3933
2665 4606
1867 2358
2444 2459
4397 4480
1904 2705
1755 2160
2278 4055
1470 2116
1850 2422
2857 3657
4076 4724
1011 2864
4506 4935
3012 3103
1353 2675
1274 4224
1376 3921
2002 2489
1656 2198
888 3796
3601 4475
2288 4465
3816 4968
4201 4753
621 644
4559 4655
4158 4591
247 2186
2692 4075
1483 3933
4940 4955
3617 3951
2682 3493
1816 3230
2158 2169
1200 4612
4346 4537
4542 4919
2548 3354
2522 3794
1450 4948
266 4843
4581 4652
2932 4836
2257 4167
141 553
2708 4759
692 1104
4781 4976
48 1826
594 1796
3017 3136
3932 4551
80 1313
1821 2442
4691 4928
770 2996
2194 3148
2339 2810
4793 4805
58 3059
3354 4592
437 585
3709 4741
4079 4703
69 1065
3539 3891
2877 3154
4431 4558
3934 4202
1034 1505
3654 4340
947 1449
4991 4992
1371 4747
967 3348
3316 3528
205 3023
1177 2644
141 4054
2898 4920
3353 3440
2310 3331
2156 3039
223 4477
2806 3903
4676 4803
2425 3964
309 3450
2385 4481
2665 3368
3766 4814
155 4902
2594 4123
3538 3973
3225 3896
4496 4673
856 4010
122 2869
4304 4442
2786 4276
4302 4678
4028 4599
3029 3321
534 4647
4436 4452
238 2387
4772 4893
4808 4993
475 4845
945 2393
4886 4983
1387 4589
288 4329
2899 3632
2949 4013
571 1279
1395 2676
2503 2968
2849 4796
2436 2935
1690 1824
3539 4812
96 1208
3682 4920
3986 4596
2843 4934
3426 3705
1578 4429
4215 4807
2657 3657
8 1266
4171 4894
3773 4245
2802 4891
2215 4076
593 2433
4610 4879
2203 4472
266 4889
4950 4979
3574 4893
1029 1808
2550 2915
4278 4450
3531 4157
4844 4906
280 3576
1033 1794
875 2798
945 1344
1703 4305
4040 4250
3149 4358
4823 4995
2762 3549
1072 1927
1768 2553
2617 3751
481 3237
590 1436
1124 2652
2723 3449
1679 2340
2777 4465
2729 3017
3269 4029
1298 3752
1665 3472
452 4466
708 3566
552 2990
687 1696
256 2556
213 2748
710 3619
2208 2687
604 3886
2705 3700
83 4524
1218 4557
3026 3858
3835 3990
4268 4331
2208 2587
2837 2916
643 1749
1575 2115
3437 4865
86 3727
4570 4735
760 2467
4191 4733
557 2768
263 4001
3448 4303
3440 3570
612 2073
3655 4093
2594 3411
2183 2556
388 472
29 1819
1011 3002
403 816
3390 4083
3293 3466
2277 3325
3112 4892
3836 4191
4494 4888
2852 3675
3509 4260
1733 2733
1171 1716
3561 3783
496 1056
1192 3592
1953 3705
873 3335
907 4039
848 1910
876 2659
1520 2009
1058 3775
4467 4735
2033 2088
2784 2818
2086 4771
3654 4195
3703 4134
3840 4049
2127 4698
2660 2807
3465 4250
1000 1063
2336 4458
3285 4442
1783 3775
2947 4476
3233 3478
3664 3934
1677 4079
3999 4652
3816 4440
783 4149
3088 4160
2351 3191
2050 4474
2648 3838
654 3370
3840 4208
4872 4884
3487 4463
4334 4533
202 2971
2575 4759
845 2745
451 2143
3226 3892
3563 3922
385 2711
1342 2028
3830 4987
300 2497
1498 4941
143 192
4400 4419
2141 2972
1521 3140
853 1815
4959 4993
3274 3436
529 4408
82 330
2822 3767
4172 4807
4370 4959
2993 3470
3271 4867
2804 3406
2118 3230
2316 3763
1673 4357
21 3561
887 4577
3006 3610
2876 4743
153 748
3308 4009
2816 3086
4591 4635
3702 3815
964 4364
4968 4988
2524 3852
4910 4962
2443 4607
121 3699
241 2940
3751 4012
801 3700
3724 4573
8 1643
2794 3133
1858 4340
3284 4421
1245 1584
4799 4865
2981 4015
3767 3971
1000 1111
1214 2286
1241 2447
1902 1960
1274 3415
1120 4211
763 1765
4915 4929
3704 4513
2919 4524
1319 1558
4693 4980
3481 4359
536 4794
2536 3194
4653 4695
4151 4350
4536 4889
2754 4587
1044 1464
475 2283
4794 4963
2488 3045
2303 3762
3999 4130
4128 4989
275 817
3681 4233
866 3291
401 2928
2582 3500
1896 2269
3672 4997
988 2073
1475 4697
1648 3889
3958 4725
3736 4418
4971 4979
3447 4349
2073 3533
3728 4617
3468 3554
2209 4582
408 609
1512 4262
2267 2609
3424 4059
3396 4070
2936 3946
2195 3682
3402 4399
2534 3143
3455 3749
4836 4920
2883 3630
128 4044
4012 4200
3659 3945
402 4461
1851 2814
4144 4706
1506 2500
3829 4077
1988 4747
4830 4907
2277 4530
3096 3274
3927 4984
2952 4502
3972 4848
3366 4263
1281 1775
544 2984
1378 4559
4128 4694
3374 4918
1015 1020
2531 4017
3321 3985
4804 4852
2248 3647
3589 4122
3797 3881
3407 3639
4044 4530
2144 4059
4853 4914
2315 3102
3815 4742
2354 2436
2613 4677
3059 3536
4957 4995
3644 4790
3804 4693
773 2655
3785 4132
2267 4361
3668 4052
4423 4958
3310 4180
3360 3885
748 3651
3220 4032
3449 3491
4301 4507
1080 3179
1932 4263
972 3483
3493 4276
2982 3426
1435 2814
1182 2882
4609 4930
55 2329
2037 2346
4018 4245
4286 4874
3635 4853
3131 3469
3391 4060
3765 4243
2285 4110
1087 3933
3433 4857
174 3078
4431 4545
2629 4923
1973 3042
2254 3138
309 1574
1668 3564
3300 3789
1104 1410
3302 3601
4827 4861
4415 4574
4636 4964
2161 3295
910 3568
2370 3870
2299 3702
930 2500
649 2620
4222 4748
569 2011
2866 4512
2098 3643
847 3298
1648 2359
2773 4613
3550 3621
544 3916
4414 4617
261 1331
856 1368
4586 4739
4061 4601
293 4187
2881 3671
3172 3540
403 2511
910 1206
4407 4788
1612 3136
4536 4600
1315 1709
1151 3580
81 4768
1217 2224
2245 4046
3701 3855
1553 3185
494 4834
4161 4790
1992 2211
588 4216
2817 3262
1060 1685
2776 4958
965 2445
3881 4805
2560 4563
1327 4746
3570 4404
307 504
95 785
356 3428
1219 3278
4020 4781
3371 3752
3991 4772
2170 4131
4485 4753
3107 3817
4458 4743
2928 4433
364 426
1039 2278
494 2562
748 4813
1137 2007
2897 4002
3536 4330
435 4141
2756 4896
1891 4088
1063 2019
4740 4747
2842 3675
1319 4088
1081 4634
1483 2070
4989 4994
3213 4233
597 2556
4416 4606
4986 4993
4822 4935
3763 4087
2450 2732
320 3356
4723 4979
4433 4937
2959 3133
3979 4496
3777 4828
1107 3233
4949 4993
3886 4326
1402 4766
248 4628
3316 3710
2886 3122
2138 4627
3070 3387
25 3801
3320 3804
1069 1141
1698 3472
502 3575
2902 4316
376 1412
4553 4674
1368 4560
1093 1472
1572 2447
1874 3860
456 1617
1212 2129
4487 4995
4262 4304
3387 4611
3590 4912
4760 4956
3875 4242
4930 4995
1003 3179
2996 4896
3263 3353
491 1600
3850 4668
487 3749
4273 4943
3670 4639
716 3252
2285 2894
2277 4259
1643 4962
2474 3499
811 3748
3769 4580
4634 4787
4656 4748
3118 3736
501 3180
3849 3984
1197 2576
2039 3425
34 685
4871 4963
84 3640
1603 4422
1707 2766
269 3609
2556 4040
3916 4723
130 2901
1231 4207
187 4219
2222 3307
4326 4797
4356 4466
1215 3201
3 3066
1807 2618
1526 3994
1998 4560
1640 4006
1421 4793
3825 4042
3444 4538
2228 3022
825 3112
4348 4762
1422 2523
2852 3795
1775 3531
1599 4204
424 613
2286 4814
613 4174
1820 2480
495 2045
2910 4821
2972 4143
601 1329
2994 4085
2469 4363
644 4914
3336 4915
75 4793
2789 2891
3877 4031
2051 3400
1533 4732
759 3998
2914 3051
903 4317
1445 3252
1864 2221
561 4779
3699 4415
1973 2349
4164 4678
122 4359
4573 4811
2260 3212
1028 4012
2633 3622
4287 4608
1243 2953
4036 4073
3569 4924
4893 4913
1333 2361
3838 4610
3855 3968
4297 4450
313 4127
1056 2377
3452 4995
4252 4948
1063 2653
3946 4151
2692 3196
2113 3287
2956 4137
531 2573
2865 3121
4813 4994
3927 4543
3364 4265
2682 3496
4039 4946
1275 2061
1099 2360
2421 4987
1768 3191
543 4547
4430 4791
1124 3635
3000 4334
928 4460
79 3327
4117 4315
357 1077
4622 4886
3344 4006
1346 4482
4280 4817
1584 3528
2721 4814
1741 3552
3252 4219
190 740
3579 4776
2519 4452
2907 3687
2001 3630
3759 3810
2431 3195
4429 4612
614 1026
2511 4818
3044 4682
2717 2824
621 2054
2889 2940
4553 4781
2814 4057
1425 3125
1515 2558
102 3579
22 2935
4408 4612
513 3413
1333 4032
2843 3490
4344 4418
4984 4989
681 3741
3926 4134
3282 3422
2668 4644
2876 3637
2143 3707
2465 4215
779 2046
1859 4866
1571 2503
4084 4204
185 1916
336 1830
1847 2911
1025 3722
2179 4674
2466 3058
3147 4718
3059 4663
1902 4761
833 2984
2515 2918
2329 4304
4442 4873
1539 2976
3405 4440
1034 2053
1067 3410
912 1897
3433 4323
1189 2036
3368 3746
1001 2290
3125 3982
2007 4285
1074 4387
3129 3317
3699 4199
4038 4064
3804 4138
4968 4970
3884 3996
1449 3436
4396 4952
2246 2945
2634 4089
1400 3777
3811 4600
3290 4042
3887 4671
925 4195
1446 4195
3395 4246
3798 4392
3193 4322
2345 3784
310 3681
4836 4925
4881 4905
3042 4117
1854 3254
204 403
1227 3684
3927 4425
171 179
580 2950
1755 3919
4144 4517
391 1679
1008 1752
3370 4899
1879 4454
4262 4742
3675 3682
2700 4431
2233 3103
1297 4789
527 2831
4829 4931
2803 4205
742 2443
3931 4381
1945 2386
1599 4915
2608 3480
3906 4387
952 3714
4661 4931
427 2910
506 2793
4911 4986
4703 4856
1449 3093
1146 4290
1123 4251
673 1966
4441 4622
1168 2094
1573 4217
1783 2552
3125 3264
4286 4964
4256 4712
73 4812
83 2361
4310 4829
4113 4579
2873 3101
780 4760
4508 4859
1237 4331
1035 3441
821 2597
2464 4126
2514 3973
1873 4277
3712 3911
4134 4533
1093 2456
4870 4991
3971 4849
2977 3663
4272 4348
2836 3575
2964 3453
1641 4503
4571 4783
2889 3533
4574 4791
471 2694
4133 4812
2333 3520
3862 4678
2150 2816
690 2543
104 3207
870 2586
4712 4776
3710 4117
4768 4968
972 2120
433 3387
4742 4750
1785 3819
3274 3796
1919 3614
1342 3362
2495 3214
2087 3562
4719 4969
212 2823
3361 3438
3952 4677
1598 4642
2916 4798
2527 4525
2552 3958
2841 3102
1209 3829
2430 2457
2121 4707
3140 4935
620 857
4786 4817
1220 2222
4429 4801
30 1676
910 3728
2780 3498
2156 3256
4796 4988
4049 4496
3129 4669
3252 4722
1103 1130
4194 4884
3178 4126
2048 2694
2266 3332
2232 2428
3890 4591
2959 3532
1575 4064
1321 4519
1313 1725
3056 3954
4137 4523
642 1171
3858 4602
4831 4955
4660 4700
4101 4727
4542 4962
1424 4535
610 3805
2524 3234
4708 4985
2439 4559
2412 3141
4913 4916
315 4293
3444 4642
1039 1700
2993 3366
2400 4818
1724 4469
4081 4638
4790 4970
3145 4173
3975 4612
4518 4984
980 1395
3776 4100
2640 3746
440 1690
2299 4974
4401 4932
3103 4826
2030 3463
2221 4224
4472 4991
1941 3792
1300 2298
195 3868
1880 4822
1611 3679
1803 2506
1528 1819
2214 4740
3407 3547
531 3868
2282 4531
788 4005
3471 4970
769 3729
2656 3148
1044 4148
4020 4573
4191 4492
337 4504
3595 4006
879 3246
3913 4778
2739 4969
2777 4909
4384 4683
4768 4992
630 4709
3520 4347
493 4691
4647 4740
4958 4965
995 1493
1671 2162
3451 4055
1246 3130
4717 4815
3860 4877
3911 4147
4272 4453
2879 4291
3518 4806
2736 3829
4658 4856
1260 2761
3552 4012
1604 2621
45 3521
2960 3510
4045 4072
1988 3056
4203 4623
2196 4096
2515 3891
1508 4367
1591 2692
1170 2222
4622 4827
709 1961
2847 3753
4317 4684
2396 2894
1611 4525
3133 3378
27 3297
1003 4042
2990 3613
4575 4970
3929 4548
885 3902
4074 4157
170 1257
1510 4628
1340 4639
1208 3657
189 2134
2009 3870
2217 4215
4594 4680
4123 4410
2372 3013
3979 4327
3431 4588
2599 4671
1595 2987
432 3864
4940 4955
4518 4702
2047 4553
4628 4686
3457 4360
106 1808
1029 2840
4650 4723
2111 4788
3399 4372
3387 3521
1640 4427
15 509
2280 3693
4643 4728
4389 4888
3286 4726
460 1207
1300 1968
3942 4452
2818 3485
330 2153
1228 4365
2234 4471
4303 4841
4291 4980
1119 2490
433 4192
2713 3099
1101 2903
2548 4422
1182 2302
3396 4895
2533 4259
3806 4474
2567 4518
1971 4284
900 2107
3559 4984
555 2406
4141 4415
332 480
3111 4789
3850 4609
4210 4870
2224 4157
3524 4389
1526 2159
3124 4290
268 4815
3088 3593
3404 3460
3075 4369
4415 4544
3655 4954
630 3324
1036 1907
93 2211
1346 2176
3603 3710
162 357
727 4933
44 4996
1084 2152
2335 4363
1887 3890
1486 1788
4458 4681
2064 2368
106 4376
1730 4546
1277 3013
2647 4027
2367 3094
3814 4178
4786 4809
136 1803
1191 4832
2281 4773
25 3113
249 603
2502 3772
1465 2680
3081 3816
1526 3264
2540 4108
2194 2565
1181 4888
761 1023
4534 4578
564 2727
3286 4064
2832 4775
1085 2365
4811 4870
3434 4649
3915 4816
1503 4396
2023 2821
2528 3882
4806 4971
3312 4001
4895 4947
4493 4763
2139 3419
3662 4861
4918 4967
1867 2410
823 3269
4572 4842
1558 2879
107 2395
3595 4411
4441 4443
954 2089
1349 2970
2002 3042
2590 4344
2846 2881
4584 4765
2805 4858
715 2394
4488 4752
1721 2473
1956 2518
4825 4853
4290 4693
1028 3230
4801 4945
4646 4898
3130 3478
3096 4067
3858 4475
4248 4991
3649 4934
4640 4692
4698 4895
494 3949
260 3137
4784 4831
4366 4385
1128 1231
4911 4953
3852 4098
487 4737
1485 3419
3729 4119
330 1409
569 2692
2966 4705
1491 2913
486 3117
4309 4472
4687 4835
4030 4138
1208 2052
1376 1524
4489 4568
759 2784
304 3773
1121 2264
1208 3409
4857 4869
3313 3420
1095 1968
2808 4964
4908 4966
3789 3851
974 3935
1501 1545
4224 4247
2279 4129
912 2878
2212 4763
1927 3677
4033 4757
138 2068
2432 2807
2113 4318
1556 2602
2075 3345
3930 3997
432 3712
4576 4734
4542 4791
2240 4845
4437 4442
1504 4302
991 1501
1495 2947
4220 4627
477 980
1739 1954
677 1382
3628 4687
2122 4622
3479 3584
3472 4977
2000 3303
3201 3521
3023 4476
1548 2332
3900 4490
758 2531
4396 4461
537 3114
1197 2565
402 1920
1686 2912
1611 2966
4979 4987
3703 4670
2637 2638
1020 3853
2098 3711
774 1322
124 4778
449 2724
4208 4572
4666 4799
4735 4813
4597 4643
2153 3228
2527 3905
1907 1930
3118 3814
3336 4206
692 3260
614 1511
2341 4848
4285 4776
2281 3719
2240 3150
3041 4307
4751 4995
2680 3819
2304 2436
400 4888
3592 3726
1604 1975
4314 4349
3701 4044
97 1465
2172 4252
3426 4854
1848 3935
3362 3519
4627 4794
1799 3194
2230 3724
2314 4196
4061 4316
3330 4888
4038 4049
3701 4705
2030 2072
764 4075
841 4969
3071 3869
4684 4898
2070 2793
91 2368
1552 2697
2056 2222
2355 4458
4334 4926
1155 2828
3261 3797
1413 1970
140 4062
2391 2432
4852 4923
3667 4048
4556 4649
3921 4733
4053 4429
2994 3047
4678 4898
8 2475
649 3474
4818 4914
3355 3435
799 1324
3750 4078
1491 3195
3692 4697
3114 4155
2680 4300
1912 2164
1833 2231
1915 4741
3071 3920
3864 4451
4156 4922
2257 2812
1049 2760
122 4490
4120 4678
766 3570
1084 4526
931 1831
1051 3080
1171 4991
1221 1421
353 3320
1178 1618
860 4519
3169 4687
909 3883
4457 4659
2050 3063
878 2836
4709 4963
1849 2899
3315 3356
2957 3165
1141 3820
1524 4082
2329 4333
1350 1978
4609 4975
3660 4663
4123 4428
558 2351
3329 4209
3311 3952
3993 4359
70 3988
3474 4205
2064 3170
2824 4109
2879 3327
2471 3233
2304 2615
3779 3801
170 1760
4441 4721
1767 4097
525 698
736 3190
1999 4978
2462 2577
3357 4673
3824 4981
1890 4717
3384 4346
2877 4372
1765 3003
4929 4965
1582 2217
2482 4326
2618 3189
3884 4112
2057 4904
4693 4915
3320 4774
2205 3059
1460 4706
3350 3518
4701 4994
4446 4961
2738 4079
4444 4961
2217 3829
425 1503
2094 2405
1152 4524
1757 2791
4121 4949
1779 4683
3073 4914
4399 4496
1304 4349
103 4471
2429 2775
1109 3196
819 1343
1995 3720
545 3418
2501 2577
4902 4935
2841 3081
3105 3711
2830 3871
3649 4029
4058 4073
2623 3066
4201 4440
2502 4582
1219 4275
2070 3498
2013 3169
3329 3441
1407 4154
4071 4260
4436 4795
3547 4682
942 4600
4124 4383
2782 4261
3577 4271
1436 2866
2773 3667
3748 4711
2314 4239
3109 4157
3025 3904
1566 2234
3616 4121
930 3222
4490 4989
2364 2778
564 902
3425 4505
2335 4175
4156 4635
3433 4311
894 3493
1012 1063
1830 3873
373 2849
1634 2809
4753 4886
3203 4424
2053 4633
1347 3827
2930 3562
2265 4363
487 3857
4458 4972
3334 3551
304 1406
1805 3190
2238 2279
2566 4248
2425 3080
4382 4737
2874 2914
3630 3822
1571 4852
1984 2636
1745 4902
2374 3084
4035 4561
927 3549
2218 4892
2721 3376
274 484
3107 3810
2119 2911
1097 3904
3049 3816
3276 4375
2218 4025
1331 2422
1310 1793
2875 4251
4477 4510
2708 4225
2362 4998
2678 4189
1186 3185
4798 4942
3246 3818
3564 3670
1099 1730
4026 4032
2635 4171
1429 3970
3711 4259
4694 4747
140 727
663 3943
4398 4866
3485 3773
535 2931
3037 3836
2938 3248
2743 4696
4425 4942
4775 4875
3669 4085
428 438
4802 4995
2233 2953
4367 4646
2527 2740
2856 4767
465 4680
602 1605
4237 4647
2242 2893
1483 2504
1131 4974
2042 3718
3997 4644
1271 4867
4621 4639
2612 3045
4727 4947
1270 4103
3742 4282
1493 4227
1188 2307
4820 4948
2413 3714
4811 4839
992 3964
1798 2560
4743 4989
1005 2149
792 4025
2345 3217
3907 4897
1745 1916
1717 3235
3841 4183
4933 4987
2801 3545
3636 3754
2201 3743
4657 4985
3870 4228
3439 4552
3321 3462
3140 3997
1532 1875
3391 3628
3181 4795
2848 4464
1006 2457
696 3113
2098 3237
2615 4221
2978 4543
860 4299
3666 4160
2197 2240
2720 4932
1497 1901
411 1890
845 4594
3209 4269
90 704
4720 4789
1221 4391
1007 3201
1687 2930
1221 3463
2795 3731
1275 1881
205 4497
102 1409
494 1641
1389 3892
4197 4949
2807 3949
1518 1944
4951 4972
4234 4792
127 4980
387 2948
1295 4793
72 1384
502 4583
2233 2608
1249 4085
471 2393
295 1058
141 3265
638 3625
3105 3811
3588 4751
731 3435
2666 3349
3712 3974
4688 4958
3759 4661
3187 4057
1219 3315
565 1631
2272 2540
3893 4462
2590 4104
4819 4950
2119 3323
4765 4794
3634 4673
110 4140
628 4751
2401 3500
2290 4776
12 3952
4464 4732
4924 4986
3581 4211
4556 4784
4633 4934
2022 3462
4615 4963
1071 3721
3549 3854
4734 4953
4302 4679
4607 4952
698 4908
2110 2995
1250 1651
3109 4334
1879 2521
3997 4451
2940 4161
782 4083
3704 4391
4206 4466
629 4694
3567 4483
3791 4463
619 2567
1048 1344
3939 4281
4584 4820
1912 2894
571 1206
3545 3674
903 2639
3568 4834
955 3467
3466 3666
2559 3080
2799 4421
415 2049
2091 4585
4347 4434
1148 3848
2087 2595
143 4198
928 4935
3205 4853
3018 4733
4104 4363
3034 3071
4909 4981
2560 3013
1968 4915
785 1672
4837 4888
3598 4586
3112 4707
4647 4778
1426 4635
539 3498
4905 4983
248 3143
4260 4527
3092 4880
2967 4874
4939 4990
3316 3993
3817 4019
2267 3478
415 1089
4638 4773
2235 3432
3106 4061
484 994
3273 3852
1355 4841
3930 4852
4398 4450
831 2405
2115 2695
1794 4446
834 3027
3577 4554
3303 4698
741 3572
1905 4985
1036 1848
2864 4571
4013 4056
409 3486
1134 3802
1630 4943
4581 4891
1754 3537
2320 3131
2859 3309
3246 3493
2971 4859
2465 4108
4270 4684
157 2773
2066 3479
168 4273
3173 4613
902 4931
3860 3960
2375 3220
4064 4283
4984 4999
578 2337
3043 3798
946 2746
3253 3906
1246 1333
4009 4753
2410 4824
1251 4860
4109 4798
3444 3916
1664 2722
2306 4606
4626 4700
1071 2235
810 3050
3400 4476
436 4452
4269 4344
2235 2927
2418 3037
4683 4782
2939 3823
4087 4880
4438 4707
1649 2851
4054 4372
3694 4318
151 197
3967 4129
3263 4576
2003 3358
3194 3647
4488 4922
3747 4521
1367 4475
3626 4468
2113 4991
1837 3942
1024 2347
3589 4732
3975 4440
4196 4336
2600 3168
1508 4109
847 1252
3625 4947
3455 4270
1024 4364
4200 4323
1018 2934
2231 2657
4400 4487
3184 3425
850 4519
3449 4287
4612 4885
903 4493
4704 4960
965 2045
1636 4242
3894 4765
1828 2561
2872 3524
2068 4805
3476 4815
1045 4161
4275 4600
4551 4972
4200 4518
1104 1903
2316 2578
3190 4858
2338 4616
3920 4078
1119 2904
1228 4830
1630 3233
3010 3164
2305 4602
2937 3283
522 1610
3102 3766
114 4581
4485 4871
3433 4774
4527 4695
4986 4989
1167 4693
3668 4723
431 4987
1717 1814
870 4810
4114 4808
2026 3392
4675 4830
1561 1582
1434 4736
4438 4791
4912 4965
3505 3767
870 3201
1453 4478
600 3026
849 4498
4093 4138
2976 4515
1383 3967
4630 4939
866 4043
2635 4360
2763 3350
969 1241
1287 1852
3273 3322
3228 4733
3458 4829
4607 4787
550 1633
901 3646
2438 2883
3385 3827
4838 4885
1742 4000
2092 3960
1883 4441
4714 4980
4877 4883
1828 3114
2488 4206
419 1714
2612 3860
918 1348
2205 4298
1230 1587
530 750
1972 3577
2228 4102
2164 4085
3986 4214
4511 4677
1176 2442
2478 4253
2988 4536
2958 4858
939 4585
1157 1480
3219 4229
3250 4369
152 2637
1307 4637
2156 2850
944 4143
2427 3166
3767 3776
2443 3019
3500 4592
4555 4607
2490 3097
3173 4648
2971 4346
2995 3954
2741 3637
942 3226
1441 4688
2755 3823
1282 1667
2529 2713
1747 3859
2474 4193
3495 3863
825 4521
4758 4909
4618 4780
2463 3528
814 4381
3128 3771
2012 2969
996 4244
630 3953
1512 3737
4677 4865
4724 4802
3683 4433
4474 4682
1216 2317
4598 4926
4867 4918
789 4450
4454 4685
2449 2466
4036 4129
4247 4268
378 522
1087 3843
2608 4114
911 4202
3205 3330
2059 4217
1525 2126
4551 4567
105 622
1360 1391
2965 3822
4813 4924
2011 4607
2680 3625
141 4438
442 3727
820 3786
309 3006
3347 3856
1502 2792
2705 4104
3133 4411
1954 2685
1419 3662
635 3476
3654 4938
3184 4450
4297 4713
2338 4980
1173 3744
4644 4710
1594 1819
2357 3362
347 2620
2674 4950
2458 3082
4119 4357
188 3623
1372 4905
3965 4416
3278 3772
3149 4721
1512 1567
360 3077
2865 3518
682 4717
404 2945
2359 3469
3140 3146
1559 4949
1051 2951
354 3583
3952 4318
1689 3899
2104 3872
2861 4929
3376 3499
4205 4521
1788 4380
634 4205
1801 4948
30 4159
2573 4291
1986 3474
1787 2700
3507 3693
3624 4505
1553 2974
2455 3473
414 2050
1363 4160
3485 4318
1764 3612
1727 4396
2714 3231
3559 4274
173 2503
3935 4428
725 4167
2734 2879
3826 4443
1581 2902
4427 4642
2649 3963
4840 4852
2086 2750
360 3200
1600 2598
4428 4534
3095 3782
708 1237
2050 3484
4368 4582
2005 4469
2956 4389
1114 3015
2805 4359
1399 3506
498 3565
1420 2385
2538 3133
4408 4713
2572 3630
543 3876
4819 4912
1207 2580
136 1096
354 3778
2568 2624
2274 3012
693 1487
3952 4792
341 3394
4860 4892
4153 4735
4689 4819
1325 2168
4050 4728
4234 4902
1166 2808
501 2597
981 3146
2857 3552
4368 4756
1121 1948
3391 4311
183 705
4053 4288
832 1450
736 3602
1953 3569
2006 4459
4193 4249
2251 4683
3059 3983
2061 4637
3610 4095
1656 4494
1683 2511
4927 4946
4811 4986
1349 3250
2057 2656
603 2846
3360 3430
2509 2807
271 2198
3536 4576
1708 3303
1295 3217
3649 4022
4071 4218
2742 3375
2030 2899
757 2782
1215 3712
861 1500
1619 3463
3438 4910
4862 4910
1477 3275
3398 3437
870 1111
859 4196
1485 3054
3153 4686
3443 4006
1243 1679
3934 3961
868 2775
166 4423
3093 4494
1872 2967
3768 3802
499 1858
842 1137
1933 4346
4228 4239
4241 4488
4350 4487
466 4633
2537 3135
972 1956
138 1947
3932 4099
2861 3462
2165 4391
627 4656
3055 4701
15 2439
2941 4181
2716 2778
1315 4200
4633 4648
4098 4871
783 2315
2775 3415
3564 4933
4334 4832
3589 4912
4944 4987
4225 4712
4858 4886
1289 3850
4868 4930
1250 3986
4252 4967
3452 3891
3080 3235
667 1136
3476 4912
1359 3357
377 3742
846 2575
527 1392
744 3062
4590 4640
3544 4515
3417 3733
3827 4601
1154 4238
1716 2095
2407 4031
2189 4411
3104 3783
4257 4482
3759 4201
4954 4993
4924 4931
4195 4982
3529 3723
2381 2916
2650 2896
3395 4663
2525 3405
2732 3716
3237 4726
294 1676
2498 3421
2588 3747
4718 4945
240 1447
1779 2726
3271 3914
1186 3994
4817 4821
2016 4069
3765 3921
2393 2761
4614 4988
3750 3813
2297 4901
4523 4562
4817 4922
1901 3600
1629 4825
4630 4917
2621 4330
4528 4567
34 4900
2886 3110
670 4343
4745 4801
2155 4141
1404 1823
2494 3085
2365 3430
2190 2206
3744 3883
2716 3160
590 1825
3531 3985
3345 4400
1329 2572
4024 4922
4401 4447
4508 4809
1300 1777
4876 4919
3292 4834
2822 4573
619 2711
2022 4036
4933 4999
1007 2782
3509 4801
3992 4623
52 257
851 990
4358 4580
3014 4140
2899 4452
526 2054
4777 4811
3512 3974
4648 4790
4324 4660
3712 4342
4802 4859
513 1751
4577 4797
4714 4902
2142 3535
4049 4657
957 3818
1327 4043
1144 3901
3471 3563
2649 3370
1415 4062
1547 2470
871 1506
3430 4354
1355 4251
1733 2036
4658 4972
2237 4112
147 1949
2607 4931
2125 3813
1434 2415
3578 4981
3120 4122
681 1095
2136 3308
3195 4310
4285 4561
975 3303
4635 4957
93 4687
133 4787
409 4103
2745 3110
781 4115
260 431
4379 4451
813 3573
3075 3987
261 3400
1031 1112
729 1205
4902 4986
4052 4073
3911 4663
4947 4972
2343 2927
3820 4209
2194 4859
3117 4885
2702 4983
2881 4110
3767 4643
2132 2284
2767 2835
2342 4445
265 312
3104 3274
1593 3811
2651 3362
3558 4462
2699 3063
2770 4816
4537 4736
2899 4435
3009 4171
2922 3685
87 2816
4669 4886
4196 4876
4367 4470
4527 4593
2268 3818
3278 4985
1296 2002
3586 4854
1475 2646
86 1618
912 4896
1527 2371
1671 3254
526 2336
1982 4287
159 1765
3122 3159
2780 4510
3444 3988
1982 3671
2018 3838
1580 3114
4049 4533
2900 4435
2004 2361
741 1867
363 3882
2652 3423
1783 2283
3675 4546
879 3183
3422 4058
958 3934
3108 4287
1308 1620
4565 4798
3664 4174
4751 4887
4106 4481
3394 3546
1061 1810
113 1388
2127 3058
964 4916
709 2030
4406 4602
3930 3989
4692 4977
4846 4868
2058 2502
2521 3925
2134 3866
4137 4819
451 544
537 984
2997 3980
1654 2224
1806 3969
4601 4759
2279 3633
4942 4986
3907 4393
43 208
4339 4613
4230 4542
99 1960
3819 4836
2303 4328
1259 3793
1578 2831
3929 4266
901 1679
1626 4774
1726 4741
2961 3349
2900 4996
876 1507
4553 4838
1996 2622
3725 4472
4480 4636
3563 3824
503 3650
1439 3785
3302 3814
4469 4902
1799 3754
854 1908
2833 4808
4332 4374
1642 3394
951 3599
113 1656
2591 4918
4440 4688
2190 4524
1864 4700
2578 3958
1230 3478
1954 2440
4224 4975
445 4866
3933 4073
1594 3374
3142 3501
3474 4288
4218 4641
2020 2225
4380 4681
3620 4362
1053 2723
4874 4906
2578 4500
1033 1559
916 3128
2219 4086
635 2010
3846 3938
1684 3178
2678 4768
1029 3726
2411 3191
2228 2807
1645 4442
1341 2619
2886 4799
420 521
4151 4668
2986 4959
3113 3433
4089 4663
2237 4812
603 1321
504 1998
1655 2676
2759 4754
2996 4419
3097 4624
2548 3381
1794 1957
3225 3844
1987 2784
3152 4322
3374 4965
4223 4905
420 2519
3362 3569
2163 3491
3354 3611
2381 4115
100 3481
865 2146
4208 4575
4359 4434
4936 4983
963 2542
3450 3691
624 4033
948 2658
4531 4564
79 1382
1809 3723
1368 4821
2514 2769
3415 4972
1809 3391
4339 4595
4601 4710
1015 4399
1713 1724
1914 4626
1805 3600
2514 3269
2998 4516
3055 3600
4686 4846
3325 3689
578 1189
1025 3522
765 3949
3581 4659
356 3146
3732 3765
3960 4939
2001 2692
3988 4971
4717 4773
3533 4304
3342 4851
3705 4329
3828 4870
2471 2693
950 4106
2918 4728
1279 2872
3391 3606
4164 4884
2365 2985
583 2297
3518 3680
92 2327
4847 4967
4833 4834
4544 4776
2679 4306
595 4009
3836 4922
2514 2648
3128 4636
177 1002
4174 4785
2620 4460
2458 2533
3667 4240
2688 4727
857 1442
4015 4987
2860 4790
4216 4734
1813 2083
4002 4655
2733 4418
3537 4111
1404 3169
3719 4262
914 3426
935 1209
2392 2785
869 1640
3494 3952
2587 4762
1603 4213
211 481
3244 4729
1696 2727
2898 4341
1179 1707
2946 4822
1106 3363
1259 1618
4505 4586
1777 4904
4604 4771
1104 4322
565 2971
3650 4601
4293 4519
1533 2568
633 2480
1711 3642
4547 4793
3563 4012
3032 3320
4942 4966
3986 4216
4836 4956
3643 4096
788 1453
4399 4502
1796 4863
3488 4809
4958 4979
886 1451
1534 2066
2155 4277
4043 4564
3308 3361
1780 4210
3106 4308
537 998
4917 4982
2107 4749
3091 3699
3900 4581
1604 3763
4430 4757
4576 4954
1047 2189
4583 4862
4013 4137
640 996
4017 4507
847 2995
33 3632
1498 3642
4992 4998
1664 2598
2734 4317
1479 4468
129 2195
2195 3006
615 1223
2961 4801
3708 4809
293 3589
3310 3518
3142 4657
2896 4028
2675 4037
1931 2436
4807 4816
4024 4407
921 1886
2109 4600
338 2237
1409 2260
3614 4352
4486 4813
3377 4452
4220 4825
2254 3056
262 897
2708 2892
2574 3850
3509 4051
3901 4075
3775 4071
2588 3382
930 1191
61 4032
465 3801
2801 3250
658 4980
817 1168
627 1550
626 2168
4161 4531
3371 3569
2458 3491
3534 4448
2159 2549
2325 4475
4034 4361
4568 4704
3879 4635
723 2120
2881 4896
2730 4493
821 1004
1584 3986
3405 4260
1816 4229
2074 2381
4759 4951
4645 4736
4677 4749
350 3757
3459 3673
2165 4041
728 1773
1396 1477
2479 4752
4840 4893
26 1688
755 2497
2997 3864
3262 3987
885 2412
2568 2782
21 965
1626 3157
1808 4431
4798 4826
3189 4355
482 2489
2148 4818
132 1794
3741 4495
211 918
3930 4740
195 831
754 3272
1691 3683
512 2598
145 3723
551 4413
641 4705
619 3022
4460 4489
4244 4895
4198 4509
2333 3043
1910 3035
4122 4927
2823 3677
3288 3518
3131 4748
3905 4822
4737 4765
2927 4039
2570 4413
2706 3136
509 1961
3632 4633
4243 4848
3877 4923
2865 4167
1264 3388
3650 4185
2601 3082
3885 4440
166 4658
2931 4480
806 4728
4279 4792
4295 4976
2467 4143
2667 3603
59 4336
180 2592
1528 2935
3375 4717
1254 2197
1877 4676
4548 4703
4910 4920
2363 4315
4109 4350
313 4469
3429 3995
1207 3757
3053 3907
3616 3807
210 3346
551 639
338 2136
3296 3733
2507 4388
455 1335
3268 4179
2420 3026
4085 4912
46 1879
3761 4721
1110 1777
1930 4611
885 903
906 4601
3274 4155
789 2106
1298 4957
1285 4314
764 3828
2493 2909
3940 4851
91 3994
1683 1954
2314 4777
2502 3720
345 432
749 4245
4654 4964
3450 4081
1318 2850
2658 3949
694 1575
1035 1741
7 418
773 3376
138 3010
2389 3039
1064 3800
4965 4981
936 1937
4093 4522
4044 4591
278 3434
4300 4875
4923 4999
960 1943
528 4849
1359 1681
3967 4399
3105 4241
607 4149
485 2662
3787 4664
3977 4400
739 882
1445 3411
127 405
2565 3723
2329 3007
393 762
4611 4825
3046 3917
4094 4308
2666 3549
402 3114
1504 2779
4274 4379
2947 3916
2283 2472
352 2685
727 3277
1403 1449
973 4028
4653 4964
1269 2061
4669 4745
3637 3877
4237 4645
4708 4998
3018 3984
4673 4799
1635 3328
1578 4890
115 259
4091 4700
2823 4562
3416 4411
210 4860
640 663
202 2515
4500 4507
1318 2720
2690 2758
4581 4918
2418 3862
1946 4529
1196 1662
3901 4039
4281 4626
3563 4565
2692 4992
3029 3706
506 1289
2090 4704
3539 3974
4142 4341
4100 4414
4818 4868
4430 4852
4268 4416
3 4458
4179 4290
1961 4268
4103 4543
60 3055
2052 2559
2919 4438
756 1942
1524 4856
1316 3924
3940 4432
3085 3196
2242 4094
2949 4076
3967 4636
4638 4666
3170 3348
707 1488
2699 3394
350 970
1773 4571
781 2414
3114 3710
2127 2449
2310 3346
1731 2561
3001 4896
1364 1757
3168 4910
2696 3619
4835 4957
4159 4308
21 2741
73 3910
4332 4356
2938 3844
2762 4626
1355 1766
4408 4561
521 1580
743 1355
2273 3269
251 2311
973 4616
1265 3521
3639 4932
1275 4544
1668 4103
733 2148
3131 3374
4561 4794
1193 4113
3926 4295
2195 4664
3983 4754
1516 2240
3411 4317
4497 4796
50 2991
921 2905
3068 3835
4861 4946
2242 4668
2797 4771
1519 4021
4867 4990
3575 4552
2102 2318
4201 4688
3724 4403
1311 4523
4114 4607
2763 2997
4015 4705
3327 4443
1391 3681
1829 2993
3172 4694
4031 4257
985 4499
4433 4903
1076 1440
4286 4710
923 3287
3671 4246
542 2465
1905 4930
2455 4783
1651 3843
702 1777
4307 4656
2244 2633
3639 4552
707 3981
1090 4700
4360 4680
2581 4818
2712 4647
2007 3782
2662 2699
701 1616
1836 4478
1140 1686
2028 3681
3359 3471
2828 2928
207 4949
4633 4645
869 4362
600 3590
4589 4932
2513 4279
4425 4606
721 1643
401 2211
1444 3388
3153 4772
1789 4895
1727 2848
229 2764
1730 3252
2874 3804
3224 3344
3122 4719
4170 4382
2664 3436
364 1565
1145 3505
4416 4921
2928 4068
4808 4871
3983 4953
4788 4859
1133 3149
2715 3630
2261 4355
218 1503
1736 4155
501 816
4981 4987
4190 4904
1524 4534
1658 4940
2220 4959
4712 4933
4313 4749
702 1610
645 2851
3746 4716
1012 2533
1623 3683
537 4615
3434 4266
1611 1972
3449 4910
1847 2480
3291 4480
2969 4072
638 3554
1152 3243
2077 4759
2367 3872
652 3578
2370 4078
1130 3282
3076 3512
3620 4355
4104 4519
1470 3864
2892 4466
3907 4769
3471 4352
219 847
2246 4562
1798 4525
3251 4728
2097 3103
4588 4848
3509 3812
197 3331
2908 3204
645 4951
623 4492
4512 4801
1931 2843
1816 3414
1651 3412
2984 4257
3325 4247
3715 3837
2341 4639
1065 2074
2877 3211
2834 4071
336 2875
2718 4582
1919 1952
4637 4880
1585 4351
848 4901
3374 4897
2660 4496
1119 3036
1038 1106
3498 4202
3978 4235
1237 3658
1284 1573
1139 4034
1045 1896
3994 4956
210 616
4035 4044
2659 3044
1773 2922
3508 4033
3143 3900
3698 4740
1885 3438
2592 3183
1801 4385
1381 2796
255 4410
2224 2325
2799 4054
1514 4815
2578 4123
4086 4630
3275 4477
2545 3868
2101 4649
3404 4319
3994 4673
1464 4945
3569 3684
1439 3530
3900 4572
2134 4935
130 1585
275 3567
1484 4069
3681 3849
2347 4491
4487 4986
1392 4407
819 2286
2437 4512
3950 4037
1583 3824
11 4868
1882 4268
2066 4999
964 4756
2044 4463
2245 3628
3449 4380
2449 4005
1476 4559
2490 3743
2037 2870
2555 3633
3543 4982
1426 1520
4947 4956
4271 4719
2558 3921
3261 3706
2785 4875
1745 4524
3318 3731
1909 2849
2361 2756
4127 4161
3496 4780
1718 3889
3569 4407
2202 3160
930 3633
3530 4328
3737 4746
577 1580
4591 4806
2335 2975
2363 3793
3817 4940
3445 3923
686 4694
2165 3676
3314 3704
2567 3926
2826 4114
1743 2864
2214 2468
1414 1706
2883 3216
4071 4477
4780 4874
3808 3876
362 4181
2071 2790
3310 4250
3307 3418
3552 4873
4599 4724
364 3817
4921 4996
2703 3707
1909 3824
4343 4638
2948 3541
4363 4699
4028 4343
1407 3735
2369 4472
4188 4904
3842 4771
869 4064
2357 4700
418 1410
2383 3220
3561 4758
4986 4990
2007 2727
1642 2513
1424 2727
2077 4426
2635 2782
3116 4925
1949 2086
4534 4546
4336 4920
4478 4526
2880 3780
2421 2903
82 1698
1716 4261
2047 3581
3246 4785
284 2817
759 820
2134 4781
1073 3417
2873 3724
4023 4880
3991 4059
1290 3686
1614 3062
3876 4839
4247 4285
335 3870
4172 4607
363 2474
910 4154
3563 4609
213 1229
1386 2304
2704 3364
4614 4879
2913 4718
1489 1520
4664 4841
673 768
2542 4652
453 4843
177 607
3354 3938
1755 4320
306 2387
77 3911
2734 2912
4609 4730
2587 3960
2410 4628
1312 4214
4775 4895
4050 4524
877 3861
2472 3154
4459 4981
2149 2349
4297 4602
3631 4190
2149 3888
975 2814
355 2198
4721 4727
3167 4856
2727 4005
1617 4595
4448 4888
4397 4895
4984 4999
4187 4435
1779 4315
2136 3109
1306 1666
1946 2342
1699 3752
4874 4995
3508 4523
2739 4821
1593 3792
4564 4748
4645 4869
1309 4319
1427 3337
1874 4925
510 1619
2765 4062
218 3260
1068 3430
2811 4780
4160 4994
791 1540
202 3469
4138 4850
422 449
597 1260
4241 4700
2007 2673
4472 4793
668 2751
1378 2091
1339 1561
3832 4953
2494 4608
3511 4631
828 3865
2773 3576
392 2897
898 3265
2133 3573
4656 4676
247 4368
3700 4211
2085 4969
4661 4678
1577 4232
748 1114
4111 4857
889 4264
1163 3945
3802 4561
3468 3640
4128 4556
1868 2149
3423 4043
103 523
1890 3172
4392 4806
3387 3446
884 1705
3722 4596
2597 4568
2206 2947
2935 3739
497 4595
1472 4654
3511 4171
3439 4283
362 479
84 4902
2097 2172
325 382
3505 4904
2301 3331
3336 3925
3755 4253
4309 4984
4408 4434
62 458
4662 4857
923 3895
3517 4122
560 3135
718 3999
1386 3962
1182 3734
2406 3014
4884 4905
4823 4844
1416 2871
2622 3955
2520 4365
3733 4549
2891 4400
4303 4533
3660 3844
4188 4202
2999 4293
2871 3584
3567 4730
2661 3450
3737 3753
822 945
4234 4615
1739 1967
4432 4523
4269 4271
3082 3351
3345 3733
859 1879
2029 3331
4156 4320
3745 4236
4605 4984
1907 2743
3372 4746
4829 4866
3992 4360
1672 4499
3936 4546
2132 3863
2512 4577
124 3051
1001 3804
804 3655
3330 3400
3307 4625
3 3960
18 4290
3688 4306
3658 4177
3641 3740
3293 4249
1849 2362
3232 3544
3686 4927
3770 4275
3123 3583
2947 4475
2257 3321
2579 4184
1867 3467
4867 4940
249 4985
2731 2897
564 623
678 1782
1994 2897
2571 3317
25 3278
2857 4691
2122 4181
1141 4412
4946 4996
2018 4239
4669 4673
2860 4185
2766 4246
2920 4453
4827 4907
1105 4876
4873 4922
408 982
2470 3557
3834 4267
735 4568
2260 3354
999 3203
1076 1902
859 4491
947 2133
1500 2215
2401 3433
472 4444
1187 4780
2733 3432
4363 4694
2267 4305
4563 4756
2581 3698
452 1075
3222 3505
4754 4972
2535 4917
850 1569
2759 4268
3395 3835
1631 1942
3158 4563
3684 3989
2447 3673
3319 4584
1578 4215
300 4476
3025 3985
2777 2889
555 612
2596 4454
4414 4656
4575 4695
2147 3257
2397 2785
1611 1696
1631 4904
2629 4403
2534 4539
295 3270
4782 4969
2140 3386
1026 2472
255 1563
3254 4911
2622 4422
119 2147
1043 3122
170 771
424 3007
4575 4881
4949 4970
1160 2423
1600 3103
4688 4910
1488 1869
147 4875
4939 4955
2208 4455
72 715
887 1497
3616 4377
1581 3551
4359 4404
2573 4955
1905 3432
1434 2444
3216 4250
1719 2257
4522 4954
3369 4903
1428 2922
1354 2806
2336 3592
4975 4977
4412 4954
3714 4796
4904 4949
1511 3529
1091 3206
3820 4863
2755 4605
4957 4966
2683 4089
512 4898
1824 4887
449 4932
856 4363
247 3117
446 4839
2416 3095
3058 3189
27 1801
3664 3818
2845 3087
414 4487
1339 4618
2339 4322
2023 2522
3383 3504
1499 3169
3712 4309
3004 3395
2979 4727
888 3389
4531 4737
4923 4946
3273 3517
1772 3635
2914 4788
678 1175
2540 4549
2822 4600
4268 4678
2674 4827
4085 4289
3564 4513
4131 4859
2258 4813
2430 3818
4376 4745
2786 4318
2937 3802
419 2141
4860 4928
2949 3793
3769 4326
123 2327
3920 4477
620 3308
1546 3172
2088 3809
2406 3192
596 3217
3893 4375
2041 3106
1479 3281
755 3000
3513 4293
1390 2239
4421 4640
1104 4693
3444 4559
4565 4781
1184 3662
1018 2436
442 899
2992 3282
393 1502
4188 4322
3449 4533
3455 3494
1821 3292
383 4616
4292 4733
3725 4854
791 1214
3217 4304
790 2973
74 3961
4279 4671
3427 4026
3753 4163
70 3904
3374 4016
3421 4521
2480 4212
4091 4218
4200 4239
2626 4124
69 2981
3155 4643
1300 4468
1045 1957
4776 4840
4767 4884
3558 3966
3030 4598
960 1686
4453 4493
1071 4021
1424 3625
3333 4329
4163 4441
4017 4458
534 1904
670 1273
3590 4785
1031 2394
1993 2049
3996 4217
2156 3718
3567 4980
1060 3581
3962 4612
3155 3774
2030 4132
4991 4999
4682 4832
611 3484
37 375
2118 3378
2832 4169
1704 2839
291 2448
1247 3794
3693 4959
2280 3862
3686 4902
1712 1756
4192 4519
2059 3525
2474 2490
3420 3512
3611 3905
1075 3286
3884 4608
1630 1903
3693 3737
2185 3298
442 3753
933 2979
889 4467
3835 4162
2412 2855
4003 4676
3099 3459
2279 4843
26 2445
4745 4920
4374 4580
3623 4992
3895 4613
2079 2406
4814 4908
4969 4970
4676 4883
4352 4815
21 4524
2735 4407
1368 3687
4957 4967
1173 2276
3880 4594
4543 4634
1843 4825
2782 3389
4462 4887
4597 4664
4075 4382
666 2534
1066 3576
688 1631
4564 4805
2595 2842
3112 4625
4431 4994
109 4975
3046 4512
1194 3899
4692 4919
4696 4741
2570 4680
1999 2297
3782 4652
3615 4124
2107 3455
1820 4332
57 2929
2729 3235
4141 4689
2992 4442
3973 4954
4100 4620
1127 4963
4028 4212
2546 4382
4917 4943
2704 4075
4735 4957
531 3002
885 1035
1411 1465
3540 3792
1301 2324
2335 3002
2774 3819
4483 4765
1593 2760
4542 4807
1153 1427
4870 4960
4226 4984
3743 3959
1056 2059
4068 4611
1426 3781
305 4891
1040 4796
4417 4640
492 2053
511 4463
681 803
1253 3892
965 1302
634 3249
3976 4170
515 1172
269 1677
4970 4972
2849 2869
3284 4892
1192 4912
1369 4266
206 909
2643 2937
2910 3185
4581 4918
143 1881
4673 4865
4342 4449
1821 2007
117 3887
3831 4385
644 867
1682 2501
2262 4888
4088 4854
4519 4933
3343 3430
2798 3390
976 4719
1428 3696
498 2670
4558 4607
1946 2487
4940 4963
4773 4847
844 3561
3738 3816
3274 3957
1058 4399
3172 4555
2558 2574
237 1110
3973 4363
4552 4563
1585 2191
236 1800
579 3748
3997 4008
3745 4081
2120 3023
2681 3696
4110 4381
4160 4751
3969 4776
1599 2825
1906 4216
2931 3059
4588 4878
4150 4870
2510 3604
3270 4089
4222 4853
3432 4566
3368 4099
2146 3002
2461 4428
4417 4720
4633 4804
3574 4544
786 2460
1049 1137
3828 4378
1445 3297
2790 4617
4494 4713
3106 4187
3648 4668
1313 1512
1123 4631
3971 4724
1837 2101
3331 3628
1260 3161
2357 4181
3761 4552
36 877
4649 4825
4008 4340
4 2139
3458 3989
1743 4086
475 1173
4549 4996
3069 3240
4120 4740
3277 4490
157 749
2331 4802
4703 4867
3917 4215
397 3672
2641 4810
4713 4729
1424 2426
509 3268
1077 2270
1146 3174
2832 4549
711 1489
2719 4353
273 3521
3629 4224
2192 4571
1018 3534
1206 2051
1868 3047
446 3316
675 3933
3451 3749
3384 3482
4945 4948
3349 4361
4878 4904
1401 3702
1893 3214
3755 4716
1791 3064
1247 3478
3 3241
3037 3842
2427 4341
1907 4586
3480 3575
2172 3249
962 4440
1504 3224
2828 4402
2200 2316
2322 2878
2704 2957
3608 3754
415 1090
4554 4761
1229 1488
4820 4828
4450 4460
3624 4272
562 1542
4801 4977
516 2771
3785 4198
1968 2688
316 1783
3197 3237
2816 3171
488 4653
426 985
4275 4955
1909 3507
1093 4111
3395 3525
3796 4401
1917 4815
2259 4722
97 1419
84 1776
161 992
2036 4621
1692 3930
1547 3737
3278 4799
3627 3948
1962 3463
4810 4881
3080 4094
4390 4618
838 4822
1099 3397
1263 1302
462 700
1673 4867
558 2833
2837 3641
3229 4227
4285 4410
1821 3536
4378 4823
1044 1195
4683 4998
1671 4032
3460 3641
4086 4727
4384 4565
999 4693
4597 4883
4044 4955
1148 3001
1027 3702
2140 2899
2515 3536
3674 4366
719 2633
809 1080
219 780
2619 3415
1770 1824
3060 3521
398 4969
4813 4996
3995 4128
1308 4988
2427 3556
1718 2433
4514 4775
4279 4600
727 1345
2024 3990
3245 3580
3256 4882
3645 3885
4127 4829
1333 3012
4757 4947
3401 3815
2627 4316
873 1365
1790 3397
4790 4946
4800 4919
2012 2464
132 3235
208 1713
2942 4259
1087 2900
3321 3842
2958 4195
1712 1902
3980 4707
390 3058
2175 2184
425 2750
4709 4760
1491 3021
972 3884
962 1312
2533 2981
3437 4932
4677 4930
3542 4903
864 2907
3991 4852
2756 3661
4360 4953
2228 4665
1113 2789
4556 4904
2041 3403
1919 2400
2044 4732
2062 3730
506 3737
603 752
1232 2935
1801 2576
4485 4809
3344 3835
2127 3198
3043 4019
1172 4943
4183 4409
2922 4148
816 3473
2955 3519
4093 4868
1267 4006
2069 3339
1899 4804
4463 4628
1915 2372
1282 2670
1078 4415
4383 4771
2432 2760
1886 2938
4566 4677
736 4893
4957 4991
2946 3384
3303 4787
4812 4857
1172 3700
4580 4675
2783 2797
558 2903
1416 1857
3882 4684
1194 1848
2673 4720
1050 1479
2622 2944
2409 3528
4629 4773
63 2461
2874 4540
1869 2032
1023 1621
2463 3362
198 2736
2044 2247
194 3993
1446 3045
2981 3227
4479 4947
3293 4301
4798 4858
2131 4979
2104 3400
2495 2599
431 4363
3280 4667
1198 1344
1762 2681
4119 4208
4268 4328
1858 3331
2790 4790
2314 2484
1504 4962
2545 4717
1374 4220
262 2954
3645 3769
2978 4790
3380 4759
2349 2708
1270 2894
1085 2376
302 414
4151 4338
2156 4334
1645 3779
2459 3455
3674 4396
3480 3815
2819 3323
4187 4701
58 1620
2179 4743
3027 3426
3778 4379
4191 4224
3418 3562
2264 2832
2407 4219
455 1284
4825 4898
836 4495
4400 4641
760 3473
895 1529
3611 4565
1265 4917
118 1065
2638 3485
3331 3480
3918 4986
4114 4648
1279 1712
2007 2034
3631 3927
1674 1873
4562 4799
3551 3639
868 2551
11 3266
3463 3537
240 1667
3246 4953
297 1577
549 2343
1835 4822
4334 4378
1932 4323
1585 2082
3457 4236
1564 2354
4321 4740
4856 4863
4715 4766
3632 4280
1338 4561
1948 2031
4435 4870
846 2094
3378 4035
860 3411
3643 4272
144 802
3844 3924
4207 4348
417 1772
1204 1500
1367 4081
1051 3239
2534 3934
1634 2018
3636 3859
1080 3571
2418 3068
2239 3417
1792 4637
2202 4019
374 1550
3306 4509
1423 3613
4816 4828
3487 4523
894 2190
3005 3881
4213 4609
2105 4233
2828 3027
3697 4039
4939 4976
3343 4493
3165 3659
1580 2396
4842 4900
716 4301
517 4481
1070 4832
2068 2482
811 1971
758 2059
2972 4793
2549 4262
4156 4393
2911 3668
982 4972
3656 3952
2560 2888
1702 4924
1994 3891
3245 4911
664 2177
4917 4977
2104 2202
100 4651
1322 2284
2643 3325
2346 2895
1658 4391
4696 4769
4156 4436
3490 4021
3161 4265
2633 4108
2211 3243
4415 4578
4633 4898
1418 2052
4676 4726
1876 2375
1412 4087
2290 3568
3700 4211
4204 4242
3473 3532
3324 4383
1138 3148
1804 4275
4803 4884
941 2673
1255 4180
3370 4578
703 2923
1034 2619
83 1484
1199 4609
1511 2948
608 1444
1165 1682
152 3069
2288 4190
907 3767
948 2939
1605 4919
4179 4214
3499 4052
4775 4915
102 1806
2407 3466
4129 4536
3351 4948
2719 4999
471 1587
2134 4583
4627 4914
87 2085
3305 4010
1851 3323
4760 4981
819 862
125 4120
2519 3068
2001 2245
4696 4863
4362 4780
4947 4987
4324 4987
4925 4966
4736 4885
3633 4100
2425 2746
4994 4995
1196 1376
4584 4785
4427 4759
1716 2393
1162 4926
1877 4611
2006 2173
1376 4196
4088 4750
4409 4845
2433 3913
1091 3400
830 3033
3917 4813
2601 3985
903 1881
2950 4943
703 1263
730 4933
2934 3830
631 1116
3707 4862
4076 4357
4126 4146
250 964
2289 4289
2462 3181
1849 4239
526 1297
3823 4701
1213 2003
4164 4203
2510 4472
4103 4415
2280 4868
4373 4937
2214 3278
1443 4525
188 2444
4249 4724
4895 4952
3060 3272
3049 4718
2099 2945
566 2004
928 4870
3438 3478
2837 4582
4387 4560
4707 4837
1917 4486
1186 1518
4757 4853
2751 3031
2131 3082
4181 4816
1161 3930
3652 4072
2832 4375
1847 3250
1745 1885
3091 4901
3192 4087
1462 3646
1439 4686
4464 4650
3763 4569
1160 2374
93 4540
1072 4296
3681 4117
308 2361
2574 4752
1331 1483
2556 4050
1062 4401
1084 1743
2365 3414
3222 4784
1087 2309
718 3761
2962 3272
2533 4560
3899 4396
778 4311
3428 3559
4490 4951
1432 4656
2599 4144
2632 4217
4521 4617
3166 3255
2524 4166
950 1477
3415 3920
3 1066
2006 4070
1231 1733
4586 4676
2473 4997
3457 3812
1844 4938
1399 3445
2393 4122
1017 1053
1210 3746
4766 4834
2008 2375
99 687
448 1114
430 3125
3882 4530
2127 4679
2772 4946
4543 4966
1008 3603
1593 3429
4963 4984
558 1247
1026 4460
4387 4401
4106 4178
4354 4710
1231 4682
4004 4964
1702 1887
4682 4699
1008 4913
2167 2306
2781 4819
3635 4773
1223 3565
1127 4927
4036 4868
3429 4286
283 1084
423 2362
3711 4672
2247 3698
3040 4501
1848 3820
3228 3844
3985 4942
3981 4204
2853 3844
1363 3516
2088 3549
1057 2259
4061 4898
1494 1879
2749 3077
2448 4682
2599 4091
2835 3217
4276 4898
3771 3803
2174 4203
2558 4723
3595 4040
2683 4606
4623 4696
3788 4540
3313 3727
4307 4902
3798 4794
126 3828
4135 4670
1223 4229
3989 4366
4009 4797
3166 4778
3837 4234
3776 4098
3008 4463
1161 2823
1084 3138
3766 4187
591 1168
1516 1856
4143 4951
2489 3927
70 504
1432 3783
2972 3782
1023 2177
4825 4933
4654 4907
1871 2168
1387 3632
3288 4727
2839 3397
3245 4610
638 3138
1471 4740
2575 4232
1158 3116
1372 4669
3176 3243
2162 4455
4300 4405
1771 1795
4879 4991
512 830
4090 4512
2744 4558
4611 4958
3394 3886
1394 3280
2721 2933
3192 4561
3337 4372
4071 4289
419 2359
2880 3685
2861 3000
340 3357
3859 3932
3154 3581
3581 4383
1398 3376
4122 4633
4798 4977
1542 3494
4950 4993
4223 4224
2145 2832
4187 4922
53 3640
1287 1644
522 1580
145 4791
1969 3068
444 2098
1988 2056
2324 4386
550 4138
2478 4310
2190 2756
2575 4101
3417 3505
1980 2712
4419 4453
3874 4881
1445 3258
1344 2900
4253 4552
4267 4824
3445 4373
4649 4750
2107 4261
4173 4517
2437 3313
1122 2604
2169 2931
2096 4859
2277 3155
4039 4513
558 1251
4075 4778
3899 4172
2771 3367
2313 3564
1339 3013
4887 4993
2315 4330
406 3279
3991 4313
4453 4844
786 3947
1724 3975
557 2878
1226 4569
1643 3866
4592 4994
2064 2438
3593 4362
2428 3233
968 2419
1646 1798
2786 3705
4428 4703
2003 4253
1033 4626
570 2095
3062 4543
1308 2501
369 2914
800 4206
2427 2994
1594 2992
504 3184
2550 2966
25 2759
2128 4825
4479 4575
3602 3867
1403 4158
1827 3218
1864 2592
4889 4995
695 1409
1825 3129
1749 3780
1559 4478
1386 1795
2972 3547
2721 4821
1354 1527
1219 1527
4402 4967
3533 3939
4532 4628
814 3425
1095 2108
3008 3452
3224 4527
2010 3316
2139 4433
4439 4814
523 1481
3075 4012
1525 2540
3573 4475
503 2587
3085 3461
1819 4954
257 472
1459 1668
2902 3618
4157 4387
709 3216
4604 4684
4283 4689
1397 2806
4550 4862
1926 3773
2804 4052
1309 2627
4953 4977
2695 2833
4825 4838
2149 4225
3948 4220
1128 2987
2463 3154
3783 4499
1880 3119
4346 4771
15 1587
2186 4301
1428 1836
4606 4626
4289 4612
1029 4245
2182 3858
4371 4899
2620 3396
4355 4852
4560 4571
4361 4769
4112 4955
2114 2740
2167 4090
290 4148
3667 4430
1743 1984
3485 4666
3180 4745
1614 4405
2866 2875
894 3209
4033 4731
1481 4687
3864 4301
2174 3156
3740 3992
3317 4456
1212 1402
2588 4447
594 633
3635 4450
2524 4706
3155 4471
2851 4229
3263 4298
1594 4196
740 4218
435 2477
2720 4670
2902 4689
4799 4894
4147 4369
3746 4688
204 3726
4129 4344
2929 4938
4979 4996
530 2077
4632 4868
694 3550
3385 3726
285 2285
3648 3805
3704 4331
4872 4907
4493 4650
4078 4339
4488 4919
136 1598
785 4564
4149 4308
4078 4441
926 2977
1519 3847
3972 4553
267 4610
3358 4397
3690 4165
981 1811
183 2884
542 3851
2668 3838
2152 3162
3193 4863
3017 4296
1704 1910
3737 4271
1775 3064
2748 4202
4674 4765
2298 2972
2082 2484
587 2324
4676 4844
2642 3799
199 1394
3782 4881
4657 4881
2668 4563
3427 4227
3966 4910
1917 3540
3267 3398
2261 3497
4650 4707
3011 4875
425 721
2177 4685
4678 4758
2712 3502
300 831
1862 3625
2478 2866
3053 4472
1803 3966
4401 4971
1559 3498
28 1429
447 1827
1008 3799
2258 2360
4146 4421
2835 3172
3231 4149
2008 2824
1030 2733
3497 4660
2563 2750
4799 4814
1422 3878
3947 4104
1537 1803
766 2706
399 643
4479 4893
2613 3805
3804 4175
2820 4382
2147 4723
4710 4760
2963 3083
4381 4512
3401 3551
2337 3895
111 566
4345 4872
963 2316
4192 4539
1899 4770
2550 2765
646 2322
940 4742
3463 3873
855 2128
1466 2435
4096 4478
810 2352
2766 2959
3527 4197
4940 4983
654 1210
1449 1732
2010 2294
791 1494
2398 4776
4607 4914
1309 4365
4971 4994
2296 4998
3550 4105
2846 3241
4750 4817
13 2583
225 617
793 4632
3169 4598
3612 4847
23 3824
2495 2736
882 2764
3456 3647
355 4429
2335 3189
2754 4889
279 4945
3221 3758
949 2544
3726 4821
4405 4453
1063 2174
1155 1632
353 1332
703 2470
1306 3880
665 3177
3456 4005
3032 4333
1178 4742
1253 3563
204 2880
3237 4677
3010 4614
1962 2304
581 2949
1271 4131
3444 4053
2357 3192
1476 4941
4315 4682
1835 4084
700 4953
3971 4512
2780 2797
3681 3709
4895 4939
703 3638
1719 4534
1377 4150
2094 3821
605 3194
2661 3667
1648 3295
3329 3601
2169 2481
4719 4877
231 4150
3379 3560
4078 4119
1137 2041
752 3435
3247 4265
4480 4888
4541 4818
4180 4784
185 4879
3139 3758
1403 3370
3930 4946
389 1634
2631 3962
4116 4290
4032 4843
1865 4789
2990 4063
4706 4722
3284 3449
1851 4947
4699 4724
422 2121
3351 4547
1658 2584
4291 4855
2325 4480
2812 4895
1561 4234
2116 3536
1458 4259
4367 4722
902 3451
3936 4763
1340 4889
2963 4580
1038 3479
409 1080
3681 4797
3166 4532
968 4133
1824 4309
4343 4777
745 4003
1544 3815
659 1518
3804 4837
2668 4987
3744 4810
175 1740
3364 3471
4570 4969
479 525
283 1938
2172 2593
724 3543
3629 4070
4448 4470
374 3282
1431 3766
4488 4704
2825 3385
830 2563
1144 3752
203 3245
2874 4610
4809 4865
4949 4988
1102 3782
3532 4337
749 1026
2859 4322
2966 3770
4436 4437
2871 2986
4677 4811
2110 4239
4627 4749
3783 4220
2067 2075
2412 3387
2075 3099
3482 4512
2040 2819
3570 3672
747 1040
4883 4936
4047 4695
207 2060
2025 3716
670 4050
4674 4844
1996 2864
381 553
2617 3210
1355 2047
4025 4433
374 1825
3570 3863
1183 1498
568 1440
3615 3911
441 4747
737 1015
3161 3268
2522 3815
2351 2514
1419 2294
956 1511
2425 3445
782 1608
2510 3308
4822 4882
926 2533
940 4492
1497 2329
3586 4381
1107 3589
2975 4247
2506 4330
2922 3228
1977 3518
3009 3390
2950 4039
4700 4948
1402 2117
3501 3949
3924 3955
516 4098
4002 4471
3737 4341
988 4686
1744 3609
3918 4994
275 2558
2366 3246
4458 4550
4704 4970
2770 4669
1040 1738
4955 4966
236 4368
1956 4162
3007 4513
1433 3725
4642 4767
4223 4253
1722 1947
2490 3408
73 3248
1195 3603
638 2040
3774 4673
2834 3305
3469 4782
1460 1821
2912 3480
2828 3270
2391 4557
4908 4925
1775 3600
633 3705
1136 2632
826 887
2267 3506
1170 3928
2113 4947
3210 4782
117 2042
715 1380
2938 3308
4548 4811
2404 3827
4694 4774
4682 4713
1219 2394
4758 4786
3343 4263
3055 4114
4453 4941
1669 4978
635 2382
3839 4939
1378 3731
2972 4598
2497 3897
2448 3297
2676 3143
4204 4998
2383 4419
4059 4424
3034 3287
1870 3340
1818 3245
1998 2541
4050 4210
3870 4218
4997 4998
529 1895
4588 4820
3269 3293
1035 4925
4144 4945
2065 2662
4430 4970
752 3270
4351 4588
2225 4037
387 1624
342 4790
3851 4252
4748 4814
2777 3753
3646 3991
2277 2601
16 4503
1988 3096
882 2134
2483 2647
3368 3664
3140 3713
2893 3709
4939 4955
2924 4736
239 3811
4246 4467
3195 4707
3346 3802
1530 2540
2747 3465
951 2767
947 1667
2970 3346
1077 4322
970 1493
682 3820
347 2804
4289 4388
4001 4786
3598 4714
2451 2980
4444 4480
4653 4859
2585 3766
2802 3807
3262 3999
2548 4513
2621 4836
2298 2763
1483 2642
4979 4999
3997 4136
3074 3449
4685 4692
3070 3459
4026 4621
1004 3701
2341 4114
2171 3126
1476 4862
2071 2397
217 2474
4950 4961
4198 4718
3865 4751
679 3762
408 1574
3946 4799
2750 3707
673 2548
4042 4454
1410 1849
1262 4315
2248 4496
3362 4771
4835 4853
64 3721
979 2953
4196 4956
4620 4864
4211 4621
3562 4591
4641 4869
4973 4986
1029 4348
1822 4117
196 1917
4302 4596
377 2067
638 4794
2324 2822
2725 2874
1093 2343
174 4308
4998 4999
4077 4092
1782 2774
203 4354
3363 3600
2268 3772
2407 2929
1375 4697
1117 3185
1298 4364
705 1566
3513 4578
1974 2896
2020 3676
4126 4742
2381 4232
3020 3345
523 2945
3376 3665
3555 4502
1360 3393
1822 3623
4964 4982
2262 2354
2482 2599
456 3886
4053 4338
621 4320
4860 4982
4958 4971
2341 2758
11 2820
1068 3192
1169 2739
320 4515
1647 4994
2781 2898
3391 3886
1746 3333
2674 2850
3593 4126
3167 3220
97 1070
2463 3713
1119 4838
1285 4472
1955 3846
2799 4527
1525 2856
1730 1852
67 948
948 4607
4485 4995
974 1250
1421 4377
1339 2279
387 4523
1472 2377
4152 4781
2094 2636
1956 2063
908 1741
4475 4967
4796 4867
845 1347
1797 3629
3673 3779
2514 4444
2065 3515
2957 4264
4891 4973
1515 3278
2044 2704
3874 4184
3822 4874
4157 4579
2072 3262
4230 4996
2674 4236
975 4513
1824 3730
4113 4930
2006 3771
2769 3834
4564 4616
4785 4967
2941 4827
4687 4777
1298 4874
1080 2271
3843 4655
1331 4430
4061 4702
2459 4287
1448 4655
93 3667
2637 3260
2985 4645
2450 2996
1228 2469
4201 4778
3368 3811
4540 4782
1745 3584
2503 4747
3230 3928
4802 4993
1249 4918
2058 2756
890 3539
2100 3896
4569 4823
1247 2729
1820 2215
261 1154
4615 4683
4535 4642
3092 4071
4407 4820
407 4323
2785 2833
827 3954
2669 3462
826 2805
1447 2026
19 1828
1805 2420
1615 4424
3979 4597
725 2991
4574 4705
545 2296
3878 3891
2726 3144
1847 3491
1276 2560
4181 4269
3922 4693
4281 4778
1671 3404
2570 3083
3864 4321
2661 4635
3981 4654
1240 3211
1464 2141
4296 4667
4985 4991
3076 3679
693 3810
1769 2792
2454 4893
3014 3501
2386 4728
2483 4287
2599 4724
1364 3736
3108 3334
376 1851
1436 2350
3230 3408
90 2549
3950 4542
2506 4332
3220 3845
319 873
1679 1866
2863 3396
2568 3583
592 1110
1608 1676
4083 4999
1599 3406
3377 4495
2775 4517
932 3118
202 533
2857 4113
2103 3462
1468 2776
4191 4386
4366 4612
3229 4354
4965 4979
3302 4897
1403 1834
2613 3639
1027 3139
4123 4175
1650 2070
647 704
1033 1092
2708 3694
1274 4612
593 3498
848 3780
2292 4142
3938 4195
4120 4810
3811 4567
1988 4331
3136 3676
635 1668
404 4502
1486 2151
645 1021
3079 4597
663 1198
2544 4543
1587 1911
4252 4294
3458 4126
2172 2617
505 4850
1660 3990
1413 1594
2760 3653
802 2568
4805 4999
