4000 8000
1397 2064
1412 3186
1646 3056
3625 3840
1188 1573
2468 3848
897 3525
3005 3122
757 2121
12 445
616 1358
670 1595
1614 2277
2303 3746
2805 3926
2446 2782
2104 2357
8 1950
1622 1847
2080 2885
595 1382
0 773
3903 3947
1342 2137
2185 2450
2179 2964
1522 3327
580 3015
2732 3754
1864 2128
307 2286
244 3748
1068 3375
3351 3766
2811 2891
3858 3905
470 2533
3786 3865
3397 3746
2934 3741
2620 3683
1895 2224
1771 3467
2295 3860
2492 3162
3735 3903
1332 1398
716 1018
902 3577
3603 3944
776 2703
3677 3823
1742 3175
2042 2439
2575 3027
3851 3875
298 2965
2372 2612
2902 3718
2080 2824
3315 3992
2696 3153
273 899
2534 3032
3345 3562
2260 2768
3804 3857
687 2382
1128 3601
2487 3019
1979 2079
420 3509
3266 3818
2355 2874
663 1090
1375 3827
1858 2429
1000 3970
2362 2836
127 3180
2636 2895
3300 3909
3494 3884
3197 3262
3210 3692
3259 3546
2226 3833
93 2600
1029 1957
2649 3429
2404 3982
75 1321
3681 3691
1104 2204
2274 3806
360 487
2008 3281
2210 3900
2286 3729
1749 3171
2237 3886
85 1229
3094 3156
1866 1997
560 3151
2253 2621
1546 2658
539 3910
884 2674
787 2170
313 2638
2486 2510
1119 2472
629 3717
3384 3624
1425 2635
852 2838
1233 1452
2183 3778
3822 3954
959 2559
3409 3731
3985 3990
2063 3850
1050 1496
255 3021
1229 2389
2563 3748
1969 3232
217 1898
2291 3831
1615 2388
1165 3822
2737 2842
3070 3827
2746 3559
3982 3990
299 1235
2840 2940
3371 3885
3091 3092
290 3967
3281 3356
2278 2486
435 2357
920 3799
3331 3433
1143 1715
673 2587
3319 3839
436 444
2342 3959
1079 1081
3259 3628
3259 3370
2100 2963
1797 2291
380 3537
3801 3999
3623 3899
1588 2277
2950 3827
3256 3836
3499 3966
593 1087
394 3058
154 703
786 3070
973 1454
40 2571
788 2708
3136 3979
3262 3298
1286 1717
472 2969
2116 3485
3264 3777
3286 3943
1069 3734
2048 3813
2397 2445
2347 3174
1488 2600
2224 3041
3781 3959
1231 3851
1156 1952
2624 3181
3652 3856
3509 3727
1676 2784
2994 3691
1524 2648
1920 3295
1624 3046
111 621
1994 2404
2545 3009
383 2579
2306 3162
3685 3916
3388 3564
3656 3812
1973 2974
3568 3736
886 1414
654 3145
2091 2438
1590 2225
3777 3804
2750 3956
1561 2454
2219 3502
326 1873
2853 3066
272 2008
822 3534
2936 3993
1290 1999
3664 3682
3711 3721
772 2380
2639 3850
1684 3525
723 1272
1242 2881
232 2042
3074 3800
1592 3319
2393 2693
2006 2805
3768 3813
2306 3450
588 3930
3770 3863
476 1590
809 3833
1977 2252
1188 2457
243 3783
2605 3397
2957 2964
228 2261
147 934
3995 3996
1821 2099
3360 3401
2917 3073
559 2561
1767 3642
3991 3998
309 771
1562 1735
2717 3477
2839 3964
1315 3711
251 3102
2501 3266
1555 2837
1457 2688
129 3674
1537 2058
984 3587
1103 3235
100 1193
2807 3876
2041 2474
1250 3532
2169 3443
3527 3694
2196 3251
2846 3918
2484 3218
770 1302
835 3065
3713 3912
332 3924
1295 1521
1277 3017
902 1893
276 768
25 2210
1992 2333
845 2474
3747 3862
941 1570
193 1576
3679 3740
1609 3029
805 2631
74 298
783 2773
2614 2948
1208 1853
3039 3551
2232 3051
2438 3201
3734 3814
275 3757
256 1721
3527 3863
780 3973
3219 3622
2558 3835
3267 3537
2446 2687
1111 3768
1960 3747
790 2864
2154 2739
291 790
2261 2611
2449 3056
2492 2915
2093 2976
26 76
3834 3916
168 734
312 1267
2817 3130
897 3838
2660 3458
3882 3915
1267 3542
2343 3420
1934 3050
2915 2960
3454 3756
3560 3757
1761 2300
3464 3731
3952 3993
1491 2305
1887 3153
3063 3312
3764 3801
1616 2538
3692 3699
214 3598
3141 3770
2569 2722
2417 2800
3262 3871
1414 2347
739 3436
3236 3528
2608 2983
2068 2903
469 2353
2116 3911
2289 3954
2250 2710
138 3974
361 3259
75 2229
3166 3651
3623 3993
2404 3950
2019 2097
2259 3000
1198 1963
725 1548
1039 2464
926 2897
3422 3926
3084 3374
1472 1811
356 1351
2714 2893
970 2122
629 1001
2653 3162
2506 3921
1474 3636
3233 3761
3782 3827
1196 2067
115 2156
2581 3480
3673 3938
3932 3934
565 3449
904 3835
3994 3999
3773 3806
2880 3977
2603 2736
2025 2936
850 1072
2199 3504
696 1361
37 1800
1004 1920
1033 1864
130 2253
3485 3564
1066 2200
954 1042
1306 3399
3403 3461
3351 3898
1618 3468
1946 2807
2253 3909
1352 1572
2044 2173
2847 3123
3815 3951
2662 3975
3990 3994
1636 2842
1391 3897
439 2074
1011 1356
1422 3528
2165 3985
2364 2414
3933 3968
2109 2719
358 379
1525 2438
286 2460
242 504
565 1027
851 1386
1988 2625
576 2546
881 3784
3634 3889
1357 1924
1846 2114
615 1458
2192 3359
1847 3750
2509 3867
2931 3793
709 1820
3259 3328
3685 3962
104 1272
2261 2964
871 2646
2215 3621
2844 3121
3636 3867
3285 3901
793 1360
1742 3086
2012 2186
505 3668
2723 3378
3834 3959
1044 2509
1377 1783
3469 3992
3780 3919
286 2645
1370 1798
3091 3773
2575 2999
1111 1679
1288 1387
683 1335
2980 3164
3793 3974
500 2113
3600 3915
415 3575
3100 3286
2991 3378
2710 3510
3563 3650
2128 2400
2060 3570
330 1128
3198 3917
2696 3778
2891 3335
121 286
1682 1779
1737 3043
3230 3883
834 977
3365 3817
39 2164
844 1585
1734 2603
3165 3934
1843 2719
3 1008
2673 3503
3823 3994
2923 3225
2174 3802
1352 3504
1903 2651
597 1917
2059 2687
2719 2882
1753 1937
2506 3223
603 1287
1229 2070
1652 1665
2612 2619
788 2087
1548 2892
2714 2850
2752 3226
3369 3739
3606 3741
3446 3711
2616 3760
3297 3868
1027 2830
1617 3326
761 3853
2699 3205
2478 3593
3231 3415
1442 3519
3740 3982
408 759
1239 3433
2353 3940
2056 2236
160 1049
2913 3431
3915 3993
2126 2416
100 1154
3150 3168
2101 3092
221 1854
3016 3674
1536 1957
1948 2579
3217 3958
2078 3709
2840 3856
1279 3345
1839 2041
542 1111
3129 3563
793 794
3851 3952
1759 3611
2076 2366
2177 3248
145 2625
3978 3986
3310 3674
2715 3826
329 3181
3854 3975
1427 3849
147 3625
3868 3942
2267 2794
3728 3790
915 2171
673 2309
1006 3047
2914 3193
3770 3897
546 3563
297 1320
1282 2293
514 2549
2099 2919
3080 3165
1446 2457
1632 2179
1165 1529
3306 3382
2228 3766
985 3066
480 3782
964 2706
2549 2798
3332 3844
1922 2437
1863 3849
558 3127
3779 3870
364 2081
1259 3991
3452 3470
556 3168
3983 3998
722 1379
262 3934
3 1850
1194 2833
1880 2553
886 3936
911 2950
1102 1233
2189 3436
2047 2232
2835 3950
2837 3318
33 1695
2591 3196
3014 3847
1739 2864
1808 3256
226 2471
2425 2479
3680 3909
2098 3912
1891 3381
3385 3976
1883 2549
150 843
2186 3161
3846 3903
564 774
3533 3546
3922 3969
706 3301
784 2676
2292 2900
3818 3827
1402 3330
2365 3482
358 3579
3752 3889
3578 3968
2378 3388
3022 3102
2249 3117
3434 3868
120 2515
2069 2540
773 3859
350 3768
2669 3414
2997 3601
2949 3767
1396 2862
1678 3242
2071 2418
3916 3954
2069 2303
971 1751
1474 2460
3446 3892
2361 2963
2318 3680
140 2759
3082 3773
2918 3105
957 1923
832 3938
3965 3977
871 1522
176 2470
1697 2652
1495 3812
2920 3623
1748 3134
1103 1188
1472 2218
3890 3927
3623 3947
3096 3326
3634 3765
1305 1660
1929 3669
2976 3694
2135 3548
3580 3969
2522 3092
272 3055
2381 3898
672 3968
3769 3970
2496 3422
3500 3891
594 3438
2677 3740
3478 3783
3497 3934
2411 2465
2311 2313
704 2433
136 3470
2677 2692
1184 3855
2469 3206
2383 3958
38 2445
3938 3967
704 1677
1531 2588
2408 3685
968 1258
686 1279
1315 1659
1798 3869
3134 3685
1658 1664
2843 3221
2142 3259
1267 1746
825 2335
3206 3421
1474 2612
2242 2728
1722 2707
1805 3611
1141 3883
3877 3891
325 1174
1243 2276
639 1378
1097 2885
3242 3493
2165 2308
3611 3756
3703 3728
50 3447
1701 2167
749 1584
1318 1472
508 3681
2175 2367
2427 3390
1175 3497
206 435
63 517
2654 3498
801 2800
3075 3791
1355 1931
485 1430
1709 3342
1329 3788
3225 3744
1094 1478
3827 3854
3925 3955
886 3796
504 2650
3312 3553
1315 3707
1532 3341
622 2781
3184 3466
3123 3888
3498 3596
1590 2586
3427 3911
1243 2696
1760 3689
3425 3757
647 1215
1265 3118
2444 3067
599 1975
1175 3220
128 1898
596 2500
3517 3873
3403 3678
3720 3946
1523 2598
664 990
2623 3736
3404 3474
1344 1435
2297 2509
1592 2924
344 2543
3084 3085
2178 2587
2119 2826
1327 3666
3574 3893
661 3533
3673 3866
3841 3891
1516 2763
1424 1447
212 2015
2760 3885
1654 3452
2776 3010
1698 3688
1876 2621
1955 3155
1069 1134
3671 3881
2400 3565
1474 1600
1105 2362
224 2675
2604 3332
3730 3890
1772 2776
3788 3842
1141 3566
263 2387
278 2049
3995 3997
75 3955
3092 3826
372 3004
2778 3186
2638 3262
3920 3977
3988 3989
1782 3347
1715 2941
3598 3666
1665 3312
59 2273
2249 3275
3596 3631
16 3767
2412 2445
2756 3648
669 1333
395 2578
1979 2473
2123 3713
1664 2672
2176 3485
863 3795
495 2228
2916 3427
725 1352
3203 3993
1240 3676
705 1844
1448 3979
1984 3602
1907 2078
900 3182
2692 2768
3300 3523
2362 3569
1606 2260
853 1297
747 2461
425 2859
2512 3490
3440 3645
888 2967
3706 3911
1647 3559
1619 2736
3110 3455
1557 2171
1198 2956
2926 3404
865 1578
2289 2486
1667 1883
1418 2206
1065 2005
1039 3175
3121 3973
2274 2840
3475 3633
2519 3122
74 1417
2822 3248
1817 2766
123 2989
738 1102
2801 2882
1306 3285
1209 3916
1778 2126
1716 3820
2423 3094
2647 3436
234 3083
928 2357
2229 3391
1535 3725
2385 2851
1866 2086
671 2560
2857 3630
208 2067
623 2611
363 1961
3087 3572
413 2834
1398 2568
477 1346
3670 3818
1275 1770
3509 3524
2063 2244
429 555
2395 3466
1049 1637
442 3692
3963 3999
3007 3353
2240 3758
3116 3780
587 1109
3988 3994
3792 3982
857 3155
887 2175
1496 2895
3864 3909
1974 3373
2319 3916
1347 2724
3918 3998
1106 1669
2898 3159
3664 3817
2113 2273
3682 3716
284 3593
1971 3745
858 1424
1573 2417
2984 3474
2024 2718
2852 2925
642 2161
3409 3838
3303 3395
166 1328
735 1128
1678 2408
892 3386
3298 3758
122 1618
381 2452
2021 3580
1919 3843
1094 3127
2206 2284
2711 2847
391 964
1703 2721
1822 2545
3328 3541
1344 2285
3333 3582
953 1519
3329 3770
2912 3847
653 3498
2235 2334
2859 3858
905 3172
3045 3637
2084 2961
497 2532
839 2523
3628 3633
548 2880
2958 3823
2303 2864
1772 2985
2473 3190
2618 3445
1892 3109
1005 1356
431 2222
552 3221
2639 3829
1278 2565
648 2704
2547 2786
1800 3522
3146 3699
1089 2593
1155 3499
1521 2840
856 2386
3044 3072
2343 2540
1464 2052
3916 3923
635 1672
3125 3332
1025 1041
3019 3568
3595 3966
3544 3951
3528 3922
1962 2305
271 2285
2017 2107
3070 3385
3087 3144
2159 2635
1740 3376
2760 3029
2361 2784
2593 2982
2038 2815
186 3132
3666 3852
2991 3286
434 1088
1838 3744
2457 3082
541 901
3695 3980
3526 3898
3778 3790
2329 3029
1961 2817
1643 2558
823 1377
2430 2684
1199 1475
2948 3298
2195 2935
608 3335
2747 3793
2916 3604
3909 3994
1544 2052
1610 2560
3283 3669
2743 3078
2037 3461
1069 2730
2671 3518
1863 3746
1233 3900
3582 3922
882 3499
3054 3619
2844 3440
1544 2970
3690 3893
1729 2503
1677 2051
222 2475
2567 3390
848 2890
1144 1611
1543 3126
3126 3600
522 3883
2320 3109
3384 3556
987 2928
654 3062
780 1082
2718 3660
2665 3800
3214 3910
2319 3584
1635 3801
1368 1952
3750 3791
2992 3863
3249 3543
2640 3370
3364 3952
1575 3846
1657 2325
719 3133
2892 3809
2033 3952
251 641
3001 3762
291 3266
1452 3604
142 3761
1455 2894
3152 3489
3021 3089
927 3787
2305 3611
2873 3878
1649 2395
1040 3107
1533 1671
1371 2790
1574 2664
436 3857
851 3028
884 1465
3108 3481
3638 3746
2762 3487
3201 3954
1975 2795
1096 1123
77 1307
966 3909
1263 3957
2484 2638
166 283
1952 3996
3755 3821
2777 2801
1842 3133
466 481
3075 3467
3681 3853
714 1071
1137 3325
3106 3879
783 1970
2279 2758
2564 3277
2505 3013
3050 3878
1112 2835
693 3437
1343 3222
1177 1777
57 2317
966 1453
2327 3570
248 2015
3219 3731
1746 2225
3767 3779
450 454
3401 3993
405 1623
2376 3773
1815 1846
3421 3910
125 783
1601 3335
1054 1776
2701 3014
3893 3983
2681 3052
3947 3953
3152 3532
15 1136
1847 1988
3310 3319
2065 2632
2389 3210
1750 2461
70 1777
2163 3990
3483 3787
3580 3996
2223 2497
447 3379
2751 3834
3575 3684
299 2520
2001 3546
3630 3762
1176 1818
848 3740
3180 3934
2263 3576
1275 1497
2371 3130
2815 3487
2102 3628
3688 3768
2277 3559
1521 2511
3693 3826
3104 3574
1322 2007
2223 3373
2379 2860
1076 1466
2844 3447
1648 3702
259 3227
12 2099
3884 3980
1506 1820
1316 3498
3070 3619
424 923
2801 3606
829 2317
2704 2744
3285 3998
1472 2945
3270 3719
1044 2932
2095 2649
3028 3536
2253 3700
2297 2321
528 3311
2426 3348
3540 3934
2703 3345
2476 2877
2626 3652
1721 2864
1570 2621
3766 3968
1571 3991
3328 3975
1340 2899
1036 1367
1513 2998
237 3857
2703 3262
1416 3926
3710 3826
555 1131
1689 3301
2958 3526
2686 3312
3619 3926
685 1160
1514 3251
3923 3960
189 2843
2858 3055
2517 2618
2453 2610
757 1939
616 2341
3461 3867
239 2192
993 1083
404 3490
437 1713
2819 3885
1762 2269
3838 3977
939 1958
2449 3169
2093 3778
310 1966
1012 2836
2682 3774
1223 3673
2116 3112
3027 3204
3886 3906
2960 3196
963 3284
3193 3633
3740 3816
1800 2338
2386 2896
3486 3848
2879 3178
1304 2154
1775 3077
3292 3481
782 1869
1516 3946
1616 3224
860 1303
1270 3813
3822 3909
3246 3913
865 3738
556 1162
2414 3848
178 3212
1512 3517
1605 3118
1453 2503
1820 2976
2924 3525
1877 3099
2237 3726
22 2223
885 1780
2815 2942
15 477
847 3979
3073 3952
210 1031
1809 2258
1737 2172
1811 3188
2251 3422
2272 2633
818 1142
3649 3967
943 1520
2109 3515
3381 3511
3009 3260
2139 3983
3771 3838
3266 3291
675 3143
3099 3150
3951 3978
1839 2317
2272 2553
1014 3766
1035 1686
1913 2395
3125 3407
1306 2813
2164 3724
754 1792
1635 2432
3326 3858
3276 3818
1308 2916
39 1077
2597 2899
602 3770
2906 3596
1526 3664
580 2770
2639 2694
237 345
3513 3523
2414 3277
2320 3752
440 2042
3557 3697
2598 3450
2502 3351
107 2035
522 740
67 3463
2317 2934
2048 2828
415 2864
2701 2771
1750 3836
3552 3558
3315 3431
771 1531
1397 1979
216 3038
3664 3914
1798 2442
2346 2932
81 2969
3091 3795
1797 3412
1488 1913
1100 1127
1026 3629
3947 3991
1587 2027
107 2120
469 3260
1369 2732
285 1675
576 785
3933 3984
2307 3128
886 1112
2100 3631
2065 3770
824 3558
843 3113
192 2475
3667 3904
242 3867
114 3045
3034 3682
2816 3706
1783 3079
3179 3216
2591 3939
2227 3103
821 2324
3503 3758
1880 3018
3342 3933
1148 1742
593 2149
2636 3622
3371 3799
1195 1816
797 1028
20 3866
1912 3905
1955 2777
1881 2697
207 3359
3744 3805
2773 3116
868 2489
20 1117
3140 3502
3093 3970
601 3913
406 528
258 1184
557 3298
2270 3723
2943 3185
656 2057
3375 3593
275 1475
338 1723
951 2485
1061 1346
1427 2045
1918 2779
3756 3829
200 3443
2329 2580
2278 2485
2886 3608
2431 3098
3753 3845
2618 3070
1155 3386
2684 2906
3199 3628
1568 2156
2866 3725
3756 3887
1080 2227
1910 3834
693 3958
1337 1924
2541 3657
1433 2720
2052 3995
346 634
727 1225
324 2615
213 2571
2510 3288
2707 3349
567 1065
670 1340
1644 3665
79 1658
705 1271
1329 2070
2402 3073
1493 3048
3510 3915
2871 3545
2695 3782
3707 3815
1656 2378
1215 3343
810 1493
225 1887
1758 3019
2167 2306
1577 2717
1691 3007
3044 3888
1660 3714
374 2097
2126 3216
3578 3669
776 3932
995 2268
3354 3594
3265 3768
3588 3785
3565 3873
3984 3998
1405 3018
1921 2005
955 1733
3481 3712
3933 3947
3235 3665
2581 2885
1144 1837
2847 3571
3065 3140
20 3353
2607 3714
3205 3452
3200 3824
3088 3230
2363 3341
906 2923
2700 3449
3199 3699
1036 2858
471 1788
892 2668
2744 3958
3096 3721
3588 3793
903 3512
3902 3911
1756 1766
746 3432
1918 3788
1801 2971
3905 3915
2662 3534
3446 3901
1304 2527
2931 3437
912 2161
648 1241
307 645
3641 3795
3874 3974
3110 3161
1499 2815
2704 3716
1347 1715
1817 3590
3012 3668
449 2615
232 2999
593 2358
2125 2598
2793 3665
2678 3623
3008 3317
1968 2566
3825 3829
3194 3556
1549 2179
1100 1298
3324 3643
1548 3885
808 2726
3091 3531
448 2787
2555 2654
1706 3105
2181 2846
67 246
3512 3941
1166 3687
2345 3077
1539 1614
2488 2721
2380 3466
2371 2828
1192 1933
2444 3799
733 2659
1980 3911
565 638
2507 3687
3988 3996
2885 3876
329 3941
1743 3899
3300 3955
960 1942
2064 2557
3058 3514
3608 3740
2948 3855
556 1432
2425 2764
3586 3714
413 3689
3562 3951
1402 2342
1019 1974
552 2618
1133 2528
1541 1814
1042 2716
3005 3346
1645 3484
648 3290
1039 1739
2337 2732
787 3890
1115 2795
3714 3716
2243 3519
409 2130
1827 3953
3004 3583
3917 3969
2772 3630
3357 3744
3342 3550
2313 3581
2963 3390
1641 3578
2708 3302
1043 3284
125 1635
1347 3146
455 2467
3326 3508
732 3206
1241 3659
3400 3991
1703 3966
2380 3505
2703 2929
593 2962
2963 3440
2898 3873
1870 3975
233 3053
3699 3795
2051 2911
2181 2193
402 2611
1665 2613
790 2499
1739 3410
2221 2959
383 971
1112 3557
3340 3985
2139 2214
964 2500
1498 1668
2083 3023
1362 1773
3544 3620
1868 2132
1378 1540
23 548
2024 3228
438 650
1318 2699
2414 3749
1295 1836
619 3990
1656 3930
1360 3060
584 799
60 350
2081 3471
2135 3532
2006 2713
3644 3947
1657 3242
3775 3777
1735 2021
321 3605
1308 3296
1698 1906
712 2787
1910 2168
2612 3758
1408 1514
3485 3627
165 176
3527 3657
2211 2627
3833 3837
234 1791
2900 3820
1440 3934
1828 1864
47 2148
3956 3967
3341 3596
494 2134
940 1841
2293 3084
3282 3465
3766 3947
3994 3999
735 2175
3151 3192
1215 2872
1618 3386
1644 2144
2823 3970
3916 3918
1244 3821
2262 3356
3796 3928
409 2929
3067 3702
721 2625
1833 2032
3166 3920
336 3126
3548 3608
1206 1795
2828 3007
3545 3719
438 1107
3684 3922
988 3349
255 3963
1102 1549
2621 2911
1693 2993
370 3252
2507 2591
2139 3761
902 1001
999 3307
3307 3347
2336 2619
2579 3069
1309 1957
3763 3772
1110 1826
719 3566
2447 3675
2772 3326
3863 3866
2308 2746
1863 3252
3184 3524
1856 2680
246 778
3024 3690
1189 2917
1858 2222
3880 3952
3086 3393
629 3362
678 2635
3432 3672
692 1338
479 3542
1776 3707
3362 3878
1842 2478
2731 3541
393 1732
427 1871
1368 2288
127 971
3538 3813
262 2057
1732 1746
2948 3162
3773 3783
1724 3333
2311 3026
2191 3482
691 1781
3313 3972
398 1571
2652 2715
3028 3638
2660 3700
607 3690
3757 3943
1362 1511
2886 3324
1466 3427
641 3423
1469 2233
3542 3708
1997 2854
3111 3275
2485 3707
2673 2767
828 2192
3717 3978
1658 3550
766 1629
473 1816
2455 3002
3444 3896
3159 3812
411 3625
3860 3932
381 3392
2248 3862
2705 3611
3848 3981
2907 3144
2378 2930
3956 3969
1223 3617
2481 2955
609 2800
1789 3153
2148 2385
568 3873
1433 2946
2638 3992
557 1326
1796 3971
2698 2832
3746 3886
3242 3619
2833 3589
3440 3850
3756 3914
1479 3146
2481 2809
3477 3627
1581 3770
2427 3729
1522 3982
1494 1746
754 2109
1168 3115
2245 2974
3124 3424
199 3007
2858 3404
3078 3508
2216 2244
781 2043
3324 3998
1908 3077
1625 3929
3125 3317
2663 3812
3114 3289
2579 3387
3255 3448
2071 2770
3908 3950
2257 3453
3554 3863
2134 3304
2063 3307
3689 3732
2199 3145
1364 2921
2523 2754
2333 3739
3337 3478
1414 3212
1661 2112
2397 3523
2556 3129
2127 2831
2390 2415
3645 3966
2348 3209
2502 2532
2421 3547
3606 3649
2834 3385
357 906
3664 3852
3550 3649
1619 3411
1963 2873
1043 1639
3717 3867
3702 3929
3204 3514
3757 3939
3163 3753
1324 1592
275 1853
2494 3836
3966 3995
959 3760
1280 2364
1360 3994
2715 3196
2868 3112
289 1179
3050 3810
1356 1632
1744 3767
2574 3664
1070 1742
3027 3727
3925 3982
3707 3892
3308 3869
3480 3790
3745 3757
3854 3879
3469 3902
3850 3965
2522 3927
2600 2738
905 1235
1293 1891
3161 3173
2020 3225
1227 2405
3208 3665
3369 3797
2894 3424
600 1161
3926 3958
1361 3019
826 1948
2335 3286
1019 2682
3634 3941
3421 3633
957 3779
1590 1627
1243 3901
2610 3059
788 3043
2367 3469
2920 3082
1151 2070
889 1932
1510 3620
754 1292
3890 3942
2873 3613
2914 3708
1617 2504
1648 2393
1744 3743
2074 3812
3594 3763
1663 2690
2876 3336
3702 3712
3607 3661
3881 3954
2604 3794
3503 3745
240 1974
2195 2997
1573 2603
418 3585
2165 3074
11 2640
1164 1893
3829 3937
2924 3636
753 1482
3542 3694
3047 3690
3666 3776
365 1989
607 3155
3206 3277
2240 2764
1133 1976
197 846
1825 1873
2765 3800
3171 3923
2226 3966
809 3792
2474 3826
3097 3333
1270 2536
1068 1218
2736 3479
2205 2685
3842 3883
2713 2845
2245 2277
2937 3968
1658 1943
1247 2913
2238 3857
1748 3357
3074 3749
1241 3887
235 3291
1418 2438
2043 2142
3102 3393
3903 3947
822 3482
232 2203
3539 3543
2619 2929
963 1390
2065 2812
1204 3748
1783 2263
3871 3911
3555 3861
1822 3922
1131 1169
1784 3433
52 2251
3094 3676
3105 3221
883 2050
2113 2935
341 3324
1897 3549
3842 3866
1593 2303
1785 3621
23 3826
1087 1354
1936 3789
1653 2165
2505 3241
711 981
94 1424
3251 3891
965 2849
2796 3789
317 1990
1012 1119
2314 3153
1901 3319
3369 3921
655 3697
3624 3636
628 1621
978 3705
3738 3944
2431 3749
778 1719
2210 3355
1635 3239
1485 2008
430 826
1324 2336
74 2008
1480 3609
760 3519
726 3975
276 2967
1154 3953
627 2890
1466 2045
1464 3350
1171 1955
2185 3740
2717 3669
1599 2137
2396 2479
2654 3045
1209 3200
2948 3726
242 2389
3313 3648
2349 3144
674 824
1314 2200
1725 2481
3713 3955
1359 3345
878 909
998 1289
171 2033
1807 1885
1687 2828
3420 3999
3821 3921
977 2937
3424 3736
2814 3937
494 1948
74 3960
3636 3715
3663 3710
1173 2945
803 3211
3106 3419
390 3727
252 3652
27 2599
3850 3857
160 1195
565 1886
1903 3606
114 3304
3597 3612
349 448
1071 1316
1499 3627
2112 2565
2095 3555
710 2251
1219 2777
3431 3695
3784 3925
2312 2751
280 1724
297 2138
3063 3381
3832 3868
1305 3375
2467 2963
642 1100
1337 2138
1162 3669
2636 3754
3958 3969
504 543
555 3797
2226 2928
3485 3529
3838 3887
1381 1903
3358 3555
1999 2597
3271 3548
1984 2481
1478 2993
3880 3915
1203 2736
1629 2415
2263 3842
1170 2598
640 1707
2231 2637
1728 3510
3347 3595
1093 2848
1531 3379
3689 3953
1617 2059
1987 2735
2462 3110
3488 3783
605 837
2465 3532
3109 3369
4 2638
1039 2989
240 2481
2711 3497
161 519
2009 3755
3868 3933
2360 2935
911 1055
2271 3804
3371 3925
833 2009
3863 3890
2628 3049
2034 2818
1184 3784
1763 3610
864 1422
3494 3650
2305 3702
3951 3959
1309 3704
1894 3434
879 2975
3739 3746
2156 2772
2091 3706
1987 3963
3384 3920
2778 3248
808 3438
2809 3215
2937 3843
2029 3006
523 2638
56 3076
1956 2381
1755 2232
1138 3301
2057 2292
2681 3288
2257 2339
2077 2527
445 989
2209 3714
1914 2720
2080 2135
3944 3984
1232 1965
561 1758
3699 3758
1633 2495
2282 3532
1622 3421
2900 3351
2774 2815
171 3978
3139 3539
3158 3686
3094 3852
919 1597
2189 3070
1817 3161
1173 2121
1296 2538
1378 1772
1778 2385
1615 3011
247 1213
366 1414
2559 3039
2920 3005
2318 2598
1122 3806
3223 3523
358 2169
1961 3314
2376 3993
1139 1693
131 1660
842 3462
1590 2115
2798 2829
1392 1689
438 1542
3037 3124
1706 2858
3861 3888
1325 1828
129 2991
3056 3440
696 3443
2914 2994
94 3984
1350 2495
1364 2982
1304 2735
3514 3736
744 2847
2191 2918
1823 2264
2332 2416
1314 3692
1487 3284
253 1802
3001 3960
180 3373
66 981
1328 1338
76 3987
1833 1978
2340 2536
1960 2767
832 1004
3056 3997
2949 3813
1622 2325
903 1800
3581 3979
501 1542
1095 1550
449 2933
3239 3686
841 2042
867 3360
1363 3352
3837 3927
3409 3742
2502 3830
992 1624
3876 3926
3419 3928
269 2530
2725 3148
916 1440
2643 3169
2565 3545
2156 2162
709 1873
299 1133
1666 2065
3838 3874
2438 2938
2745 3837
3263 3834
3527 3963
2786 2908
64 891
396 682
1397 3159
3469 3621
230 1725
1101 2611
874 3644
180 1637
1225 3190
2612 3107
3716 3893
3000 3748
2500 3586
1751 2842
1233 1801
2655 3629
3242 3605
3648 3781
2702 3094
1178 3243
2896 3459
354 1767
3976 3994
85 1482
162 2806
1226 2644
1038 1635
19 893
1324 3455
128 1153
2559 2853
275 1120
1075 1208
866 1559
2967 3859
1146 2584
3696 3743
559 3680
3956 3998
504 1181
3651 3943
2691 3150
773 3637
2260 3459
3974 3984
1166 1289
2344 2911
2773 2887
679 3855
10 3245
2178 2903
2000 2943
2971 3070
2264 3441
3815 3899
360 3944
2864 3714
2645 2948
1268 1783
276 3504
725 1236
1030 3241
2240 2625
3520 3901
2122 3573
2889 3645
311 3505
2360 3785
1057 3810
2096 3850
3353 3984
3981 3989
2908 3403
344 2766
961 1488
3085 3189
596 3579
2524 3972
3572 3884
3077 3266
3629 3655
861 2229
2390 2979
3659 3810
3361 3965
2808 3976
2317 3459
1814 3219
489 2592
938 1376
3138 3279
1705 3451
3521 3878
1919 2198
2615 3110
404 2702
1621 2145
708 3262
2098 2698
972 1429
3585 3704
678 3998
2477 3487
1802 3486
2205 2425
2160 3082
903 2704
3897 3924
1859 3861
2836 3244
2798 3486
2353 3830
1930 1981
268 560
3509 3634
917 1527
3982 3983
3257 3843
2572 2758
466 2995
2624 3885
2696 3953
1589 2487
421 3436
2053 3037
374 3611
2228 2572
793 2189
1196 3718
700 921
3247 3487
1608 2847
3784 3830
399 439
3533 3887
498 2008
2342 3275
3786 3874
1991 3459
1271 3500
2336 3777
1034 1196
581 1401
20 1061
3520 3998
1308 3648
232 621
2296 2343
2060 2581
3670 3924
2477 2947
1352 2309
3620 3778
2378 3871
3699 3948
3991 3997
2664 2737
1526 3019
3443 3749
2423 3249
1827 2133
2348 3438
3741 3805
2326 3463
2625 3416
1742 2384
2465 3201
1819 2570
206 1813
3561 3703
3405 3452
554 2680
1224 2871
608 2851
2019 2549
2549 3555
3217 3782
927 3616
2441 3500
3248 3956
67 201
3427 3692
1555 2045
2210 2511
2771 3078
1863 2116
1026 2114
549 2002
3256 3310
3272 3955
1546 3817
1950 2878
422 1948
2397 2794
3806 3990
2861 3097
2601 3494
42 204
1699 2242
2450 2465
2953 3646
2543 3825
2405 3505
1436 3815
1098 1135
3273 3338
1166 2995
2481 2795
3167 3646
676 797
1702 3510
2367 3052
3967 3990
2846 3175
1597 2104
511 3374
1247 2691
1071 1997
1044 1713
414 785
3198 3264
2570 3784
3075 3275
3803 3853
3630 3851
1489 2872
1787 1872
887 2156
3414 3918
3721 3752
1377 2938
130 3602
1415 1712
2515 3066
1021 1228
2812 3141
397 3900
2585 2803
1865 3848
1215 3958
2554 3916
1891 3079
1681 2686
2925 3056
843 1070
3508 3580
1208 3427
3460 3478
3375 3558
3197 3567
2461 3660
2723 3530
3129 3517
1592 1717
519 2393
992 2242
2747 3268
1923 2381
2345 2506
706 3934
2662 3629
2428 3631
1124 2578
2387 2958
2028 3543
1647 1898
2634 3437
2110 2623
549 2379
1975 2871
493 2174
1615 3706
2510 2694
725 3966
1575 1736
67 3765
2801 3846
128 1880
2771 3811
1372 3064
475 2909
2345 3095
1728 3371
2155 3437
620 2214
341 3372
3752 3930
253 3521
3888 3945
3957 3998
3929 3931
1799 3690
1117 1986
337 3086
949 2667
375 3414
3219 3772
2823 3346
989 2146
3129 3643
126 1661
3342 3640
2434 2827
562 2166
102 1887
421 1695
205 2809
17 122
886 3889
1891 2222
3272 3472
3985 3993
1807 3441
3006 3524
2671 3627
2534 2965
955 1476
2520 2893
3666 3920
3134 3257
1879 3628
1978 3300
2031 2608
1191 2352
2469 2882
3177 3454
692 3380
3854 3863
1015 2548
367 2513
3836 3885
3000 3955
950 2334
2767 3246
2571 2623
1834 3774
217 2081
1326 3195
1855 3534
949 2942
1361 1789
3390 3793
3681 3877
1469 3202
1473 3728
1448 2489
3946 3968
494 2045
3775 3776
1825 3683
2592 3878
2205 3470
1408 3177
1086 2781
944 1619
2932 3614
2981 3743
1951 3963
3901 3984
1434 1595
2356 2661
3271 3624
928 1899
1703 2380
2616 2853
1427 2299
6 1175
2338 2511
3234 3460
3412 3861
3265 3968
1865 2269
1287 1739
2822 3122
2752 3179
2503 3991
1648 3134
2221 2376
383 849
2882 2905
2883 3794
98 2213
331 2960
3164 3469
1972 2012
901 3600
79 2160
2227 2888
167 3447
3589 3724
913 2771
3841 3939
472 508
3672 3967
3946 3993
735 3689
1535 2553
2983 3396
2265 3236
3323 3987
1277 1734
2697 2788
3832 3851
3100 3599
1830 2793
57 2003
3994 3996
872 1351
1809 3659
3090 3714
113 3503
1974 3822
2551 3166
3293 3489
868 934
1335 2488
1284 2348
2559 3399
2007 3341
1892 2569
766 969
340 3550
1831 3640
1178 2898
3169 3218
3060 3276
2206 3722
264 404
1826 3114
3475 3836
1698 2462
1618 1801
1503 2272
2781 3873
978 2497
3567 3906
2731 3860
3129 3889
3233 3434
1906 2645
1682 1993
1952 3038
1547 3113
1893 2348
2922 3569
651 3159
730 1438
3399 3422
3924 3986
1448 3375
1108 3969
3458 3918
494 1240
1451 2236
1851 3412
2565 3823
1797 3186
3734 3904
263 486
1430 3294
2726 3957
3773 3978
615 955
2529 2867
1350 1703
863 2896
3974 3976
2279 3511
724 3357
2593 2891
1251 2383
64 2392
3404 3911
1479 2732
3526 3754
2849 3071
1428 2944
1028 1554
1368 1484
2310 3950
467 3072
3228 3657
2014 3285
1969 3329
298 2281
2842 3581
3916 3926
2334 3972
1949 2695
689 794
596 843
3209 3291
1767 1834
1061 3882
1443 2708
1321 1418
2231 3953
3649 3880
1684 2151
3150 3246
1018 1136
420 2618
2899 3173
3696 3793
2193 3630
2285 3439
3969 3972
580 3632
505 3366
1670 3215
2540 3004
695 2635
2374 3009
939 3544
3812 3868
3398 3473
2472 2509
1194 1540
1794 3899
38 2838
3402 3820
2735 3069
2153 2759
1741 2008
3207 3624
1652 2596
2111 2273
3905 3972
1061 1550
1078 2706
1323 1572
2352 3266
2618 3148
3978 3983
1534 2298
3034 3256
2829 3313
1246 3626
349 2482
1565 3924
3912 3956
2212 2383
2325 3933
9 3695
2141 2368
1261 3546
1553 2665
2507 3657
3204 3565
1866 3350
3586 3774
970 2424
2538 3935
2722 3683
2175 2827
3473 3937
841 3857
2154 2482
3958 3991
614 3809
244 2227
3818 3953
3915 3923
15 2303
2177 2953
2579 3018
1765 2979
2510 3928
1308 3635
3062 3889
2666 3857
797 3181
1559 1989
3202 3946
2872 3222
2354 3465
1952 3219
2071 3191
1504 2169
1212 2692
2358 2498
49 863
3914 3990
3809 3858
3177 3488
329 2802
1639 1647
123 2589
1490 1725
1915 2552
713 2517
3168 3222
950 2456
716 1389
79 1408
3209 3299
2368 2860
1161 1273
826 3757
3800 3925
2339 3781
3525 3997
259 769
3975 3980
2748 3104
2351 3032
86 2986
1956 2135
2023 3520
1606 1917
1567 3215
3456 3705
1780 1931
3002 3438
1753 3747
2894 2997
2059 2150
1952 2672
2065 2869
232 2278
3447 3833
2589 2965
2762 3759
3475 3789
3432 3857
3264 3513
3719 3921
2760 3595
1339 2877
2504 3709
1733 2697
1867 3550
3983 3998
3412 3802
3141 3513
2294 3292
727 2008
2076 3602
1666 1957
3921 3985
319 3193
3075 3257
3548 3743
3900 3952
2632 3823
3504 3522
900 1723
804 3224
703 1512
3142 3975
3406 3691
492 2838
2946 3204
3489 3918
468 2180
1660 3287
3202 3594
2036 2914
924 2194
2467 3411
138 557
3907 3968
2942 3316
3544 3854
1477 3546
3456 3719
437 2331
1702 3199
3601 3982
2773 3287
3771 3776
2119 2631
3963 3990
2150 3966
1290 1380
3821 3886
3409 3570
490 3262
3522 3799
2916 3986
3822 3903
853 2706
1714 3402
1508 1813
3667 3765
2908 3179
2100 3135
2445 2562
3789 3933
907 1430
3935 3985
2325 2543
1111 2623
2374 2869
3871 3950
690 1606
2923 3970
2531 3057
56 1960
1238 2321
1785 1834
1987 2119
199 1243
272 1933
504 1018
3867 3885
3262 3968
3431 3627
1645 2034
779 3300
2266 3323
3099 3744
2247 2737
895 3835
781 2326
1529 1965
1453 2772
2401 3919
2178 3888
2908 3408
1863 3349
1689 3172
3030 3609
1342 3515
3698 3841
1616 2136
2849 3123
399 1618
2718 3527
1642 3394
2835 3925
46 2153
2710 3080
2094 2272
3906 3941
2771 3867
1682 2223
524 3023
2295 2936
2796 3815
2169 3230
1403 3858
2817 3017
1896 3122
2320 3622
3781 3989
2175 3080
1882 2861
3564 3744
1134 1285
1653 2180
490 2400
357 1428
3461 3883
206 1504
3813 3844
3190 3304
303 1571
1691 2594
1789 3762
1605 2634
2478 3550
1851 3672
3345 3911
3863 3895
377 3204
1215 2974
3483 3878
1770 3313
2168 2571
3921 3954
2526 2865
571 2623
350 3962
2335 3409
1152 2304
449 629
3897 3949
1086 2916
3035 3579
2995 3373
3227 3595
686 3071
3072 3782
566 1639
2830 3368
688 1750
1781 3662
1426 3054
735 3999
1981 3133
1279 2420
466 3956
999 3119
2886 3659
426 1905
526 2926
1066 2877
390 607
1588 3138
974 1811
1563 3153
3737 3809
2284 2831
2435 3635
472 3243
1695 3080
1268 3119
219 655
2399 3513
2116 2972
357 687
134 1879
3654 3762
3776 3952
2751 3566
3564 3677
245 673
297 2306
3629 3725
1347 2540
651 943
3890 3917
999 2201
1970 3291
1690 2798
1414 1945
1024 3090
3821 3991
3824 3991
2128 3464
3318 3888
3390 3928
3000 3519
2080 2410
534 2809
2440 3164
691 3780
2895 3259
844 3510
2577 3065
3901 3994
3492 3515
2499 3952
1356 1409
3299 3943
2873 3430
2767 2902
2747 3168
621 3089
2622 2717
256 2770
593 2908
3651 3850
3561 3836
1709 2854
2041 3660
181 938
89 2659
213 1454
2708 2729
2690 3836
1161 3228
1518 1765
1444 2819
202 3158
3055 3195
1340 3670
611 2603
842 3692
2322 3653
2871 3209
2658 3033
1171 3795
1142 1489
840 3151
334 910
1262 1266
2207 3693
3072 3374
2187 2615
2639 3491
1375 3983
1959 2843
2421 2962
3370 3418
2905 3046
1616 3176
601 3722
1782 3861
704 850
1848 3274
1163 1507
2273 3112
376 3568
1665 3726
2205 3363
1503 3061
851 1842
1827 2852
3743 3977
1160 2259
2484 2983
52 2867
1563 3601
2135 2564
1846 3444
2840 3762
1066 3484
1470 2087
2995 3905
204 1093
2765 3691
1039 2618
1926 3547
1627 3739
1018 1398
808 3581
576 797
920 2541
2634 3022
468 2655
3363 3622
3819 3994
3728 3965
3027 3294
3476 3808
3837 3896
111 3010
2158 2817
3212 3820
1307 2368
2683 3485
232 267
2946 3153
699 1721
2243 3407
3521 3800
1069 1947
3894 3993
46 3610
42 2903
3338 3719
3824 3902
984 3049
2246 3040
1329 1919
2601 2666
3316 3541
2895 3106
1568 2734
2963 3027
2525 3746
1705 1873
763 3417
3739 3999
413 541
2461 3450
1394 1803
1022 2631
309 2990
1735 2091
2611 3200
371 3794
728 1139
2764 2828
2397 2907
390 1893
3605 3791
1577 2010
1132 3709
2283 2508
2395 3285
266 3689
598 3228
3665 3753
2071 2797
3686 3871
2151 3885
2240 3485
712 1568
2163 3332
2433 2773
2409 3624
3605 3874
493 2112
3030 3831
3917 3956
1903 3531
47 166
2619 3524
58 970
1049 1870
2170 3165
3440 3906
3686 3921
3268 3310
2477 3646
560 1873
1457 2880
687 1198
2647 3683
3941 3945
1996 3588
3013 3485
3521 3771
887 1075
3001 3033
388 1906
1044 1249
3471 3662
63 476
3906 3940
2942 3206
1165 1670
794 1589
742 2232
2516 3856
2994 3851
2062 2227
1416 3909
761 1290
1285 2319
3666 3751
5 1555
2835 3423
240 3752
118 2946
3130 3964
2973 3478
3316 3670
3043 3590
1162 1802
2341 2446
2262 3704
2101 2578
2345 3994
700 1674
2542 2863
1303 3056
2940 3627
3291 3476
469 1769
3066 3446
214 2250
2044 2858
2209 2923
2996 3901
2861 3337
3130 3158
735 1772
538 1199
3653 3662
3049 3777
1827 3334
3022 3269
383 1753
2150 2757
2481 3874
2536 3123
3896 3959
260 1765
2218 2795
1621 3639
3112 3120
321 555
3347 3570
1890 3399
3888 3936
2756 3713
3213 3737
1394 2953
1417 1862
2193 2392
1741 3164
772 2477
767 835
1291 1863
2634 3494
1809 2584
2601 3359
3571 3611
3830 3930
138 1779
3597 3606
3304 3403
741 2844
801 3292
2834 3938
3786 3914
1821 3143
230 1747
1693 2943
564 3964
626 2751
2634 3643
1943 3719
1870 2246
1965 2681
3183 3955
949 2720
3118 3623
1661 2819
2344 2850
3421 3506
3130 3384
3146 3336
2908 3931
2849 3174
1216 1424
2081 3462
2040 3500
3116 3709
921 2577
1504 1892
2930 3923
3838 3877
205 2636
265 625
2735 3628
3932 3969
1915 3419
1901 3371
1037 1080
2017 3069
3952 3989
3627 3830
3346 3812
2392 2857
1702 3219
2352 2795
503 2908
3823 3930
2557 2657
3251 3604
3728 3773
2746 3414
1502 3363
2139 2758
2827 3362
81 1763
3273 3610
653 3261
1451 3468
755 3800
2644 3361
11 616
3044 3788
3688 3754
3475 3520
2413 3553
1679 1814
3798 3914
1656 2695
581 1497
2821 2912
589 2326
3738 3895
3080 3216
931 2597
515 1417
1089 1294
1491 1747
3738 3860
3570 3608
3967 3971
2695 3174
1501 3519
2327 2395
3225 3380
708 2765
3466 3788
2420 3395
3816 3912
2530 3157
534 1936
1536 3360
1572 3920
3678 3862
2626 3780
1450 2129
634 1780
3038 3649
3494 3964
1514 2581
1423 3844
107 2538
3237 3927
3244 3524
3124 3690
3890 3961
2870 3637
3403 3952
2801 3966
3508 3730
1344 1961
3475 3577
221 1528
2562 3961
1189 1263
3577 3929
2235 3880
2620 3912
3176 3409
24 3156
1982 3506
3536 3937
3730 3797
2803 3446
1424 1432
631 3470
786 3887
1288 1728
729 2536
3531 3588
2091 2731
427 1467
2319 3396
2937 3853
2833 3744
1026 3373
279 1018
2081 2633
3412 3753
28 3571
1834 3090
546 2006
1902 3729
1891 3792
2609 2749
3653 3716
1487 2707
1540 2781
1843 2220
2679 2723
585 693
3538 3571
2041 2690
3044 3377
3624 3760
3381 3571
2113 2394
2882 3418
1999 2507
1823 2856
3986 3991
1168 3935
1030 3809
3926 3957
2845 3688
971 3436
1231 3343
3096 3761
3309 3828
2049 3444
1684 3181
1408 2402
2672 3921
832 3932
377 1167
3986 3991
1727 1966
1920 2696
1122 3301
2021 2025
2650 2749
418 461
1440 3587
3018 3801
2296 3311
3246 3571
1055 2154
939 3482
1635 2814
3039 3879
3386 3415
3939 3960
694 3365
3875 3999
848 2079
386 1005
1966 3050
1044 2616
2470 3371
198 3713
1009 3051
3650 3679
398 3002
1778 3032
3039 3621
610 2136
3399 3517
2910 3087
854 3899
1087 2636
3463 3756
2340 2343
2226 3056
2213 2776
3924 3974
3194 3491
2378 3984
2742 3011
3059 3952
392 1776
357 1896
1382 1616
704 1609
1058 2772
1130 3578
210 2281
2332 2607
3950 3997
2110 2286
1798 3732
945 1669
3893 3975
3506 3926
1137 3697
3019 3644
1006 2542
834 2092
1809 2555
3803 3933
2601 3953
1199 2510
629 2011
988 1910
90 332
42 1344
739 2021
1051 2919
73 3603
1813 3522
2055 3158
1975 2163
3633 3883
1229 2749
886 2621
71 2991
2000 3895
3382 3831
445 3305
912 2176
2468 3745
600 858
192 3440
3032 3459
2315 2617
643 1242
482 1552
2150 2928
2204 2283
3551 3892
1642 3460
2194 3498
3238 3875
2348 3561
2065 2548
252 1513
2329 2415
134 2635
713 992
1608 3982
483 588
2380 2771
1006 3118
1010 3150
1001 2686
403 500
2021 2777
3509 3621
240 2607
386 778
2921 3401
826 3696
3948 3964
2326 3426
1 1909
664 2868
3109 3522
2337 3613
2113 2643
328 1355
3087 3128
163 3155
1334 2976
1201 3728
3034 3409
1754 3160
1881 3426
2723 3544
3948 3997
3663 3757
3361 3948
1002 1120
1738 2474
273 392
1828 3706
1059 1434
3897 3958
463 2299
2056 3190
3740 3783
1711 3292
2639 3861
2772 3223
578 1589
855 3291
1502 3366
1392 2161
2705 3309
2867 3114
1249 2632
3833 3987
83 2351
3914 3923
2244 3272
1971 3658
804 1944
2742 2756
1505 1535
1532 3440
738 1217
492 2026
2649 3596
3154 3405
535 2399
859 3204
819 1815
1523 1851
1252 1448
2674 2796
2060 3512
2882 3774
2085 2990
468 3805
300 1854
588 3495
121 3021
205 248
1975 3761
1712 2886
1468 3198
1702 2809
2161 3323
1875 2430
2415 2802
3863 3945
3576 3754
2328 3227
3395 3959
3736 3908
2229 3632
2692 3223
1304 2816
266 2500
806 934
1289 2946
1794 3969
480 3228
3668 3737
2032 2139
2715 3800
923 3866
1438 2513
3988 3989
2155 3604
1464 2899
2268 3917
3514 3853
3256 3304
2183 3808
2691 3322
2082 3868
3075 3414
3000 3302
363 3257
886 1071
3169 3842
3950 3964
2864 3827
3003 3383
1561 2466
2846 3631
187 2554
3587 3655
392 2735
1461 3934
299 2056
749 3116
337 1176
3824 3900
492 1971
3532 3559
1563 2032
2945 3488
3734 3935
610 1361
2174 3854
3851 3922
2488 2546
2942 3078
1185 3735
3918 3998
3682 3729
3810 3975
373 696
374 1947
1270 3042
1228 3991
2580 3269
3777 3803
1008 1539
2492 2501
162 2858
3538 3565
2766 2913
566 1132
1797 3323
543 3212
2952 3042
76 980
1104 3077
901 2578
3141 3873
2323 2478
1599 2549
3115 3500
220 3170
3686 3948
2985 3915
130 139
1524 3810
1846 2586
3266 3335
2463 2775
1123 1410
2712 3762
3581 3839
3080 3808
2528 3175
2715 3288
1849 3216
2774 3283
1498 2578
3154 3996
1704 2927
1565 1758
1946 3008
803 3028
2406 2684
1816 3469
3245 3246
876 3212
3081 3720
3189 3974
2377 3836
1142 3176
1636 2317
3669 3963
2543 3883
2377 3121
2043 2166
1765 1837
3753 3886
2880 3131
1520 1949
3504 3509
3720 3960
497 2784
195 2776
2606 2665
3308 3556
1510 3779
2442 3707
1233 2887
2745 2834
2845 3430
139 2843
1987 3121
194 3053
1463 3186
1312 3667
722 754
3932 3973
1145 3355
1695 2996
1468 2798
397 1781
1293 1753
2520 2584
3050 3613
988 1246
3651 3668
1717 2550
17 2603
622 1626
1396 3147
2398 3397
66 1293
2759 3797
1411 2955
1337 3917
420 601
1380 3029
917 1124
2386 2780
1265 3314
1375 1760
1900 2459
1210 2254
2412 2911
2832 3412
3502 3855
2828 3968
1765 3029
3362 3973
3137 3830
3145 3608
793 1713
3796 3874
684 2483
131 166
21 2531
2432 3095
2516 3947
2994 3771
2536 2931
2894 3720
430 1893
1609 3654
3540 3849
2814 3868
1 2477
647 3463
2915 3283
2780 2902
3260 3788
3115 3906
1505 2514
2969 3936
436 1623
1271 2100
342 3109
2260 3674
3122 3502
1323 2919
2179 3713
2081 3968
3064 3791
2514 2620
2766 2849
1864 3614
1011 1943
2803 3229
1073 2560
2850 3362
1243 2412
756 1460
3209 3248
851 1599
3521 3855
268 577
1370 1855
1464 2703
2689 3719
3612 3848
2843 3106
3175 3485
314 3963
1478 1920
2360 2655
3681 3836
3667 3980
3272 3696
2087 3478
2118 2414
2507 2988
1086 2010
3447 3478
1126 3214
1940 2703
3692 3947
3418 3798
2519 3979
1345 1443
3235 3506
2133 2850
3025 3574
3223 3524
3814 3878
1089 1978
1555 1807
1987 2214
2042 2184
3800 3874
3644 3728
557 1728
2822 3118
1887 3995
3199 3213
2191 3483
957 2688
1078 2916
1918 2838
2921 3801
3941 3969
2481 3047
1057 1167
2381 2742
2922 3752
2024 3313
349 1430
2909 2937
1860 2586
3842 3912
196 3314
384 842
1584 3161
335 1438
1994 2119
2606 3432
1249 1703
1211 3796
3380 3428
2711 3060
1583 2651
452 1348
420 632
3291 3557
1628 3118
2415 2639
224 3435
3497 3932
3304 3813
2012 3865
1060 1921
1890 3359
3441 3939
775 2238
3885 3922
2335 3021
385 1383
1882 2683
3033 3792
1161 3380
3119 3442
3787 3862
3578 3979
1094 2641
1076 3870
95 1369
2430 3091
1791 3680
3296 3989
1244 1603
1645 1967
1757 3472
2046 3345
2866 3437
3617 3937
985 2132
3717 3935
2432 3449
2595 2759
1157 2997
2744 2876
3983 3993
689 2814
3320 3429
2148 3918
3981 3997
482 610
1103 3223
612 3270
3476 3704
2502 3657
1537 2549
1875 2478
2540 3785
1079 3061
1171 2199
133 3124
3782 3964
458 3022
37 799
1528 2188
1245 3809
2766 2882
1824 3553
539 598
3333 3453
1630 2333
331 1896
1071 3665
348 2881
2427 3429
1579 3188
3361 3676
869 2167
1722 2026
939 3340
2754 3230
3138 3722
1794 3985
2557 2815
276 1952
4 3633
2453 2618
1469 3607
2880 3767
891 2360
2160 3794
85 2195
1574 3793
2899 3542
1357 3482
3976 3989
3330 3592
2019 2333
229 1581
263 796
1272 2918
3762 3912
3714 3949
3440 3585
630 2705
3516 3954
3587 3847
168 1478
852 2540
3368 3865
2660 3423
1205 2192
1293 2433
2329 2871
3125 3479
1580 1781
91 2800
2737 3880
3195 3659
2909 3498
287 2686
1068 2624
1307 3473
3871 3952
454 1529
379 3785
1017 3991
1254 2040
1675 3300
552 1928
2408 2797
1441 2349
3339 3792
2294 3339
82 3177
2446 2476
542 1787
2034 2995
2047 2616
3462 3539
2979 3556
3230 3835
2306 3968
2133 3512
2915 3380
616 2383
3192 3677
467 1092
3745 3805
917 2563
1048 3474
947 1979
3320 3795
2297 3555
3634 3910
545 1362
244 1177
2787 3286
2658 2981
3967 3986
738 1261
655 3985
908 1187
1776 3144
927 1515
344 2870
1911 3483
1955 3995
3071 3108
3027 3778
1580 1852
1669 3044
343 2874
1260 3105
386 2709
2757 3859
3318 3768
2651 2906
350 2034
1119 1468
2736 3552
1412 3906
2861 3151
1408 3504
1665 2338
3721 3773
407 2012
2475 2700
1690 3959
215 778
610 2542
721 3703
573 1905
1421 2831
710 1003
1807 3510
1338 1837
931 2325
1155 2214
2587 2602
686 3141
3 2541
1822 2856
1781 3350
3768 3965
3343 3818
635 2734
1672 3854
81 1243
1718 1761
1319 1886
3047 3341
2356 2917
3586 3837
2357 3216
1106 2384
807 3240
3751 3836
2446 3088
2175 2559
672 3985
887 2861
1404 3229
355 3273
2443 3349
1535 2140
2752 2929
2869 3271
3607 3995
817 3268
2107 3006
2493 3708
1168 3897
2851 3180
2916 3385
3167 3188
2145 2713
3435 3488
3703 3707
739 2728
1881 2257
2623 3891
1786 1834
663 3610
127 824
724 1226
1788 3064
1157 2687
3785 3795
3187 3536
2628 3972
3695 3975
1339 1766
1380 2024
3835 3976
2315 3056
1124 3110
758 2521
2536 3639
184 1456
167 1359
387 1914
1566 2624
2561 3944
2719 2798
215 573
548 860
946 1226
751 3953
3784 3981
571 1246
3342 3559
38 1109
3064 3193
2106 2303
909 2728
1457 1497
1132 1775
3176 3290
3511 3635
868 3185
2249 3350
1578 3238
2696 3270
2997 3752
1517 1554
2385 3577
107 463
3915 3980
3866 3911
3678 3959
3813 3945
1779 2297
160 1273
3470 3827
3573 3836
834 1818
475 1404
1651 1711
1281 2716
843 3629
3761 3994
3855 3882
3118 3671
3486 3676
2199 3307
188 3610
845 1105
1790 3962
3243 3573
3654 3710
645 1426
886 3155
1450 3506
3185 3228
2292 3651
958 1049
1648 1792
3726 3929
3945 3962
2653 3066
3809 3919
3414 3457
3474 3626
224 1150
3683 3826
2695 3381
1737 2597
908 3184
1748 3920
1115 3310
3081 3737
233 2515
1021 1152
2172 3855
3797 3946
1296 2112
987 2799
953 1161
990 3140
1243 1746
3782 3926
2409 2938
1753 2789
2672 3856
2256 2653
666 1122
3288 3298
1051 3587
2482 3656
311 869
579 3831
1004 1210
2672 3532
1299 2696
3814 3859
3563 3681
379 3190
2669 3733
1551 2122
910 2902
3286 3691
3088 3938
2324 2941
2544 3489
1922 2467
377 2621
1694 3760
627 1787
1825 2949
1504 2280
575 3942
1075 2466
1800 3417
309 3250
2736 2761
718 3889
2212 2846
3713 3974
2430 2592
768 3734
778 924
3980 3985
877 1615
158 2874
3114 3885
3603 3707
3547 3718
498 1434
2755 3476
183 2912
2976 3235
2318 3953
3752 3767
1395 2123
2034 3552
203 1988
1100 1622
417 1194
527 1184
961 2775
1827 2450
3570 3764
3182 3482
1314 1859
2561 3089
3220 3546
763 1401
2204 2471
3391 3497
3539 3970
3745 3810
1526 1940
2109 3311
1879 2082
102 899
1756 2602
1052 1976
3732 3892
1719 2425
3264 3322
1544 2358
1990 2451
626 2801
3685 3813
260 1073
2513 3080
1629 2118
628 3193
249 3391
3820 3825
3496 3696
2956 3201
1476 3128
1728 3109
3704 3852
2242 3635
1859 2083
1263 1448
1264 3963
2417 2879
462 1897
3734 3808
2303 3006
58 757
3542 3552
2346 3104
1048 1437
3329 3620
2110 3023
948 2468
2509 2878
360 3544
1322 2635
1338 3564
1995 3927
684 806
3745 3885
3012 3356
1961 2470
3551 3903
1291 2351
1483 2121
2521 2908
2477 3040
2275 2672
792 3511
964 2149
1733 3299
2928 3066
498 537
138 934
2711 3064
1422 3907
297 2576
2613 3476
3731 3910
155 3095
3934 3968
2683 2818
868 3159
558 1794
3760 3798
3254 3583
1115 1594
660 3795
3493 3516
2859 3666
2645 3112
908 3851
2774 3729
1557 2224
3574 3777
2179 2186
609 3060
636 1399
385 3295
991 2289
399 3330
2345 3330
2988 3169
1780 3183
1157 1840
418 2411
2295 2335
3463 3907
2160 3653
2758 3191
2968 3424
1298 3758
855 966
1694 3713
2500 2779
1511 2961
1029 3114
762 2571
3392 3605
1999 3167
1997 3764
1295 3487
1543 2817
645 1706
1496 2209
1379 3491
1163 3257
3081 3789
3433 3895
2902 3076
197 1587
2365 2937
3381 3787
2745 3761
2932 3071
3740 3926
3009 3868
1454 3687
3176 3368
1908 2563
2852 3737
2382 2572
3497 3959
1492 3671
1012 3460
1984 2996
3510 3698
804 3736
980 2978
429 2786
3837 3964
2122 3796
3820 3899
62 3666
2296 3692
273 1475
2969 3813
1429 3971
2141 2612
2475 3595
3189 3316
3092 3987
1599 2396
988 2905
1372 2204
839 3119
3582 3829
1158 3194
1916 1985
2643 3422
2969 3496
2442 3577
1400 3502
3271 3425
1753 3468
2358 2634
1206 1687
17 1874
3002 3438
3565 3792
3977 3989
237 1508
1213 2562
3132 3275
2636 3639
2867 2942
3375 3556
335 3238
3132 3210
1793 3743
3093 3695
431 1670
1802 3810
277 1983
428 3532
1729 3990
845 1009
2468 3688
1465 3327
1579 3236
213 3142
243 2128
2811 2899
1113 3553
3003 3793
892 3055
2886 3003
452 3917
3410 3594
3248 3408
1157 1181
1760 2965
3224 3908
2112 2519
1703 3617
2553 3962
1655 2211
2501 3222
698 1259
2533 3954
3375 3723
1578 2405
3801 3899
2257 3975
842 2561
564 3837
3854 3950
1240 1638
360 1049
2427 3152
655 928
3122 3898
2903 3965
41 925
543 712
845 1018
875 3282
2649 3011
3137 3439
3603 3709
3652 3713
1152 3573
3041 3975
398 1962
1239 1243
3064 3971
577 2876
1254 3200
2524 3381
3431 3719
2730 3654
740 1882
3690 3700
972 2384
357 447
2154 3508
972 2360
1977 3018
2003 2490
1326 2280
3580 3652
1606 2875
1178 3034
3019 3134
407 3507
3267 3758
2915 3895
2422 2958
3978 3991
525 3058
1447 3759
2386 3994
2695 3925
662 2483
721 2647
3441 3552
804 1159
3400 3934
1090 2248
1912 2608
3227 3804
1567 2555
3893 3953
3381 3539
2872 3006
1202 1255
3924 3936
1915 3790
2488 3251
1868 2041
151 1541
2243 2350
968 2001
486 1615
1717 1986
3976 3999
385 1339
2905 3790
1086 2377
2022 2809
2507 3861
2270 3018
1534 1584
127 1638
1814 3034
837 2019
2827 2982
2999 3982
1812 3017
930 2106
2547 3105
2610 3866
576 1129
1836 3916
1413 2154
734 2227
1351 3393
3616 3964
3450 3488
3523 3679
3757 3966
116 1832
24 2184
1007 1841
2346 3232
3183 3486
2999 3924
1694 2307
2851 3006
1229 3735
590 3556
1912 3396
3246 3889
340 3484
3227 3926
2046 2307
1199 3482
670 3224
1688 2664
208 497
1231 2611
3543 3892
886 984
3018 3974
471 2683
1010 2455
2400 2778
1631 3917
1099 1855
1844 3286
216 2626
2180 3496
157 3788
872 1030
1670 2958
1633 3649
2969 3551
3966 3983
1564 3500
893 3324
1681 3135
2479 3840
3076 3981
2225 3078
154 1409
2138 3179
1484 2223
259 3214
94 2233
2036 2624
3100 3404
1485 3810
3627 3705
1008 1010
1672 2006
232 3078
2075 2139
2950 3802
2955 3685
1132 1156
747 3241
676 1685
794 963
3263 3490
2793 3990
2166 3343
385 984
3198 3777
1758 3276
3013 3488
1428 2767
3863 3963
1960 2315
2043 2398
1953 2811
31 3487
1281 2635
1929 2219
39 667
1230 1745
139 2958
1219 2920
603 1531
3054 3322
1416 2316
1264 3305
1706 3812
3974 3996
440 2017
339 3260
342 2416
859 1310
2561 2583
1895 3489
2584 3377
1689 3189
2476 3253
1853 1909
2261 3036
1059 3339
1688 2738
3249 3555
1532 3799
817 997
634 975
2184 2196
1881 2033
166 1964
1100 1208
767 3166
836 2626
3143 3792
1225 2515
221 3294
2185 3611
3475 3520
1747 2953
3237 3277
1081 3567
3500 3872
264 662
3021 3891
3721 3834
1685 2672
497 1188
15 3534
520 3223
1193 1654
3412 3696
324 1896
2867 3054
1895 2105
405 948
2400 2869
2391 2891
755 2829
3415 3736
2163 3776
1967 2528
3899 3927
2411 2572
2768 3185
1233 2939
1039 2183
1119 3632
1846 3342
3546 3586
1269 2730
3781 3860
119 3486
3681 3714
3730 3849
3547 3624
2714 3314
1970 3493
2401 2905
186 631
1299 2944
892 3284
19 1249
1496 3161
1429 2331
3656 3705
3253 3879
196 758
1539 3526
1900 2289
155 1258
2450 2486
2985 3057
3627 3645
1440 1739
2911 3243
1936 2982
530 806
1110 2825
3689 3722
3417 3871
1858 2115
1047 1577
2515 3954
1765 2159
311 1208
527 3758
3063 3243
992 1578
3423 3582
2072 3548
21 312
3693 3777
3034 3666
528 1495
1729 3057
132 2165
2358 2640
1613 1728
357 3411
116 391
312 2126
1550 2075
286 3446
2547 3972
842 1969
1613 1646
3591 3657
3541 3550
153 2707
256 2902
2897 3846
880 2065
1314 2303
2109 3860
1114 2117
3083 3731
2204 2553
1114 2228
2295 2842
2350 2817
2760 2975
2342 3439
80 818
874 1332
2823 3619
1291 1625
140 579
532 707
2486 3040
1601 1970
114 3219
144 3623
2370 2528
1114 2169
475 2037
13 2377
952 2932
744 3149
2204 2418
2576 3177
3776 3862
1972 3661
1264 2898
2145 3759
2523 3677
2335 3029
3025 3871
103 749
3138 3933
2409 2831
1277 3993
2479 3584
951 1736
1503 3369
307 1006
587 3361
2075 2310
3562 3858
180 3176
454 2380
3940 3976
3035 3666
659 3311
2979 3635
618 2259
343 2037
3914 3966
3980 3993
595 693
1921 2527
638 1034
113 3636
1958 1976
3609 3997
928 3131
2183 3783
1816 3101
3062 3690
678 2687
1256 1620
1881 2016
1781 2823
1468 2947
3743 3900
588 1448
3775 3950
3688 3923
2937 3943
329 1042
2510 2952
1709 3020
458 3612
227 2957
3166 3216
1085 1714
2449 3534
1896 2437
3961 3971
386 1945
2536 3988
173 2855
251 3262
797 3896
2128 2488
2499 2997
1290 1511
3783 3914
730 816
3616 3922
1265 2601
2577 3929
1867 2166
3365 3927
1616 1730
1352 3839
391 1293
2122 3712
3710 3946
3451 3616
2446 2811
2576 3736
3279 3956
2982 3169
138 1796
2727 3981
2696 3714
3411 3909
610 2548
2931 3843
3166 3766
2646 3216
1741 2833
803 1435
2488 3905
259 3239
2841 2988
3453 3655
1452 2241
3477 3731
3047 3923
1337 3282
188 1516
3023 3108
1098 3134
199 1228
523 679
2248 3373
3045 3772
864 1297
3833 3873
2606 3226
1969 3016
2756 3584
3208 3658
696 1578
2109 3018
255 924
2344 3286
229 1412
3931 3938
1861 2269
668 3462
1610 2121
3976 3991
2426 2774
3917 3945
523 640
2518 2721
1160 3910
3438 3852
3955 3959
3969 3973
818 2272
2460 3144
2877 3961
3415 3697
3343 3731
2195 2427
1581 3763
1596 2921
1550 1818
3985 3998
1432 3939
2474 3420
2460 3650
1643 2283
3602 3995
2640 3571
992 2179
1239 3398
660 3264
658 2755
3497 3974
1563 2639
66 3683
182 2982
1774 1871
276 2054
1643 2908
1212 1827
2226 3175
716 3811
3088 3722
1593 2341
2238 2308
1757 3395
2182 3772
3178 3879
3431 3479
940 3904
3064 3413
21 846
1015 2550
3989 3994
1384 3196
587 1769
1415 1854
3745 3834
2239 2295
3 97
3025 3299
1114 3696
3684 3953
2739 3200
1827 2591
632 1062
876 3569
488 2589
3498 3920
1733 3026
3422 3844
3473 3715
1242 2072
3175 3176
2204 3302
3073 3691
497 1362
1581 3684
2762 3317
1810 3831
1723 3857
206 2786
2906 3730
2245 3767
3780 3850
3394 3899
2257 3815
2001 2472
3814 3996
3983 3997
3557 3862
2695 3225
655 3688
410 1938
3158 3832
3476 3874
332 669
3611 3638
2376 3205
784 2500
3727 3843
449 2038
491 3239
2495 3543
1778 2667
1253 2536
2078 2127
654 1690
3485 3658
1252 2202
3090 3541
3371 3545
1744 1971
1749 2237
3709 3763
3990 3999
2315 3915
3699 3845
2377 2540
3474 3965
595 2928
2955 3621
285 3647
2898 3674
2554 2593
2765 3912
3383 3593
3746 3874
744 1100
2209 3369
2933 3532
3017 3363
2956 3445
2797 3644
3128 3934
3149 3397
1082 1727
1981 2294
3441 3926
3703 3886
844 2081
2319 3339
3133 3748
98 2272
3969 3991
1923 3218
2998 3666
1698 3839
1731 3178
2503 3581
128 2420
1139 2153
3326 3852
3251 3728
1270 2702
2285 2993
2455 3091
2091 2515
3184 3579
2089 3654
3730 3862
2271 3859
1290 3592
3438 3960
2537 2867
66 743
1943 3361
3724 3964
2052 2913
90 481
2 3731
3839 3924
3820 3842
1617 3110
398 1712
3604 3771
3050 3267
3080 3966
799 2571
573 942
979 2218
2050 2519
3167 3571
130 202
814 1736
1829 2780
3086 3850
3808 3863
2244 3924
817 1535
1159 1282
3834 3957
1360 1529
475 3259
2139 3393
3228 3510
1939 3318
233 3635
3097 3121
2102 3916
1654 2075
391 2125
1265 3356
568 1919
1743 3427
3347 3511
2333 2647
2059 3990
2855 2920
2230 2389
3141 3792
1924 3094
2563 2929
330 2314
2240 3721
2031 3412
1429 1929
1666 3948
1486 1705
3917 3988
1703 1820
1211 3782
3383 3768
206 543
3378 3498
1595 2654
2144 2704
2414 2558
259 825
2376 2562
3312 3381
1705 1924
3176 3365
504 3579
1849 3398
2114 2625
207 3354
338 2526
2008 2044
2443 2754
2075 3497
121 181
2662 3086
226 2770
1376 2333
1365 2271
761 3699
756 2663
1267 2983
1080 1527
2626 3889
1280 3297
2633 3668
3343 3883
3639 3953
1166 1918
86 1461
790 1991
1187 2334
825 907
1028 1382
826 3241
730 2927
3992 3993
362 546
1609 3122
2718 3619
737 1631
520 2921
3964 3995
2305 3368
2056 3428
894 2438
868 2716
2393 3283
2742 3341
2121 2764
1297 2670
3600 3900
2281 3352
3505 3813
3051 3551
2817 3710
2678 3671
838 2331
2081 3419
2190 2248
2150 3938
1553 1917
1154 1234
2710 3847
2332 3744
3566 3760
1159 1404
2931 3179
1557 2996
644 3200
2892 3891
774 3388
2502 3374
1614 2167
3000 3227
1848 3495
2407 2701
916 2159
106 1297
73 2743
3611 3902
3129 3763
271 3578
353 2003
2275 3165
1613 3026
2218 3475
2157 3822
1402 3479
1307 1447
1981 3145
325 1521
3893 3920
2822 3722
3794 3876
3952 3957
2869 2920
3338 3863
718 1534
3480 3743
2171 2876
907 3785
3189 3738
2458 3503
2307 2918
3114 3796
3130 3647
2826 3792
435 1783
864 2779
163 1241
962 1811
487 3172
763 1793
2919 3234
2481 3412
815 2410
302 1291
2485 3087
1210 1824
1471 2417
1181 2789
47 3050
72 1742
2877 3918
2186 2468
292 757
3346 3607
2872 3414
975 2673
1632 2553
3612 3985
1510 2852
1791 3133
2497 3043
979 2379
2677 2754
2236 2482
941 2357
3330 3924
3333 3556
3481 3737
3967 3990
3092 3224
911 3343
1597 3850
3925 3976
180 2481
299 3607
1149 2554
1116 2940
321 2032
3742 3887
2605 3959
2213 3244
3120 3933
2786 2954
1366 2159
1092 2409
1654 3763
3099 3882
2350 3384
1005 1070
406 2218
2999 3314
2423 3963
1293 3980
245 1014
1724 2232
565 3722
1030 1823
2851 2906
800 1914
3600 3990
3900 3941
2446 3416
3323 3330
1150 3701
1445 3640
1928 2809
2574 3138
1135 3285
1247 2293
9 1166
3723 3917
67 1612
3126 3765
2898 3110
3287 3725
3426 3550
1729 3450
2463 2936
2009 3441
3235 3417
877 3924
2151 3640
2090 3040
321 1712
1017 3459
3142 3831
3663 3801
3933 3964
1625 2965
3550 3708
2264 3423
2672 3005
634 2243
3229 3654
1105 1856
3044 3428
2387 2936
2328 2903
3138 3214
3944 3978
3037 3649
2605 3843
2050 2239
1531 2933
2334 2778
3770 3877
3851 3976
1970 3156
3505 3876
962 1747
2556 3670
1737 2098
3428 3959
234 3808
512 2324
3224 3868
1071 1813
1068 3297
1750 2923
1491 2412
2103 2244
1439 2057
32 1963
3820 3969
2396 3350
641 3750
3222 3294
2763 2824
3464 3563
2606 2794
543 1130
3602 3888
3160 3561
2241 2506
3317 3942
2756 2769
1009 3405
2800 3026
162 1883
731 1868
3337 3480
1370 3919
3330 3487
1206 3457
3357 3548
1442 2057
2833 3590
2668 3908
2282 3104
1264 3283
3771 3796
3328 3934
900 1515
2705 3122
3540 3656
778 992
2709 2992
901 3067
1331 3360
2437 3247
3535 3806
195 603
3047 3289
2674 3508
285 1649
1545 1800
2189 2733
151 3964
3818 3919
6 1068
308 2557
1745 2726
116 266
2812 3656
3593 3698
2462 2854
1324 2010
3563 3713
3737 3840
717 2231
919 1606
3985 3987
1397 2877
2533 3154
695 1856
3177 3332
2866 3914
568 2729
1408 3874
308 1385
1319 2686
1662 3750
941 1277
2180 3854
2970 3538
2882 2942
889 3896
2651 3738
2600 2838
1448 1790
4 1217
2362 2403
3518 3683
4 2183
2958 3117
1043 1574
3440 3571
299 2332
1997 2132
2675 3735
2256 3410
1943 2411
1175 2732
820 3152
607 2154
2405 3969
3342 3793
3636 3856
2 3145
734 1213
46 1156
242 1278
818 2596
3267 3616
2787 3003
1947 3495
3619 3958
1058 2690
458 1321
1488 1667
802 1029
813 839
3585 3683
3086 3916
639 3315
1221 3936
2513 3752
1293 2382
3159 3273
3992 3994
1918 2374
1675 2049
1327 3335
3796 3800
819 3464
3556 3914
2674 3440
2224 2635
3349 3737
336 1875
1952 3466
3078 3095
514 727
3982 3986
1111 1531
3034 3936
121 3336
2210 3322
3398 3920
3395 3845
1584 2431
1198 2479
2319 2769
2537 3760
3378 3805
1348 3814
585 2819
2156 3572
1529 2013
1670 3730
1806 3335
952 974
1131 3199
715 2086
3784 3833
3642 3716
2006 2653
187 846
1004 1950
3528 3877
1858 2975
601 2063
3731 3783
2525 3614
811 3012
2605 3856
2241 2821
648 884
2712 2737
2724 3699
3025 3807
382 2939
1487 3956
1403 3092
1284 3315
3202 3818
297 1722
1188 1796
486 3963
98 2838
3835 3926
3679 3988
3458 3554
2087 3964
1369 2769
3983 3992
863 1971
3375 3706
639 2830
718 3207
3786 3901
2778 2966
3109 3612
3023 3028
435 2664
1879 2409
2026 2067
3516 3595
1243 3759
957 1121
3262 3549
2298 3528
3313 3836
2720 3717
528 1206
2602 3849
1021 1410
3667 3673
1658 3588
901 3796
428 3910
165 3807
1942 2837
2685 3210
3506 3928
1817 2554
104 2373
3725 3966
3157 3804
3520 3657
1465 1656
2184 3458
1081 1728
2002 3388
714 3366
2078 3238
2600 2837
3668 3971
3747 3931
2025 3346
1659 3200
1224 3312
1284 2092
3440 3971
2065 3491
1940 3766
1277 2865
2422 2430
1101 2944
249 501
80 88
2285 3078
657 2261
1074 2788
3024 3077
674 1673
3274 3823
548 3091
1014 3723
1513 3240
190 3451
2169 3128
465 2757
872 1066
2530 3894
1180 3658
514 1398
2648 3676
1963 2811
617 3028
2021 2839
1504 3774
55 1358
3522 3849
895 2871
2822 3467
131 2135
3336 3828
2128 2751
3071 3603
3593 3744
991 1786
2924 3994
1696 1768
610 1920
3548 3801
2126 2700
3042 3287
3858 3975
884 3660
3659 3708
2511 3420
3661 3944
1373 2173
2268 2926
1535 3658
817 1751
515 585
2493 3684
3619 3987
2361 3535
425 1342
474 964
26 644
2520 3120
229 1712
2994 3919
863 1623
62 1783
2213 2584
658 1456
3225 3348
3758 3791
1873 3824
2096 2820
2272 2620
1793 3456
1674 1761
3856 3913
471 2160
3898 3912
3125 3372
369 3495
3079 3627
32 1253
3177 3668
216 711
3376 3398
923 3237
450 1239
3274 3655
2076 2945
3324 3340
3227 3361
2600 2981
775 1978
1590 3264
1405 3485
1460 1531
3172 3214
461 1235
2498 2604
1561 2410
2498 3692
1320 2340
831 1670
503 3709
709 877
3172 3226
2284 3059
1262 2605
600 3857
2999 3442
1928 3224
1540 3443
1404 1641
2796 3137
3564 3719
3455 3843
1633 1938
3380 3956
313 3984
1738 2167
615 3421
2539 3648
2164 2508
1862 2943
432 3946
2987 3730
3 1890
3687 3796
2501 2709
2260 3054
2655 2777
380 3224
1619 2266
1476 1935
1514 2109
2877 3809
3766 3813
997 3355
3383 3584
3202 3238
965 1645
1835 3829
3964 3991
813 990
3417 3871
2006 3428
860 2744
3975 3988
1752 2072
2478 3580
3345 3356
501 3309
1129 1554
1103 3936
1041 2515
1613 3049
3214 3691
2263 2522
916 3795
2346 3438
2515 3766
2133 2529
3325 3726
3725 3846
3920 3971
505 2390
331 3773
1218 3394
719 1944
3250 3568
1162 3138
853 3407
3660 3714
1286 1691
1034 1922
2783 3483
1075 2568
3599 3627
79 809
728 2408
1435 3741
1136 3553
3640 3850
3250 3976
1144 1492
3749 3821
2620 3467
3602 3930
1558 2471
1211 3051
2475 2709
2975 3299
2721 3814
2411 3960
1521 3979
65 659
1920 3049
453 3049
2568 3121
1320 2200
2921 3071
3799 3803
1439 2317
754 2626
3898 3974
780 2937
2045 2081
2497 3496
2635 3722
1905 3480
3580 3819
1640 3375
2402 3463
2871 3694
2885 3107
2465 3385
2010 3604
2999 3006
3296 3689
2877 3725
1215 2839
139 720
2523 3723
3454 3622
1954 2936
2161 3282
1330 3986
3579 3729
3022 3145
3752 3816
3769 3906
3120 3364
3159 3320
1785 3939
1006 3418
1640 2833
394 1628
2536 3901
3725 3954
2759 3528
3302 3744
650 3189
1085 1572
100 3006
2188 3705
922 1851
1577 2209
1122 3886
786 2891
406 2105
2984 3850
3928 3964
3599 3897
2652 3899
3613 3907
3846 3999
247 2821
1436 3534
2351 3543
3930 3985
2500 2904
2240 3436
3524 3755
981 2031
2274 2543
2830 3521
2698 3847
1895 3363
938 3409
1541 2001
3702 3987
3381 3565
2411 3925
3050 3840
2086 3142
1911 3517
158 2239
611 2124
2833 3015
126 3858
844 3644
1766 2482
239 3180
1907 2095
1878 1950
2250 3023
1338 2848
2231 2301
3333 3402
715 1541
3506 3778
3135 3902
1562 3763
2019 3133
1823 3409
2359 3023
1536 3644
761 1218
459 2882
3284 3856
1726 3642
2078 2549
1454 3441
2775 3328
3166 3474
3964 3967
2070 2328
841 2632
2971 3614
1414 2763
1201 3216
3647 3688
2731 3903
2651 3375
3736 3954
1837 3386
902 1342
2092 2435
3934 3982
3614 3622
237 3715
2094 2878
3105 3890
3662 3855
1934 2480
2967 3543
2526 3849
3073 3383
3513 3621
1788 3744
1386 3561
3427 3530
3911 3917
64 1576
3110 3682
1528 2510
2112 3499
2228 2783
1338 3463
552 3164
3047 3744
1001 3024
2177 3243
2197 3429
447 1314
3255 3827
3030 3068
2163 2740
1089 2305
3264 3564
898 2387
2005 3655
52 3377
443 3056
900 2173
368 1746
1599 1992
2502 2622
1348 2681
1602 1969
239 2755
562 1219
468 2383
1282 1474
1376 1804
2643 3341
728 1785
3714 3951
510 2926
1746 3876
2937 3847
3822 3836
2850 3186
1012 2046
693 868
1013 1643
2632 3658
329 1191
2434 3106
1508 3449
3302 3402
913 2236
2301 2405
3647 3937
3865 3885
2262 2984
1950 2243
3487 3535
431 1909
753 2168
3734 3793
1415 1987
981 1049
65 585
963 2586
3867 3972
2882 3449
1431 2738
71 3464
1405 2884
2904 3360
2314 3809
3687 3908
2768 2810
1797 2783
1427 3992
267 3888
2764 3629
3826 3948
1662 2065
3415 3801
57 3322
3708 3725
800 3313
3694 3836
2205 3397
2559 3249
1134 1711
2961 3900
2943 3310
229 1443
697 1384
481 3592
3597 3677
1428 2568
3947 3975
110 1941
2726 3068
128 3815
1767 2019
906 1686
3038 3797
3402 3665
3615 3767
2525 3933
2468 3626
261 932
3936 3999
510 3748
2932 3271
1372 1852
996 2757
2191 2372
1213 1642
1716 3182
1107 1315
3749 3954
3582 3617
2400 3192
1597 2045
3130 3651
1739 2063
676 793
1624 2120
1238 2165
2770 3553
483 930
2104 3479
1223 2432
2402 3485
3652 3892
3762 3787
1150 2205
2875 3542
3300 3827
2365 2917
1929 2195
2163 2265
2682 3484
1367 1781
1950 3632
3569 3901
1648 2460
878 1632
3020 3491
623 635
1734 3966
707 973
2917 3995
3435 3472
2478 3592
2306 3079
157 1721
2516 3537
3083 3260
2979 3920
1850 3334
3514 3727
3766 3978
22 3766
2383 2944
1184 2519
2522 3966
1718 2216
3409 3958
425 1549
991 2495
1977 2230
1784 3059
1783 2740
632 1618
771 3231
3864 3929
1611 1924
3954 3976
2548 2830
2857 3952
271 1876
1556 3972
2558 2982
623 2706
362 1481
9 2408
855 1369
3411 3890
3928 3960
2641 2772
3501 3936
1492 2207
3186 3715
2095 2279
3336 3401
163 1705
3223 3270
1263 2373
2266 2544
2195 3043
2188 2585
577 2137
123 3096
3209 3923
333 621
1599 2773
1054 3985
743 2357
1706 2788
1731 2164
2468 3579
364 1454
2443 3488
3062 3470
1040 3136
980 1434
3733 3865
3406 3462
3255 3570
1669 1822
3642 3834
1179 2200
2659 3805
3022 3416
3976 3979
2612 2961
207 339
3340 3864
376 3597
1785 2503
1470 2988
3474 3811
3414 3616
1569 1629
1292 2877
1485 2453
3269 3609
1725 3095
1821 2909
3171 3796
2117 3327
3537 3696
538 2891
2151 2562
118 1924
3581 3741
3015 3784
2359 2567
1221 2239
1954 3074
3171 3993
559 2997
963 2615
2397 3491
2852 3385
455 528
2867 3583
2323 2375
843 3338
3033 3863
1177 3877
765 1588
1207 2651
2132 3486
244 3927
1667 3608
3415 3461
779 3454
604 3222
1570 2639
718 1671
1279 3916
569 3180
517 2018
2946 3116
1463 3329
672 1113
1650 2091
761 3595
692 2517
2253 2879
3811 3887
991 3252
3966 3970
1503 2253
3686 3948
3216 3699
1633 2564
1280 2759
1480 1527
907 1729
1307 2755
480 2951
3206 3674
3369 3379
1976 2640
1060 2855
1513 3994
95 2426
1477 3094
3956 3991
524 1000
3130 3760
1912 3071
1907 3457
1708 3984
800 3640
1447 3079
566 3369
13 3309
3443 3830
711 3796
3951 3982
2710 3191
3421 3800
1820 1884
179 3117
957 3315
1368 2202
71 2811
631 3237
2865 3917
20 3647
292 2461
61 2786
759 1997
2536 3643
3440 3931
310 696
3192 3638
1475 1664
510 3776
938 3468
1590 3083
636 1899
2480 2672
2843 3393
1219 1561
1830 2300
2196 3995
1334 1708
2358 3532
1674 1881
2316 2651
2873 3259
2368 3694
897 3106
3199 3695
1512 3567
2778 3255
317 400
1913 1973
424 1353
3505 3603
3483 3746
3238 3375
1161 3134
3686 3845
3802 3967
1262 1876
2219 2524
2618 3578
922 3989
432 2380
658 3312
2737 3125
1714 2284
424 740
1942 3237
1173 3226
813 3326
958 1748
63 3550
35 3245
661 3613
2797 2809
3929 3989
1425 3172
1495 3649
410 1073
2988 3212
3660 3955
1190 3377
3446 3672
1436 2784
200 3912
510 2470
3269 3596
3574 3956
126 1446
2513 2654
1943 2998
940 2740
1049 2503
176 1308
2688 3906
965 1201
745 2741
1757 3919
2039 3188
1462 2768
2596 3356
876 1505
205 2188
3628 3867
419 2389
3742 3990
3480 3952
3187 3776
2234 3596
709 3063
420 2722
306 1355
1746 3188
1127 2390
2433 2588
103 3488
3641 3713
2876 3571
2022 2177
3134 3305
1810 3043
3772 3832
1630 1876
3898 3906
377 1914
3017 3288
3676 3689
357 1815
1529 3058
919 2036
1694 2062
249 872
3994 3995
3626 3912
1514 2464
3458 3874
1260 2016
605 1454
320 3842
418 3714
2117 3446
310 2271
644 2206
483 2653
1106 1756
322 3945
1944 2746
2759 2913
1619 2748
2218 2637
3426 3840
394 1201
917 2926
3761 3780
1984 3296
312 2527
1131 3162
1436 2366
3802 3965
2897 3555
1669 3383
1677 2341
2210 2380
3939 3970
532 2020
1441 2796
3304 3333
1569 1759
2851 3858
407 1295
2917 3671
2189 3943
3825 3911
2481 3900
20 2828
45 1341
1807 2973
290 1367
1324 2620
315 1173
2076 2762
967 3786
1446 1902
3858 3982
2120 3451
1616 3046
428 3828
2204 3661
3359 3673
3617 3940
2366 3520
1109 2802
1057 2422
2398 3272
3180 3744
915 2871
1011 1681
532 1358
1052 2779
221 2478
3228 3778
3702 3986
3352 3735
820 1677
2438 2959
1051 2964
1114 2320
3810 3963
3873 3967
1895 2737
1050 2702
1550 1579
2073 2086
627 3534
102 976
3695 3744
463 1855
3809 3848
258 3635
1216 2361
919 1143
2449 3808
2410 3036
1253 2949
3399 3936
3915 3980
2288 2893
713 1902
724 1937
3069 3879
2695 2768
327 3502
1398 2943
1905 2188
304 1498
2492 2719
2228 3720
3257 3806
2217 2720
96 1594
2299 3373
3242 3554
2713 3811
1390 3140
1086 1910
1159 2422
847 1908
1210 3191
2422 3555
1621 3154
1265 3237
679 719
1413 3955
3219 3549
582 2165
1122 3289
3935 3989
2080 2566
646 2107
3078 3827
31 1446
1723 3654
1136 1515
124 2493
2869 3207
836 2377
1476 3162
452 3578
3837 3906
612 1526
1129 2582
439 1315
2723 3929
3460 3920
2818 3434
3218 3714
1681 2670
2769 3335
342 517
2922 3895
151 2012
1841 3381
1554 1624
1359 2810
2162 2197
400 3375
927 3718
422 2307
180 293
1314 2958
1787 3429
2053 2471
919 2281
2231 3953
1363 1621
2525 3320
1206 2433
3899 3971
83 512
1444 3746
1441 3591
3690 3707
2881 3720
3253 3561
2109 2610
2840 3104
2519 2626
1558 1880
3841 3971
1742 2105
2120 3587
3059 3512
3445 3974
3306 3403
1108 3681
1907 3980
1772 1979
335 855
3155 3511
3584 3598
2047 2415
837 3130
1293 2921
1922 3111
3257 3983
1577 2753
10 3456
198 2556
2619 3007
3273 3345
3605 3788
3367 3582
3017 3692
2748 3276
546 2265
3144 3448
712 3474
2335 3929
2354 3334
3285 3900
3879 3933
3856 3931
2728 3425
3308 3443
3001 3922
1930 2024
3975 3977
311 1608
1119 1701
1734 3629
3417 3473
394 1091
1579 3781
583 3429
3534 3613
1753 1797
3683 3931
877 2197
1992 2499
3196 3952
2415 3893
2139 3519
600 2172
3300 3577
3796 3845
2060 3455
3976 3995
2197 3621
1818 3437
2022 3195
2315 2709
2021 2766
1869 2629
513 1901
981 3885
2294 3897
2836 3613
824 958
809 849
1245 3957
1256 2557
686 3157
2850 3049
1818 3851
2696 3041
1759 3977
897 3202
280 3257
2179 3090
1973 3837
510 1209
415 2364
1961 2294
2074 2951
3128 3488
2783 3700
2170 3713
2866 3035
252 1747
3005 3073
3344 3925
236 3341
3639 3983
1677 2443
1499 1942
2593 2829
3166 3734
2300 2480
398 1510
2399 2628
2035 3770
1888 3379
19 158
1481 3906
3421 3809
1010 1316
1991 2506
1046 2734
3539 3703
2768 3428
1250 1882
1830 3816
3363 3716
809 2910
2882 3760
1085 1752
3241 3387
953 1957
2807 3442
1506 3001
87 3059
325 563
3904 3978
2437 3021
3122 3183
517 2262
1865 2768
791 2265
667 1538
2470 2532
2050 2981
156 250
1496 1543
2339 3573
345 500
603 1768
2799 3803
3457 3819
3416 3891
172 1760
291 2859
1621 1622
1600 3423
3612 3713
505 3922
3948 3964
889 972
3973 3986
1733 2715
2719 3612
2974 3038
3261 3742
3296 3966
3698 3941
734 3430
1942 2482
1322 3803
374 1422
3655 3677
3190 3205
2062 2235
2465 3184
2896 3137
1758 2906
1174 1266
3062 3281
3170 3936
3226 3233
3131 3196
3617 3737
2793 2904
3183 3440
1434 2835
2867 3213
941 2055
27 3966
840 3208
877 3958
1727 3304
3271 3615
260 1421
1575 3484
3937 3961
126 337
196 1556
1475 3426
2818 3688
1805 3819
3194 3972
1697 3845
1230 3620
2653 3075
1159 2473
1416 2620
507 3404
1855 3744
3842 3955
898 3976
2069 2499
2265 3367
333 1594
2134 3910
2782 3726
260 844
538 1809
1095 3812
3917 3940
682 1166
2683 3013
2901 3509
676 2434
1401 1924
501 3505
874 2916
2218 3397
1091 3405
2072 3098
3147 3820
2409 3651
3920 3998
3239 3719
2439 3073
3862 3936
646 3418
3417 3614
3831 3912
3113 3909
2093 2437
860 1907
2302 3485
1823 2512
1122 3229
488 3286
2749 2892
1111 2358
39 781
958 3197
274 1328
1362 3267
1183 3841
885 1364
1602 3939
3443 3967
3891 3914
3911 3948
2228 3063
2102 2572
3514 3852
2875 2958
2271 3841
520 859
3844 3883
1197 3427
83 2973
3455 3490
2991 3271
966 1191
2262 3371
1009 2694
3640 3800
1110 2442
1601 3504
2082 3563
1752 2456
3467 3888
1161 3634
3215 3866
1727 3612
2030 2904
3739 3870
507 3925
2130 3001
3038 3124
3865 3977
722 1765
1834 1931
3819 3864
3080 3437
2525 2784
2384 3343
1405 1593
1861 2905
772 2627
3605 3834
2168 3651
2895 3722
149 2084
63 1226
45 3931
882 1123
2456 3274
2925 3873
1110 1740
3909 3970
2921 3306
2472 3238
1006 2849
2382 2969
711 2502
3792 3842
1131 3729
3964 3975
3214 3779
2498 2550
2854 3547
2215 2580
713 2712
806 2466
2937 3688
2198 2996
2519 3314
2782 2970
674 1117
2987 3135
3905 3966
2246 2338
2645 3834
321 773
1667 2162
3479 3962
3650 3930
398 2351
636 1210
2401 2458
1677 2803
3091 3810
859 1670
2319 2643
686 1925
1144 1821
1793 3837
1085 1263
315 1371
2210 3285
565 2571
2342 2355
84 435
264 771
709 3555
348 3131
436 904
1529 3393
2510 3478
1362 2440
1078 1901
3843 3944
607 2043
1489 2118
2343 2593
486 1060
2601 3943
3313 3895
661 3184
3464 3993
3968 3978
3302 3394
2970 3855
2277 2598
7 1103
3135 3553
299 1032
2973 3601
3378 3512
3130 3690
5 1303
2665 3397
1406 3559
1203 3605
2826 3917
1276 3489
3901 3913
2518 3055
3046 3875
3987 3996
3434 3547
1215 1587
3384 3644
3319 3903
348 2025
2033 3396
472 1686
1603 1735
1429 3478
1159 3992
187 1140
458 1560
2774 3424
130 436
2828 3429
926 974
3808 3917
3684 3846
2158 2207
965 1104
3099 3314
2310 3801
616 1746
3733 3882
1270 2494
1100 3850
1211 3473
689 2995
718 801
1703 3112
3282 3426
1061 2503
978 1363
2369 3207
1621 2824
361 3272
1885 1973
282 686
3287 3788
3892 3992
2128 3957
2318 3746
3025 3686
1212 3802
1836 2836
381 1603
918 1752
275 2217
1244 3983
65 1988
3827 3906
3754 3957
3158 3314
1172 2724
2568 3267
2494 3060
2557 2857
1301 2598
36 2660
2311 3445
528 1146
2839 3092
3395 3690
1576 3943
2361 3194
2903 3227
3741 3865
599 2514
425 1299
187 3179
76 825
3230 3234
211 3861
498 3813
1607 1829
586 2517
743 2258
3323 3419
1273 1602
3998 3999
1471 3640
2071 2585
2103 2770
1393 3125
647 3754
2859 2987
932 1706
1056 2131
550 3423
2255 2509
1298 3972
510 2283
2731 2932
243 584
5 3266
899 2660
2993 3438
1888 3136
3487 3969
3425 3472
533 3578
1696 3714
2255 3837
2776 3837
3969 3979
2366 2637
3809 3954
1758 2929
2155 2658
3441 3728
812 3456
3456 3951
2353 3220
2708 3657
2074 3192
2993 3972
425 3828
828 3236
2459 3706
3952 3966
3153 3757
1465 1710
713 2404
125 1843
1413 1414
2817 3173
1728 1883
2799 3966
845 2923
2752 3391
1341 2903
3522 3904
3502 3575
1616 3295
3809 3926
301 642
2192 3108
3964 3985
3319 3881
1503 3547
2480 3093
2877 3577
244 2966
674 3531
899 1892
799 3960
1388 1934
1504 3683
417 2061
256 3923
3864 3951
3479 3484
1275 3922
3007 3900
3106 3139
1554 3708
2093 3094
1899 3367
3400 3499
2248 2421
3428 3838
3200 3569
2146 2784
2952 3306
2670 3277
2341 2846
3367 3725
1410 2119
460 3645
2818 3827
1036 1357
1121 1392
3775 3954
2512 3159
3561 3677
3835 3847
1340 2141
251 1230
3025 3781
3067 3073
775 2806
2735 2932
3179 3196
2186 2620
2316 3297
3738 3759
1253 2816
1124 2509
797 1652
3446 3856
3505 3794
953 3583
1235 3803
2375 3082
3687 3994
1061 1452
462 3918
3783 3861
2885 3025
3313 3512
3113 3282
1400 2077
3714 3921
77 1364
2089 3816
89 3140
1975 2195
3289 3808
2588 2691
296 3871
1240 3558
3507 3552
2281 3682
2751 3002
1751 3147
464 1368
1415 3416
1220 2009
3070 3351
2410 3940
1011 1059
2864 3929
2595 3945
3904 3951
1036 1580
2323 2439
1951 2059
239 965
3989 3991
3731 3807
3479 3563
2296 3928
2570 3697
1654 3282
3866 3944
3956 3959
3078 3211
996 1144
381 474
2753 3101
2687 3563
355 780
1310 2281
675 3381
1753 2626
1961 1998
3228 3862
56 3455
1343 3780
2164 2765
2658 2843
1630 2894
540 3173
252 849
433 3541
3783 3978
3612 3666
184 3667
3412 3616
2147 3674
3202 3509
1413 3784
3085 3521
1854 2854
3697 3918
1324 1360
3910 3939
349 3024
2641 3159
1333 2263
924 2488
988 3464
3204 3409
3373 3919
3152 3661
3211 3605
2160 3898
2037 3675
3190 3362
2621 3349
768 2729
1432 3039
2555 3491
2030 3628
3366 3397
3517 3690
2135 2499
1288 2359
31 3664
1365 1513
3238 3726
3078 3607
3340 3341
916 3821
2622 2965
1841 3983
682 3964
2871 3065
3128 3455
3901 3996
2165 3562
373 1757
1189 3674
1256 2986
3434 3782
3016 3551
1367 3741
3917 3971
1051 3533
1933 3685
2545 3436
3660 3886
1132 2140
1450 2704
1717 3368
1516 2538
2880 3548
646 1351
1554 3586
2484 3041
3129 3385
2629 3607
2024 3210
2625 3639
2146 2693
1074 2362
3281 3631
2239 2979
2500 2903
2181 3941
235 1166
1145 1626
950 2713
3335 3495
1472 1786
2093 2804
1083 3120
591 2883
1943 2146
890 3939
2911 3636
2436 2858
788 3014
3359 3963
2543 2758
3490 3856
2871 2939
2108 3225
138 3910
1135 1906
1170 2630
3427 3553
2777 3094
3763 3794
196 3633
3981 3989
71 2252
3832 3873
2446 2942
665 3246
2082 3265
3069 3538
3141 3522
1218 3162
321 1431
2136 3671
3830 3874
3050 3254
1450 3504
3307 3601
3897 3998
2512 2885
3311 3738
2414 3102
381 1863
1455 1703
3027 3429
201 530
788 1181
1200 1217
3296 3703
3248 3249
3768 3884
3951 3968
2292 3752
2212 3150
2467 2801
1593 3304
1695 2234
3192 3315
3920 3983
3124 3202
1409 2258
393 3927
712 1407
411 1243
3109 3398
3837 3921
3147 3560
3103 3885
1086 1378
3527 3900
2966 3992
968 1009
3668 3905
3653 3874
1028 3140
1182 1784
89 1547
3165 3821
3874 3992
2688 3816
3632 3983
471 1471
3312 3509
1884 2048
2723 3379
382 2551
608 3468
3860 3950
995 3236
3898 3909
1478 3235
1888 3613
2432 2632
155 3870
2118 3332
3130 3826
2131 2843
3761 3914
1819 2983
146 3825
1429 2865
657 2663
2993 3410
2170 2839
2942 3885
1515 1596
2388 3188
3771 3794
939 1641
368 1835
939 1564
600 2116
1955 2327
1126 2759
1629 3754
1163 2335
2986 3099
2763 2897
2181 3814
3043 3944
2391 3830
2023 2983
157 2772
3186 3541
2415 3522
2325 3046
230 470
1509 1636
1263 2455
918 1938
1102 2940
299 518
14 1659
108 1198
1212 1980
1674 3841
772 2287
2054 2338
20 965
3375 3450
432 615
2169 2591
1025 1370
3156 3614
258 3640
3120 3672
3659 3799
1771 2246
3122 3477
1398 1673
380 599
1673 3373
1735 3011
3364 3404
2132 3298
3483 3950
571 3370
3274 3652
1380 3553
738 1147
2329 3608
3411 3802
2862 3708
2502 2507
473 530
2822 2832
660 3297
2899 2973
3573 3668
3009 3828
457 728
3891 3908
880 3473
1093 2497
467 2945
775 1846
3186 3440
538 2968
1123 1443
132 2269
1373 3323
2106 3050
1659 2177
3473 3822
1681 3144
970 1901
2336 2909
2118 2342
3072 3577
2226 3218
2339 3986
1566 2872
3111 3767
1617 1794
557 3060
2076 3166
114 3217
1915 2765
3824 3940
3369 3826
3884 3980
3286 3835
3406 3999
1608 2777
1051 2148
1434 3408
1865 2510
1189 3985
1983 2507
1448 3807
3394 3600
65 2835
2540 3615
2970 3658
674 2711
3414 3449
307 1036
597 1816
2621 3330
3909 3937
20 1477
789 2809
3147 3555
3395 3970
607 3379
2527 3520
2651 3847
3021 3732
208 2246
1208 1329
3300 3590
1299 3453
3563 3757
2923 3463
3882 3996
2307 3448
1006 1777
2762 3102
688 2456
1656 1709
975 1434
173 2480
890 891
2203 2548
656 2341
1420 3081
853 3133
1607 1747
809 3110
1211 1295
1130 3865
2193 2484
2736 3945
2273 3151
378 3953
3066 3215
2712 3973
1255 2830
628 1149
2598 2880
2582 3533
3511 3957
545 764
813 1461
762 1562
948 1092
3422 3951
931 1867
2724 2998
1816 1847
2583 3174
3789 3976
3840 3927
2642 3070
880 1620
2584 2743
357 2868
3208 3422
1045 2754
1725 2375
3189 3668
87 441
3399 3657
1723 2316
446 713
1628 1898
3675 3851
2316 3146
3766 3843
1791 3109
687 1383
2536 2871
2243 2269
2835 3156
813 3513
208 2564
3457 3604
279 3406
1814 2769
364 1594
3887 3889
2328 2394
3727 3994
2872 3092
1775 3879
1813 2707
626 1726
394 739
581 3480
1780 3191
386 431
1922 2813
2234 3214
363 2243
2711 3614
1337 2418
1943 3301
469 3232
1310 3317
2199 3170
602 2218
2096 3149
3464 3647
746 1465
331 2723
3721 3934
2891 3326
3498 3951
1444 1511
3253 3945
2721 2833
1417 1439
2949 3570
3985 3996
1074 3036
2238 3335
2082 3461
3955 3975
140 1481
263 1193
3572 3839
3534 3705
2613 3680
229 1297
2179 2458
1079 3582
951 1981
3263 3334
3161 3206
571 3182
1081 1140
3565 3918
3800 3925
1186 1249
1415 2054
1424 2045
1025 3934
360 2906
1104 3712
2350 3131
2840 3975
2289 2584
3733 3793
3945 3967
549 2927
3889 3945
3036 3053
1562 3624
3319 3803
355 3131
2948 3568
2344 2668
3595 3662
2908 3036
651 1829
1108 2528
3791 3900
1105 3816
1893 2893
732 2911
2605 2919
3342 3900
2198 3720
3155 3571
3989 3997
2631 3309
770 3126
3796 3870
1528 1724
3635 3737
1287 1961
1299 3865
1066 1292
2310 3979
3589 3794
3154 3273
2179 2457
487 2884
104 2004
3695 3869
2948 3008
2709 3194
650 3068
1554 3422
2924 3878
3268 3655
2510 2966
2523 3460
544 3218
1540 1646
351 1023
296 1965
3892 3898
912 1551
3823 3967
1707 3614
3469 3915
3232 3759
3364 3838
588 2642
3945 3993
2650 3263
542 2070
2016 3037
2407 2602
421 3202
3284 3996
3083 3401
2005 2071
3402 3708
1188 1950
546 1434
771 3109
1728 1822
3189 3350
2659 3902
267 678
3060 3672
2289 2583
246 2862
843 2988
542 3473
1215 2323
2464 2815
2822 3039
1274 2519
3 2376
2464 2925
3525 3879
3585 3798
1547 2128
3040 3528
984 1701
629 3577
2853 3618
155 3002
3973 3980
2093 2261
2311 3225
548 714
3205 3449
353 744
1841 2123
1585 3365
2209 2883
277 2228
3860 3914
1275 1687
2390 3030
985 2337
1704 3260
2479 3020
1789 1922
1481 2504
2279 3832
313 2283
1631 3547
3088 3529
499 919
3486 3743
2380 3521
1692 2820
2322 3643
2456 3631
2811 3132
3499 3672
1818 3973
1328 2390
2204 2833
1700 2305
3406 3595
293 1559
2730 3557
1301 2799
2354 3883
751 2874
2841 3228
918 3980
1873 3745
1204 1221
174 1837
1776 3737
64 2296
2531 3208
1086 2057
787 1966
2864 3133
3170 3998
3689 3854
2420 3183
2746 2767
1255 1893
1494 3749
547 1701
2629 3465
805 3649
1079 1771
1558 2134
1933 3112
289 846
1227 2570
454 3250
3114 3558
3959 3970
2701 3020
2391 2839
3603 3657
1891 3028
1932 2511
1390 1676
2982 3922
2405 2776
2647 3894
3791 3824
829 916
3846 3930
2508 2787
313 948
974 2854
830 868
2092 2376
645 842
3661 3819
2702 2842
2489 2971
1462 3943
1120 1700
3974 3975
74 430
2249 3061
1697 3966
3226 3690
352 3535
2653 3744
3514 3949
1523 3732
2807 2856
3126 3474
789 3676
3424 3998
3984 3998
3240 3801
2508 2975
749 3874
673 941
1073 3336
3255 3595
3577 3939
2059 3196
2973 3157
2372 3203
333 2339
757 2231
1426 1931
3310 3398
2326 3273
2549 3990
3937 3972
1804 3640
2714 3812
3142 3417
3545 3866
2528 3981
1932 3013
1406 2103
3788 3942
1842 2314
2013 2628
2028 2719
3889 3972
2336 3048
69 1817
1293 2112
817 3899
2165 3197
266 321
1271 2363
2650 3119
2628 3895
1981 2733
3846 3875
741 3611
