800 1600
449 532
477 718
299 620
569 671
596 669
525 617
45 78
71 701
737 758
501 723
672 673
109 131
516 627
114 288
189 545
247 689
482 555
440 497
396 722
472 633
41 404
102 795
697 721
198 472
780 796
664 701
278 563
712 796
644 663
221 517
179 467
625 746
749 750
729 740
344 590
282 441
542 782
502 668
543 681
214 243
625 666
500 508
334 630
655 728
734 758
655 676
724 759
65 268
423 543
711 796
472 538
574 705
205 499
310 756
616 750
328 526
481 648
187 734
301 704
340 671
674 730
251 593
329 764
528 700
153 758
541 563
225 469
173 566
759 786
340 582
542 720
675 745
644 744
794 798
458 611
298 792
682 794
795 797
168 716
430 648
724 728
319 746
793 798
315 757
485 750
154 719
729 773
587 698
319 624
160 780
140 156
30 550
498 710
376 774
285 382
367 420
331 513
580 745
442 460
301 611
709 719
158 373
637 672
281 797
470 546
312 772
263 756
274 629
135 702
438 765
483 679
182 214
661 662
555 723
791 793
190 617
364 405
544 661
103 436
700 745
704 734
445 646
336 519
437 607
781 795
45 419
384 542
205 294
738 760
7 48
674 676
561 645
610 717
221 397
273 485
480 509
690 764
648 654
718 789
430 511
381 590
626 750
329 734
563 666
191 656
576 606
319 738
704 745
56 680
80 477
534 752
511 675
396 768
473 653
319 471
697 702
754 772
190 681
797 798
670 699
208 342
188 508
774 799
104 791
58 452
45 641
175 658
528 653
524 778
228 568
362 428
422 568
63 718
258 468
466 697
294 559
6 49
529 747
548 699
745 749
774 779
280 641
383 634
53 202
41 597
496 543
46 72
167 430
371 685
653 794
582 765
652 777
575 764
386 586
606 731
414 441
260 450
490 653
226 346
669 720
112 759
390 565
689 765
425 466
721 784
782 798
641 645
524 761
106 204
170 575
349 592
392 689
316 754
694 772
37 412
193 751
193 305
390 749
12 389
477 748
630 775
127 187
384 433
72 662
197 627
425 634
328 769
329 603
650 672
372 668
366 492
287 350
209 640
436 687
474 662
23 70
325 409
431 495
111 772
146 228
405 770
175 597
619 738
786 792
126 172
387 682
641 709
79 246
134 245
190 267
267 728
798 799
674 778
696 795
625 637
205 446
51 238
778 793
782 795
465 767
399 641
398 422
641 779
666 676
419 609
776 795
418 772
260 386
654 729
595 649
37 492
19 129
190 451
26 27
118 337
797 798
481 598
165 664
195 477
259 349
135 670
730 736
645 648
441 724
125 255
355 563
286 343
146 228
378 556
530 639
497 642
731 760
399 741
659 779
106 669
519 789
413 444
272 797
590 598
555 705
749 754
616 631
424 480
769 799
79 514
204 402
665 730
657 661
601 666
604 760
192 207
37 286
33 323
270 629
677 796
137 354
257 518
493 702
286 384
254 554
140 615
85 674
647 723
347 740
375 398
485 576
142 757
424 474
460 711
111 705
53 327
657 692
368 712
403 535
27 123
544 689
597 700
314 525
19 413
292 488
792 796
541 729
370 436
523 537
300 421
483 502
215 494
705 777
502 774
730 743
111 693
444 537
621 644
16 760
371 743
237 780
773 779
20 82
564 638
504 574
336 711
751 781
288 707
40 629
556 759
589 631
240 621
548 706
237 637
231 668
515 557
167 220
386 408
137 767
472 770
468 558
49 618
763 790
55 336
261 746
649 749
426 562
309 429
517 520
177 335
177 264
42 307
571 719
294 433
155 521
466 616
318 531
580 596
441 651
741 782
745 789
320 600
95 740
146 416
13 754
8 31
722 787
736 791
497 600
296 430
385 652
27 716
38 547
274 618
303 346
100 741
161 468
634 696
446 776
480 645
618 627
775 782
391 639
675 778
195 263
408 645
186 206
636 703
452 764
200 524
395 558
587 790
448 457
137 514
537 609
304 440
697 754
790 794
502 730
411 682
247 771
552 768
41 339
514 517
710 719
649 675
788 794
205 324
370 461
748 777
765 792
575 752
521 641
440 472
439 680
244 420
496 656
82 610
220 600
650 765
727 793
408 588
506 769
410 510
509 616
634 785
351 779
294 680
486 513
125 671
290 296
623 683
265 290
217 530
3 547
750 756
351 382
611 650
405 567
513 554
374 667
213 453
86 747
562 759
644 739
508 566
25 481
670 747
434 464
234 518
519 668
721 758
121 594
481 636
467 641
535 743
553 568
742 778
556 610
180 631
533 558
198 763
115 381
156 631
123 628
118 444
475 486
719 762
58 394
392 746
769 774
136 631
690 766
199 425
530 773
365 755
784 797
395 602
613 624
232 570
480 736
132 327
468 706
317 335
168 575
147 516
26 303
566 758
531 779
458 662
554 677
361 697
226 349
245 586
409 427
268 679
367 565
290 394
320 670
254 728
598 610
117 371
216 532
607 784
195 550
403 721
323 549
568 597
557 613
609 727
356 566
795 798
283 363
630 668
549 716
572 750
477 485
317 652
174 229
175 506
480 681
27 560
784 788
734 737
403 788
444 659
193 322
153 268
721 797
64 229
525 567
60 727
699 744
583 745
332 353
643 795
596 700
373 398
486 607
525 799
623 732
317 320
312 646
135 731
628 745
194 245
598 785
574 654
462 472
274 750
470 707
650 757
281 589
709 755
673 750
299 706
632 742
642 674
487 729
360 545
26 596
221 294
447 533
479 598
122 465
517 697
440 594
159 288
785 786
657 681
299 577
570 783
16 656
286 515
271 643
691 732
371 727
613 706
582 666
189 727
219 778
404 587
456 638
642 675
462 535
690 769
256 678
557 746
451 638
489 625
500 746
239 348
583 607
619 708
399 722
668 679
425 650
488 625
367 612
551 775
279 731
694 711
94 374
695 782
783 797
512 700
253 255
50 777
552 599
528 609
203 231
744 786
245 531
584 675
89 745
37 118
257 384
245 292
762 771
559 576
699 745
650 789
641 745
335 603
24 734
16 405
56 654
10 513
284 725
705 729
299 557
150 549
55 274
180 510
629 760
279 518
771 792
216 378
559 748
256 448
299 578
759 782
561 715
402 764
322 584
605 741
612 750
737 795
744 794
592 655
718 792
382 491
51 163
613 644
61 506
240 516
698 744
333 556
466 671
566 704
183 458
548 705
428 620
660 777
311 347
260 709
521 787
195 560
275 365
34 532
324 564
618 722
537 599
146 799
169 265
704 762
285 794
700 757
591 790
696 766
589 755
197 469
775 784
574 577
269 654
134 235
390 683
82 121
501 553
642 756
152 763
88 496
678 776
277 302
237 454
616 672
256 519
490 595
183 434
402 718
797 798
482 685
365 481
217 645
768 771
317 773
360 446
244 776
409 668
456 609
524 744
382 710
205 412
108 450
526 791
128 548
568 593
340 628
321 758
79 497
418 642
232 430
568 581
637 769
146 601
639 653
320 428
630 779
268 321
418 482
133 644
516 712
601 611
73 747
364 396
553 660
470 730
180 370
427 750
662 696
29 545
391 767
252 479
729 779
467 590
314 635
61 791
621 696
402 547
607 657
548 749
25 698
67 670
37 595
179 593
226 385
154 340
346 527
296 540
752 770
659 768
478 581
537 710
44 124
421 758
265 428
686 696
302 472
112 223
757 764
557 777
719 748
88 455
613 620
772 778
239 569
717 739
72 693
696 763
444 759
137 387
702 709
339 585
351 429
216 657
651 672
653 696
246 753
727 782
720 799
393 464
529 758
379 576
133 294
233 591
149 746
529 667
772 790
605 781
749 779
385 536
558 646
241 422
608 663
219 491
405 627
441 518
698 742
428 524
563 635
376 711
306 487
242 300
622 768
325 353
426 499
639 789
325 652
381 720
224 563
374 707
46 491
405 674
439 498
344 777
114 670
196 673
457 646
138 160
109 651
188 389
147 641
432 697
341 434
174 680
426 775
760 777
475 531
386 759
198 720
174 435
512 733
559 727
565 722
280 619
91 156
591 750
13 82
474 768
271 479
103 106
375 577
387 532
55 537
73 794
434 743
786 792
14 198
716 773
106 688
303 546
751 760
56 315
679 680
190 693
160 306
259 544
728 763
377 799
71 337
475 546
209 733
655 793
519 682
584 609
748 789
261 669
571 587
180 791
680 746
151 547
318 716
667 728
746 760
135 555
208 787
678 796
338 399
490 504
766 778
157 592
521 568
519 550
480 684
296 680
653 762
138 290
532 592
322 457
763 798
725 742
425 511
654 767
119 647
63 586
348 430
145 187
320 331
195 776
349 471
551 569
635 645
569 720
309 513
105 374
28 419
178 341
735 778
553 617
536 706
472 627
75 405
682 762
179 433
586 695
175 765
471 698
105 422
687 777
362 478
575 631
384 403
791 792
195 592
170 523
75 198
67 114
165 608
467 577
516 766
561 588
474 578
36 70
527 680
603 627
642 691
581 630
531 580
38 335
37 357
112 284
68 335
584 604
738 741
216 725
331 494
329 633
516 550
212 731
423 438
720 763
583 597
25 495
601 775
348 470
742 767
295 336
243 400
232 745
284 647
146 700
232 360
20 213
234 295
421 547
591 761
376 641
370 483
113 264
504 725
268 551
517 572
624 795
590 671
689 715
79 181
332 365
639 784
422 781
273 489
737 753
602 613
427 750
409 675
221 646
288 491
637 734
207 478
107 177
29 320
222 593
86 541
224 349
190 792
446 592
783 799
49 651
470 712
436 760
557 783
241 442
650 714
793 794
475 562
232 387
546 580
722 786
102 313
374 681
672 700
430 557
753 784
411 601
153 609
722 761
258 414
199 384
355 447
361 754
322 580
399 418
482 640
715 778
255 291
613 796
493 717
402 773
383 596
471 719
98 279
791 796
214 569
61 183
517 667
489 586
654 728
472 668
653 729
355 558
198 588
465 750
413 594
185 477
651 723
33 550
541 681
401 438
472 491
176 768
193 757
132 248
236 611
512 796
77 487
563 604
499 618
281 689
553 634
561 642
171 353
754 775
581 614
342 649
50 498
147 454
605 606
244 776
694 704
284 742
234 746
230 487
686 738
178 756
554 613
798 799
104 266
218 757
505 764
116 217
14 540
567 725
335 749
151 214
218 373
399 687
52 230
344 431
736 739
146 211
97 174
789 792
136 295
53 80
515 771
762 770
575 622
334 397
130 296
542 704
485 729
382 405
377 778
443 472
694 793
44 436
208 225
509 692
413 474
375 693
137 490
96 221
59 113
794 798
268 362
250 273
667 772
581 748
450 453
399 428
658 682
790 797
598 705
537 733
7 745
790 792
292 552
287 552
331 526
684 745
331 581
605 794
520 561
707 731
37 182
580 632
508 734
289 648
488 498
96 744
670 707
15 364
754 792
521 642
694 794
782 796
519 565
694 797
142 771
130 524
424 460
476 741
513 561
323 737
770 784
299 749
743 780
127 128
600 665
695 763
786 796
630 749
545 793
374 425
318 651
712 724
546 560
512 675
182 234
27 66
692 696
734 784
587 735
510 598
589 794
275 449
592 630
331 395
240 783
70 453
695 737
60 578
259 470
80 390
438 699
645 780
494 753
18 453
547 652
85 565
716 762
689 712
332 605
494 690
473 736
528 668
759 760
729 762
517 738
508 617
511 556
549 721
204 277
44 291
83 234
740 793
332 377
453 785
344 406
537 660
6 518
468 602
385 653
755 760
481 496
742 745
525 659
420 772
46 323
632 654
428 786
373 746
770 784
102 175
699 788
87 220
662 664
395 779
662 685
268 705
604 674
40 455
606 768
447 689
36 267
259 454
765 779
48 427
497 780
307 432
622 717
197 606
121 576
664 774
598 759
648 769
450 750
403 685
377 714
648 769
585 707
468 578
626 780
453 511
432 721
537 547
712 791
610 651
377 784
596 773
17 708
94 220
713 763
370 745
563 702
739 773
173 416
684 688
468 539
30 258
23 590
669 793
308 539
353 729
465 655
438 747
409 750
432 710
592 746
215 382
701 754
92 526
606 668
547 723
162 260
432 719
783 796
229 657
66 406
464 563
546 779
250 253
787 793
759 798
682 710
721 753
55 432
395 398
556 762
22 107
735 737
234 384
746 783
623 760
171 727
136 152
469 611
205 320
303 631
547 779
568 585
126 243
231 688
776 799
177 793
590 726
67 245
796 799
369 755
506 621
680 751
749 786
441 504
175 522
792 799
145 228
786 796
294 402
129 152
255 564
265 791
744 775
635 711
23 146
322 470
529 697
598 765
750 798
5 555
779 795
447 759
36 400
485 775
17 107
757 764
307 664
493 576
71 295
465 666
205 483
171 747
425 660
319 437
33 370
549 782
483 784
666 669
210 514
87 243
121 161
449 593
553 762
500 783
156 475
486 554
576 759
776 799
532 754
726 755
761 790
718 721
554 628
514 635
346 467
589 715
159 680
442 646
631 648
534 549
380 705
663 763
254 492
72 427
277 484
413 532
575 761
765 777
510 687
378 474
300 501
688 777
213 221
198 362
777 787
483 616
105 779
555 768
776 795
233 470
462 787
235 397
152 633
133 382
118 447
570 638
746 783
135 347
188 229
538 565
131 473
217 305
219 390
3 480
629 646
72 774
760 779
413 517
759 782
145 242
656 666
349 521
139 355
588 776
367 620
47 181
611 629
370 640
55 767
382 395
405 447
583 682
353 439
642 745
171 559
81 259
148 371
26 474
605 777
223 693
279 705
703 789
692 697
640 713
541 693
748 794
436 539
189 339
514 671
416 425
622 682
607 708
465 717
461 752
252 692
561 741
106 452
575 745
514 691
582 603
3 266
434 718
574 673
411 660
257 348
141 164
439 655
99 401
220 707
372 703
17 697
175 432
533 623
675 739
212 290
620 792
352 595
704 761
138 426
628 649
154 227
377 443
270 577
394 483
380 440
134 477
729 738
289 337
691 777
168 582
515 630
475 489
18 324
708 750
459 755
667 724
354 765
416 681
634 655
508 709
113 703
362 436
62 64
453 765
458 506
784 796
377 719
508 732
457 738
335 491
262 316
491 696
686 711
755 787
361 448
396 558
245 551
279 545
116 623
367 767
31 69
545 741
231 791
479 531
691 751
394 489
366 372
222 560
71 564
116 616
69 456
32 489
306 698
590 708
20 721
79 291
41 408
37 766
526 600
738 749
456 488
422 724
61 489
744 756
754 791
36 685
145 642
77 367
479 561
747 799
334 745
111 310
202 625
420 475
450 481
46 478
30 651
